2.500009800000000178e+04 7.427950439453125000e+02
2.500018100000000049e+04 7.428005371093750000e+02
2.500026399999999921e+04 7.428074340820312500e+02
2.500034700000000157e+04 7.428148193359375000e+02
2.500043000000000029e+04 7.428212890625000000e+02
2.500051299999999901e+04 7.428172607421875000e+02
2.500059600000000137e+04 7.427949218750000000e+02
2.500067900000000009e+04 7.427748413085937500e+02
2.500076199999999881e+04 7.427794799804687500e+02
2.500084500000000116e+04 7.427846679687500000e+02
2.500092799999999988e+04 7.427886962890625000e+02
2.500101099999999860e+04 7.427933959960937500e+02
2.500109400000000096e+04 7.427981567382812500e+02
2.500117699999999968e+04 7.428032836914062500e+02
2.500125999999999840e+04 7.428100585937500000e+02
2.500134300000000076e+04 7.428176269531250000e+02
2.500142599999999948e+04 7.428240966796875000e+02
2.500150899999999820e+04 7.428218383789062500e+02
2.500159200000000055e+04 7.428018798828125000e+02
2.500167499999999927e+04 7.427817993164062500e+02
2.500175800000000163e+04 7.427864379882812500e+02
2.500184100000000035e+04 7.427916259765625000e+02
2.500192399999999907e+04 7.427956542968750000e+02
2.500200700000000143e+04 7.428003540039062500e+02
2.500209000000000015e+04 7.428050537109375000e+02
2.500217299999999886e+04 7.428102416992187500e+02
2.500225600000000122e+04 7.428170166015625000e+02
2.500233899999999994e+04 7.428245849609375000e+02
2.500242199999999866e+04 7.428310546875000000e+02
2.500250500000000102e+04 7.428287963867187500e+02
2.500258799999999974e+04 7.428087768554687500e+02
2.500267099999999846e+04 7.427886962890625000e+02
2.500275400000000081e+04 7.427933349609375000e+02
2.500283699999999953e+04 7.427985229492187500e+02
2.500291999999999825e+04 7.428025512695312500e+02
2.500300300000000061e+04 7.428072509765625000e+02
2.500308599999999933e+04 7.428119506835937500e+02
2.500316900000000169e+04 7.428171386718750000e+02
2.500325200000000041e+04 7.428239135742187500e+02
2.500333499999999913e+04 7.428314819335937500e+02
2.500341800000000148e+04 7.428379516601562500e+02
2.500350100000000020e+04 7.428356933593750000e+02
2.500358399999999892e+04 7.428156738281250000e+02
2.500366700000000128e+04 7.427955322265625000e+02
2.500375000000000000e+04 7.428001708984375000e+02
2.500383299999999872e+04 7.428053588867187500e+02
2.500391600000000108e+04 7.428094482421875000e+02
2.500399899999999980e+04 7.428141479492187500e+02
2.500408199999999852e+04 7.428188476562500000e+02
2.500416500000000087e+04 7.428239135742187500e+02
2.500424799999999959e+04 7.428306884765625000e+02
2.500433099999999831e+04 7.428382568359375000e+02
2.500441400000000067e+04 7.428447265625000000e+02
2.500449699999999939e+04 7.428424072265625000e+02
2.500458000000000175e+04 7.428223266601562500e+02
2.500466300000000047e+04 7.427985229492187500e+02
2.500474599999999919e+04 7.427982177734375000e+02
2.500482900000000154e+04 7.428032836914062500e+02
2.500491200000000026e+04 7.428076171875000000e+02
2.500499499999999898e+04 7.428121337890625000e+02
2.500507800000000134e+04 7.428168945312500000e+02
2.500516100000000006e+04 7.428219604492187500e+02
2.500524399999999878e+04 7.428284301757812500e+02
2.500532700000000114e+04 7.428358154296875000e+02
2.500540999999999985e+04 7.428425292968750000e+02
2.500549299999999857e+04 7.428419799804687500e+02
2.500557600000000093e+04 7.428261108398437500e+02
2.500565899999999965e+04 7.428023681640625000e+02
2.500574199999999837e+04 7.428020019531250000e+02
2.500582500000000073e+04 7.428070678710937500e+02
2.500590799999999945e+04 7.428114013671875000e+02
2.500599100000000180e+04 7.428159790039062500e+02
2.500607400000000052e+04 7.428206787109375000e+02
2.500615699999999924e+04 7.428257446289062500e+02
2.500624000000000160e+04 7.428322143554687500e+02
2.500632300000000032e+04 7.428395996093750000e+02
2.500640599999999904e+04 7.428463134765625000e+02
2.500648900000000140e+04 7.428457641601562500e+02
2.500657200000000012e+04 7.428298950195312500e+02
2.500665499999999884e+04 7.428060913085937500e+02
2.500673800000000119e+04 7.428057861328125000e+02
2.500682099999999991e+04 7.428108520507812500e+02
2.500690399999999863e+04 7.428151245117187500e+02
2.500698700000000099e+04 7.428197021484375000e+02
2.500706999999999971e+04 7.428244018554687500e+02
2.500715299999999843e+04 7.428294677734375000e+02
2.500723600000000079e+04 7.428359375000000000e+02
2.500731899999999951e+04 7.428433227539062500e+02
2.500740199999999822e+04 7.428500366210937500e+02
2.500748500000000058e+04 7.428494873046875000e+02
2.500756799999999930e+04 7.428336181640625000e+02
2.500765100000000166e+04 7.428097534179687500e+02
2.500773400000000038e+04 7.428094482421875000e+02
2.500781699999999910e+04 7.428145141601562500e+02
2.500790000000000146e+04 7.428187866210937500e+02
2.500798300000000017e+04 7.428233642578125000e+02
2.500806599999999889e+04 7.428280639648437500e+02
2.500814900000000125e+04 7.428330688476562500e+02
2.500823199999999997e+04 7.428395385742187500e+02
2.500831499999999869e+04 7.428469238281250000e+02
2.500839800000000105e+04 7.428536376953125000e+02
2.500848099999999977e+04 7.428530883789062500e+02
2.500856399999999849e+04 7.428370971679687500e+02
2.500864700000000084e+04 7.428096313476562500e+02
2.500872999999999956e+04 7.428043212890625000e+02
2.500881299999999828e+04 7.428093261718750000e+02
2.500889600000000064e+04 7.428137817382812500e+02
2.500897899999999936e+04 7.428182373046875000e+02
2.500906200000000172e+04 7.428229370117187500e+02
2.500914500000000044e+04 7.428279418945312500e+02
2.500922799999999916e+04 7.428341064453125000e+02
2.500931100000000151e+04 7.428413085937500000e+02
2.500939400000000023e+04 7.428482666015625000e+02
2.500947699999999895e+04 7.428494262695312500e+02
2.500956000000000131e+04 7.428414916992187500e+02
2.500964300000000003e+04 7.428139648437500000e+02
2.500972599999999875e+04 7.428086547851562500e+02
2.500980900000000111e+04 7.428136596679687500e+02
2.500989199999999983e+04 7.428181152343750000e+02
2.500997499999999854e+04 7.428225708007812500e+02
2.501005800000000090e+04 7.428272705078125000e+02
2.501014099999999962e+04 7.428322753906250000e+02
2.501022399999999834e+04 7.428384399414062500e+02
2.501030700000000070e+04 7.428456420898437500e+02
2.501038999999999942e+04 7.428526000976562500e+02
2.501047300000000178e+04 7.428537597656250000e+02
2.501055600000000049e+04 7.428457641601562500e+02
2.501063899999999921e+04 7.428182983398437500e+02
2.501072200000000157e+04 7.428129882812500000e+02
2.501080500000000029e+04 7.428179321289062500e+02
2.501088799999999901e+04 7.428224487304687500e+02
2.501097100000000137e+04 7.428269042968750000e+02
2.501105400000000009e+04 7.428316040039062500e+02
2.501113699999999881e+04 7.428366088867187500e+02
2.501122000000000116e+04 7.428427124023437500e+02
2.501130299999999988e+04 7.428499755859375000e+02
2.501138599999999860e+04 7.428568725585937500e+02
2.501146900000000096e+04 7.428580322265625000e+02
2.501155199999999968e+04 7.428500366210937500e+02
2.501163499999999840e+04 7.428225097656250000e+02
2.501171800000000076e+04 7.428171997070312500e+02
2.501180099999999948e+04 7.428221435546875000e+02
2.501188399999999820e+04 7.428266601562500000e+02
2.501196700000000055e+04 7.428311157226562500e+02
2.501204999999999927e+04 7.428358154296875000e+02
2.501213300000000163e+04 7.428406982421875000e+02
2.501221600000000035e+04 7.428468627929687500e+02
2.501229899999999907e+04 7.428541259765625000e+02
2.501238200000000143e+04 7.428610229492187500e+02
2.501246500000000015e+04 7.428621826171875000e+02
2.501254799999999886e+04 7.428541259765625000e+02
2.501263100000000122e+04 7.428265380859375000e+02
2.501271399999999994e+04 7.428162841796875000e+02
2.501279699999999866e+04 7.428211059570312500e+02
2.501288000000000102e+04 7.428258666992187500e+02
2.501296299999999974e+04 7.428302001953125000e+02
2.501304599999999846e+04 7.428348999023437500e+02
2.501312900000000081e+04 7.428397827148437500e+02
2.501321199999999953e+04 7.428458862304687500e+02
2.501329499999999825e+04 7.428530273437500000e+02
2.501337800000000061e+04 7.428601074218750000e+02
2.501346099999999933e+04 7.428630981445312500e+02
2.501354400000000169e+04 7.428571777343750000e+02
2.501362700000000041e+04 7.428319702148437500e+02
2.501370999999999913e+04 7.428217163085937500e+02
2.501379300000000148e+04 7.428265380859375000e+02
2.501387600000000020e+04 7.428312988281250000e+02
2.501395899999999892e+04 7.428355712890625000e+02
2.501404200000000128e+04 7.428402709960937500e+02
2.501412500000000000e+04 7.428452148437500000e+02
2.501420799999999872e+04 7.428510131835937500e+02
2.501429100000000108e+04 7.428580932617187500e+02
2.501437399999999980e+04 7.428652343750000000e+02
2.501445699999999852e+04 7.428681640625000000e+02
2.501454000000000087e+04 7.428623046875000000e+02
2.501462299999999959e+04 7.428368530273437500e+02
2.501470599999999831e+04 7.428265380859375000e+02
2.501478900000000067e+04 7.428313598632812500e+02
2.501487199999999939e+04 7.428361206054687500e+02
2.501495500000000175e+04 7.428404541015625000e+02
2.501503800000000047e+04 7.428451538085937500e+02
2.501512099999999919e+04 7.428500366210937500e+02
2.501520400000000154e+04 7.428558349609375000e+02
2.501528700000000026e+04 7.428629150390625000e+02
2.501536999999999898e+04 7.428700561523437500e+02
2.501545300000000134e+04 7.428729858398437500e+02
2.501553600000000006e+04 7.428671264648437500e+02
2.501561899999999878e+04 7.428416137695312500e+02
2.501570200000000114e+04 7.428312988281250000e+02
2.501578499999999985e+04 7.428361816406250000e+02
2.501586799999999857e+04 7.428408813476562500e+02
2.501595100000000093e+04 7.428452148437500000e+02
2.501603399999999965e+04 7.428499145507812500e+02
2.501611699999999837e+04 7.428547363281250000e+02
2.501620000000000073e+04 7.428605346679687500e+02
2.501628299999999945e+04 7.428676147460937500e+02
2.501636600000000180e+04 7.428747558593750000e+02
2.501644900000000052e+04 7.428776855468750000e+02
2.501653199999999924e+04 7.428718261718750000e+02
2.501661500000000160e+04 7.428462524414062500e+02
2.501669800000000032e+04 7.428309326171875000e+02
2.501678099999999904e+04 7.428356323242187500e+02
2.501686400000000140e+04 7.428405761718750000e+02
2.501694700000000012e+04 7.428447875976562500e+02
2.501702999999999884e+04 7.428494873046875000e+02
2.501711300000000119e+04 7.428543090820312500e+02
2.501719599999999991e+04 7.428601074218750000e+02
2.501727899999999863e+04 7.428670654296875000e+02
2.501736200000000099e+04 7.428741455078125000e+02
2.501744499999999971e+04 7.428788452148437500e+02
2.501752799999999843e+04 7.428747558593750000e+02
2.501761100000000079e+04 7.428515625000000000e+02
2.501769399999999951e+04 7.428361816406250000e+02
2.501777699999999822e+04 7.428409423828125000e+02
2.501786000000000058e+04 7.428458862304687500e+02
2.501794299999999930e+04 7.428500976562500000e+02
2.501802600000000166e+04 7.428547973632812500e+02
2.501810900000000038e+04 7.428596191406250000e+02
2.501819199999999910e+04 7.428651123046875000e+02
2.501827500000000146e+04 7.428720092773437500e+02
2.501835800000000017e+04 7.428793945312500000e+02
2.501844099999999889e+04 7.428840942382812500e+02
2.501852400000000125e+04 7.428799438476562500e+02
2.501860699999999997e+04 7.428569335937500000e+02
2.501868999999999869e+04 7.428416137695312500e+02
2.501877300000000105e+04 7.428463134765625000e+02
2.501885599999999977e+04 7.428512573242187500e+02
2.501893899999999849e+04 7.428554687500000000e+02
2.501902200000000084e+04 7.428601684570312500e+02
2.501910499999999956e+04 7.428649902343750000e+02
2.501918799999999828e+04 7.428704833984375000e+02
2.501927100000000064e+04 7.428774414062500000e+02
2.501935399999999936e+04 7.428847656250000000e+02
2.501943700000000172e+04 7.428894653320312500e+02
2.501952000000000044e+04 7.428853149414062500e+02
2.501960299999999916e+04 7.428622436523437500e+02
2.501968600000000151e+04 7.428469238281250000e+02
2.501976900000000023e+04 7.428516845703125000e+02
2.501985199999999895e+04 7.428566284179687500e+02
2.501993500000000131e+04 7.428607788085937500e+02
