2.500009800000000178e+04 4.906117553710937500e+02
2.500018100000000049e+04 4.906167907714843750e+02
2.500026399999999921e+04 4.906234741210937500e+02
2.500034700000000157e+04 4.906303100585937500e+02
2.500043000000000029e+04 4.906351013183593750e+02
2.500051299999999901e+04 4.906239624023437500e+02
2.500059600000000137e+04 4.905679321289062500e+02
2.500067900000000009e+04 4.905299682617187500e+02
2.500076199999999881e+04 4.905326843261718750e+02
2.500084500000000116e+04 4.905371704101562500e+02
2.500092799999999988e+04 4.905403747558593750e+02
2.500101099999999860e+04 4.905444030761718750e+02
2.500109400000000096e+04 4.905484924316406250e+02
2.500117699999999968e+04 4.905531616210937500e+02
2.500125999999999840e+04 4.905596618652343750e+02
2.500134300000000076e+04 4.905670166015625000e+02
2.500142599999999948e+04 4.905718078613281250e+02
2.500150899999999820e+04 4.905629577636718750e+02
2.500159200000000055e+04 4.905112915039062500e+02
2.500167499999999927e+04 4.904732971191406250e+02
2.500175800000000163e+04 4.904760437011718750e+02
2.500184100000000035e+04 4.904804992675781250e+02
2.500192399999999907e+04 4.904837341308593750e+02
2.500200700000000143e+04 4.904877319335937500e+02
2.500209000000000015e+04 4.904918212890625000e+02
2.500217299999999886e+04 4.904965209960937500e+02
2.500225600000000122e+04 4.905029907226562500e+02
2.500233899999999994e+04 4.905103759765625000e+02
2.500242199999999866e+04 4.905151672363281250e+02
2.500250500000000102e+04 4.905063171386718750e+02
2.500258799999999974e+04 4.904545898437500000e+02
2.500267099999999846e+04 4.904165954589843750e+02
2.500275400000000081e+04 4.904193115234375000e+02
2.500283699999999953e+04 4.904237976074218750e+02
2.500291999999999825e+04 4.904270324707031250e+02
2.500300300000000061e+04 4.904310302734375000e+02
2.500308599999999933e+04 4.904351196289062500e+02
2.500316900000000169e+04 4.904397888183593750e+02
2.500325200000000041e+04 4.904462890625000000e+02
2.500333499999999913e+04 4.904536437988281250e+02
2.500341800000000148e+04 4.904584350585937500e+02
2.500350100000000020e+04 4.904495849609375000e+02
2.500358399999999892e+04 4.903978271484375000e+02
2.500366700000000128e+04 4.903598022460937500e+02
2.500375000000000000e+04 4.903625488281250000e+02
2.500383299999999872e+04 4.903670043945312500e+02
2.500391600000000108e+04 4.903702392578125000e+02
2.500399899999999980e+04 4.903742370605468750e+02
2.500408199999999852e+04 4.903783569335937500e+02
2.500416500000000087e+04 4.903829040527343750e+02
2.500424799999999959e+04 4.903894042968750000e+02
2.500433099999999831e+04 4.903967590332031250e+02
2.500441400000000067e+04 4.904015502929687500e+02
2.500449699999999939e+04 4.903927001953125000e+02
2.500458000000000175e+04 4.903408203125000000e+02
2.500466300000000047e+04 4.902979125976562500e+02
2.500474599999999919e+04 4.902924804687500000e+02
2.500482900000000154e+04 4.902966003417968750e+02
2.500491200000000026e+04 4.903000793457031250e+02
2.500499499999999898e+04 4.903039245605468750e+02
2.500507800000000134e+04 4.903079528808593750e+02
2.500516100000000006e+04 4.903125305175781250e+02
2.500524399999999878e+04 4.903186645507812500e+02
2.500532700000000114e+04 4.903258666992187500e+02
2.500540999999999985e+04 4.903311767578125000e+02
2.500549299999999857e+04 4.903250427246093750e+02
2.500557600000000093e+04 4.902805175781250000e+02
2.500565899999999965e+04 4.902376098632812500e+02
2.500574199999999837e+04 4.902321777343750000e+02
2.500582500000000073e+04 4.902362976074218750e+02
2.500590799999999945e+04 4.902398071289062500e+02
2.500599100000000180e+04 4.902436523437500000e+02
2.500607400000000052e+04 4.902477416992187500e+02
2.500615699999999924e+04 4.902522888183593750e+02
2.500624000000000160e+04 4.902584228515625000e+02
2.500632300000000032e+04 4.902655944824218750e+02
2.500640599999999904e+04 4.902709045410156250e+02
2.500648900000000140e+04 4.902647705078125000e+02
2.500657200000000012e+04 4.902202148437500000e+02
2.500665499999999884e+04 4.901772766113281250e+02
2.500673800000000119e+04 4.901718444824218750e+02
2.500682099999999991e+04 4.901759948730468750e+02
2.500690399999999863e+04 4.901794738769531250e+02
2.500698700000000099e+04 4.901833190917968750e+02
2.500706999999999971e+04 4.901874084472656250e+02
2.500715299999999843e+04 4.901919555664062500e+02
2.500723600000000079e+04 4.901980895996093750e+02
2.500731899999999951e+04 4.902052612304687500e+02
2.500740199999999822e+04 4.902105712890625000e+02
2.500748500000000058e+04 4.902044372558593750e+02
2.500756799999999930e+04 4.901598510742187500e+02
2.500765100000000166e+04 4.901169128417968750e+02
2.500773400000000038e+04 4.901114807128906250e+02
2.500781699999999910e+04 4.901156005859375000e+02
2.500790000000000146e+04 4.901190795898437500e+02
2.500798300000000017e+04 4.901229248046875000e+02
2.500806599999999889e+04 4.901270446777343750e+02
2.500814900000000125e+04 4.901314697265625000e+02
2.500823199999999997e+04 4.901376037597656250e+02
2.500831499999999869e+04 4.901447753906250000e+02
2.500839800000000105e+04 4.901500854492187500e+02
2.500848099999999977e+04 4.901439208984375000e+02
2.500856399999999849e+04 4.900992431640625000e+02
2.500864700000000084e+04 4.900513916015625000e+02
2.500872999999999956e+04 4.900377807617187500e+02
2.500881299999999828e+04 4.900415649414062500e+02
2.500889600000000064e+04 4.900452880859375000e+02
2.500897899999999936e+04 4.900489807128906250e+02
2.500906200000000172e+04 4.900530090332031250e+02
2.500914500000000044e+04 4.900574340820312500e+02
2.500922799999999916e+04 4.900632019042968750e+02
2.500931100000000151e+04 4.900702514648437500e+02
2.500939400000000023e+04 4.900760498046875000e+02
2.500947699999999895e+04 4.900726318359375000e+02
2.500956000000000131e+04 4.900395507812500000e+02
2.500964300000000003e+04 4.899916992187500000e+02
2.500972599999999875e+04 4.899781188964843750e+02
2.500980900000000111e+04 4.899818725585937500e+02
2.500989199999999983e+04 4.899856262207031250e+02
2.500997499999999854e+04 4.899893188476562500e+02
2.501005800000000090e+04 4.899933776855468750e+02
2.501014099999999962e+04 4.899978332519531250e+02
2.501022399999999834e+04 4.900036010742187500e+02
2.501030700000000070e+04 4.900105895996093750e+02
2.501038999999999942e+04 4.900164184570312500e+02
2.501047300000000178e+04 4.900130004882812500e+02
2.501055600000000049e+04 4.899798889160156250e+02
2.501063899999999921e+04 4.899319763183593750e+02
2.501072200000000157e+04 4.899183654785156250e+02
2.501080500000000029e+04 4.899221496582031250e+02
2.501088799999999901e+04 4.899258728027343750e+02
2.501097100000000137e+04 4.899295654296875000e+02
2.501105400000000009e+04 4.899336242675781250e+02
2.501113699999999881e+04 4.899380798339843750e+02
2.501122000000000116e+04 4.899438476562500000e+02
2.501130299999999988e+04 4.899508666992187500e+02
2.501138599999999860e+04 4.899566955566406250e+02
2.501146900000000096e+04 4.899532470703125000e+02
2.501155199999999968e+04 4.899201049804687500e+02
2.501163499999999840e+04 4.898722229003906250e+02
2.501171800000000076e+04 4.898585815429687500e+02
2.501180099999999948e+04 4.898623657226562500e+02
2.501188399999999820e+04 4.898661193847656250e+02
2.501196700000000055e+04 4.898698120117187500e+02
2.501204999999999927e+04 4.898738708496093750e+02
2.501213300000000163e+04 4.898782043457031250e+02
2.501221600000000035e+04 4.898839721679687500e+02
2.501229899999999907e+04 4.898909912109375000e+02
2.501238200000000143e+04 4.898968200683593750e+02
2.501246500000000015e+04 4.898933715820312500e+02
2.501254799999999886e+04 4.898601379394531250e+02
2.501263100000000122e+04 4.898122253417968750e+02
2.501271399999999994e+04 4.897904052734375000e+02
2.501279699999999866e+04 4.897938232421875000e+02
2.501288000000000102e+04 4.897977905273437500e+02
2.501296299999999974e+04 4.898013305664062500e+02
2.501304599999999846e+04 4.898053894042968750e+02
2.501312900000000081e+04 4.898096923828125000e+02
2.501321199999999953e+04 4.898154602050781250e+02
2.501329499999999825e+04 4.898223266601562500e+02
2.501337800000000061e+04 4.898286437988281250e+02
2.501346099999999933e+04 4.898279418945312500e+02
2.501354400000000169e+04 4.898065795898437500e+02
2.501362700000000041e+04 4.897537536621093750e+02
2.501370999999999913e+04 4.897319335937500000e+02
2.501379300000000148e+04 4.897353515625000000e+02
2.501387600000000020e+04 4.897393493652343750e+02
2.501395899999999892e+04 4.897428894042968750e+02
2.501404200000000128e+04 4.897469177246093750e+02
2.501412500000000000e+04 4.897512512207031250e+02
2.501420799999999872e+04 4.897566528320312500e+02
2.501429100000000108e+04 4.897634887695312500e+02
2.501437399999999980e+04 4.897698059082031250e+02
2.501445699999999852e+04 4.897691040039062500e+02
2.501454000000000087e+04 4.897474670410156250e+02
2.501462299999999959e+04 4.896946411132812500e+02
2.501470599999999831e+04 4.896727905273437500e+02
2.501478900000000067e+04 4.896762390136718750e+02
2.501487199999999939e+04 4.896802062988281250e+02
2.501495500000000175e+04 4.896837463378906250e+02
2.501503800000000047e+04 4.896878051757812500e+02
2.501512099999999919e+04 4.896921081542968750e+02
2.501520400000000154e+04 4.896975097656250000e+02
2.501528700000000026e+04 4.897043762207031250e+02
2.501536999999999898e+04 4.897106933593750000e+02
2.501545300000000134e+04 4.897099914550781250e+02
2.501553600000000006e+04 4.896883239746093750e+02
2.501561899999999878e+04 4.896354675292968750e+02
2.501570200000000114e+04 4.896136169433593750e+02
2.501578499999999985e+04 4.896170349121093750e+02
2.501586799999999857e+04 4.896210327148437500e+02
2.501595100000000093e+04 4.896245727539062500e+02
2.501603399999999965e+04 4.896286010742187500e+02
2.501611699999999837e+04 4.896328430175781250e+02
2.501620000000000073e+04 4.896382446289062500e+02
2.501628299999999945e+04 4.896450805664062500e+02
2.501636600000000180e+04 4.896514282226562500e+02
2.501644900000000052e+04 4.896506958007812500e+02
2.501653199999999924e+04 4.896289367675781250e+02
2.501661500000000160e+04 4.895760498046875000e+02
2.501669800000000032e+04 4.895459899902343750e+02
2.501678099999999904e+04 4.895490722656250000e+02
2.501686400000000140e+04 4.895533447265625000e+02
2.501694700000000012e+04 4.895567321777343750e+02
2.501702999999999884e+04 4.895607910156250000e+02
2.501711300000000119e+04 4.895650329589843750e+02
2.501719599999999991e+04 4.895704040527343750e+02
2.501727899999999863e+04 4.895770874023437500e+02
2.501736200000000099e+04 4.895834045410156250e+02
2.501744499999999971e+04 4.895854187011718750e+02
2.501752799999999843e+04 4.895741577148437500e+02
2.501761100000000079e+04 4.895168151855468750e+02
2.501769399999999951e+04 4.894867553710937500e+02
2.501777699999999822e+04 4.894898376464843750e+02
2.501786000000000058e+04 4.894940795898437500e+02
2.501794299999999930e+04 4.894974975585937500e+02
2.501802600000000166e+04 4.895015563964843750e+02
2.501810900000000038e+04 4.895057983398437500e+02
2.501819199999999910e+04 4.895108032226562500e+02
2.501827500000000146e+04 4.895174560546875000e+02
2.501835800000000017e+04 4.895243225097656250e+02
2.501844099999999889e+04 4.895263366699218750e+02
2.501852400000000125e+04 4.895150451660156250e+02
2.501860699999999997e+04 4.894583740234375000e+02
2.501868999999999869e+04 4.894282836914062500e+02
2.501877300000000105e+04 4.894313659667968750e+02
2.501885599999999977e+04 4.894356384277343750e+02
2.501893899999999849e+04 4.894390563964843750e+02
2.501902200000000084e+04 4.894430847167968750e+02
2.501910499999999956e+04 4.894472656250000000e+02
2.501918799999999828e+04 4.894523010253906250e+02
2.501927100000000064e+04 4.894589843750000000e+02
2.501935399999999936e+04 4.894658508300781250e+02
2.501943700000000172e+04 4.894678955078125000e+02
2.501952000000000044e+04 4.894566040039062500e+02
2.501960299999999916e+04 4.893998413085937500e+02
2.501968600000000151e+04 4.893697204589843750e+02
2.501976900000000023e+04 4.893727722167968750e+02
2.501985199999999895e+04 4.893770141601562500e+02
2.501993500000000131e+04 4.893804016113281250e+02
