2.500009800000000178e+04 6.052653808593750000e+02
2.500018100000000049e+04 6.052704467773437500e+02
2.500026399999999921e+04 6.052770996093750000e+02
2.500034700000000157e+04 6.052839965820312500e+02
2.500043000000000029e+04 6.052887573242187500e+02
2.500051299999999901e+04 6.052775878906250000e+02
2.500059600000000137e+04 6.052215576171875000e+02
2.500067900000000009e+04 6.051835937500000000e+02
2.500076199999999881e+04 6.051863403320312500e+02
2.500084500000000116e+04 6.051907958984375000e+02
2.500092799999999988e+04 6.051940307617187500e+02
2.500101099999999860e+04 6.051980590820312500e+02
2.500109400000000096e+04 6.052021484375000000e+02
2.500117699999999968e+04 6.052067871093750000e+02
2.500125999999999840e+04 6.052133178710937500e+02
2.500134300000000076e+04 6.052206420898437500e+02
2.500142599999999948e+04 6.052254638671875000e+02
2.500150899999999820e+04 6.052166137695312500e+02
2.500159200000000055e+04 6.051649169921875000e+02
2.500167499999999927e+04 6.051269531250000000e+02
2.500175800000000163e+04 6.051296997070312500e+02
2.500184100000000035e+04 6.051341552734375000e+02
2.500192399999999907e+04 6.051373901367187500e+02
2.500200700000000143e+04 6.051414184570312500e+02
2.500209000000000015e+04 6.051455078125000000e+02
2.500217299999999886e+04 6.051501464843750000e+02
2.500225600000000122e+04 6.051566162109375000e+02
2.500233899999999994e+04 6.051640014648437500e+02
2.500242199999999866e+04 6.051688232421875000e+02
2.500250500000000102e+04 6.051599731445312500e+02
2.500258799999999974e+04 6.051082153320312500e+02
2.500267099999999846e+04 6.050702514648437500e+02
2.500275400000000081e+04 6.050729370117187500e+02
2.500283699999999953e+04 6.050774536132812500e+02
2.500291999999999825e+04 6.050806884765625000e+02
2.500300300000000061e+04 6.050846557617187500e+02
2.500308599999999933e+04 6.050887451171875000e+02
2.500316900000000169e+04 6.050934448242187500e+02
2.500325200000000041e+04 6.050999145507812500e+02
2.500333499999999913e+04 6.051072998046875000e+02
2.500341800000000148e+04 6.051120605468750000e+02
2.500350100000000020e+04 6.051032104492187500e+02
2.500358399999999892e+04 6.050514526367187500e+02
2.500366700000000128e+04 6.050134887695312500e+02
2.500375000000000000e+04 6.050161743164062500e+02
2.500383299999999872e+04 6.050206298828125000e+02
2.500391600000000108e+04 6.050238647460937500e+02
2.500399899999999980e+04 6.050278930664062500e+02
2.500408199999999852e+04 6.050319824218750000e+02
2.500416500000000087e+04 6.050365600585937500e+02
2.500424799999999959e+04 6.050430297851562500e+02
2.500433099999999831e+04 6.050504150390625000e+02
2.500441400000000067e+04 6.050551757812500000e+02
2.500449699999999939e+04 6.050463256835937500e+02
2.500458000000000175e+04 6.049945068359375000e+02
2.500466300000000047e+04 6.049515991210937500e+02
2.500474599999999919e+04 6.049461669921875000e+02
2.500482900000000154e+04 6.049502563476562500e+02
2.500491200000000026e+04 6.049537353515625000e+02
2.500499499999999898e+04 6.049575805664062500e+02
2.500507800000000134e+04 6.049616088867187500e+02
2.500516100000000006e+04 6.049661865234375000e+02
2.500524399999999878e+04 6.049722900390625000e+02
2.500532700000000114e+04 6.049794921875000000e+02
2.500540999999999985e+04 6.049848022460937500e+02
2.500549299999999857e+04 6.049786987304687500e+02
2.500557600000000093e+04 6.049341430664062500e+02
2.500565899999999965e+04 6.048912353515625000e+02
2.500574199999999837e+04 6.048858032226562500e+02
2.500582500000000073e+04 6.048899536132812500e+02
2.500590799999999945e+04 6.048934326171875000e+02
2.500599100000000180e+04 6.048972778320312500e+02
2.500607400000000052e+04 6.049013671875000000e+02
2.500615699999999924e+04 6.049059448242187500e+02
2.500624000000000160e+04 6.049120483398437500e+02
2.500632300000000032e+04 6.049192504882812500e+02
2.500640599999999904e+04 6.049245605468750000e+02
2.500648900000000140e+04 6.049183959960937500e+02
2.500657200000000012e+04 6.048738403320312500e+02
2.500665499999999884e+04 6.048309326171875000e+02
2.500673800000000119e+04 6.048255004882812500e+02
2.500682099999999991e+04 6.048296508789062500e+02
2.500690399999999863e+04 6.048331298828125000e+02
2.500698700000000099e+04 6.048369750976562500e+02
2.500706999999999971e+04 6.048410644531250000e+02
2.500715299999999843e+04 6.048455810546875000e+02
2.500723600000000079e+04 6.048517456054687500e+02
2.500731899999999951e+04 6.048589477539062500e+02
2.500740199999999822e+04 6.048641967773437500e+02
2.500748500000000058e+04 6.048580932617187500e+02
2.500756799999999930e+04 6.048134765625000000e+02
2.500765100000000166e+04 6.047705688476562500e+02
2.500773400000000038e+04 6.047651367187500000e+02
2.500781699999999910e+04 6.047692260742187500e+02
2.500790000000000146e+04 6.047727050781250000e+02
2.500798300000000017e+04 6.047766113281250000e+02
2.500806599999999889e+04 6.047807006835937500e+02
2.500814900000000125e+04 6.047850952148437500e+02
2.500823199999999997e+04 6.047912597656250000e+02
2.500831499999999869e+04 6.047984008789062500e+02
2.500839800000000105e+04 6.048037109375000000e+02
2.500848099999999977e+04 6.047975463867187500e+02
2.500856399999999849e+04 6.047528686523437500e+02
2.500864700000000084e+04 6.047050781250000000e+02
2.500872999999999956e+04 6.046914672851562500e+02
2.500881299999999828e+04 6.046951904296875000e+02
2.500889600000000064e+04 6.046989135742187500e+02
2.500897899999999936e+04 6.047026367187500000e+02
2.500906200000000172e+04 6.047066650390625000e+02
2.500914500000000044e+04 6.047111206054687500e+02
2.500922799999999916e+04 6.047168579101562500e+02
2.500931100000000151e+04 6.047238769531250000e+02
2.500939400000000023e+04 6.047296752929687500e+02
2.500947699999999895e+04 6.047262573242187500e+02
2.500956000000000131e+04 6.046932373046875000e+02
2.500964300000000003e+04 6.046453857421875000e+02
2.500972599999999875e+04 6.046317749023437500e+02
2.500980900000000111e+04 6.046355590820312500e+02
2.500989199999999983e+04 6.046392822265625000e+02
2.500997499999999854e+04 6.046429443359375000e+02
2.501005800000000090e+04 6.048162231445312500e+02
2.501014099999999962e+04 6.048206787109375000e+02
2.501022399999999834e+04 6.048264160156250000e+02
2.501030700000000070e+04 6.048334350585937500e+02
2.501038999999999942e+04 6.048392333984375000e+02
2.501047300000000178e+04 6.048358154296875000e+02
2.501055600000000049e+04 6.048027343750000000e+02
2.501063899999999921e+04 6.047548217773437500e+02
2.501072200000000157e+04 6.047412109375000000e+02
2.501080500000000029e+04 6.047449951171875000e+02
2.501088799999999901e+04 6.047487182617187500e+02
2.501097100000000137e+04 6.047523803710937500e+02
2.501105400000000009e+04 6.047564697265625000e+02
2.501113699999999881e+04 6.047609252929687500e+02
2.501122000000000116e+04 6.047666625976562500e+02
2.501130299999999988e+04 6.047736816406250000e+02
2.501138599999999860e+04 6.047794799804687500e+02
2.501146900000000096e+04 6.047760620117187500e+02
2.501155199999999968e+04 6.047429199218750000e+02
2.501163499999999840e+04 6.046950683593750000e+02
2.501171800000000076e+04 6.046813964843750000e+02
2.501180099999999948e+04 6.046851806640625000e+02
2.501188399999999820e+04 6.046889648437500000e+02
2.501196700000000055e+04 6.046926269531250000e+02
2.501204999999999927e+04 6.046967163085937500e+02
2.501213300000000163e+04 6.047010498046875000e+02
2.501221600000000035e+04 6.047067871093750000e+02
2.501229899999999907e+04 6.047138061523437500e+02
2.501238200000000143e+04 6.047196655273437500e+02
2.501246500000000015e+04 6.047161865234375000e+02
2.501254799999999886e+04 6.046829833984375000e+02
2.501263100000000122e+04 6.046350708007812500e+02
2.501271399999999994e+04 6.046132202148437500e+02
2.501279699999999866e+04 6.046166381835937500e+02
2.501288000000000102e+04 6.046206054687500000e+02
2.501296299999999974e+04 6.046241455078125000e+02
2.501304599999999846e+04 6.046282348632812500e+02
2.501312900000000081e+04 6.046325073242187500e+02
2.501321199999999953e+04 6.046383056640625000e+02
2.501329499999999825e+04 6.046451416015625000e+02
2.501337800000000061e+04 6.046514892578125000e+02
2.501346099999999933e+04 6.046507568359375000e+02
2.501354400000000169e+04 6.046293945312500000e+02
2.501362700000000041e+04 6.045765991210937500e+02
2.501370999999999913e+04 6.045547485351562500e+02
2.501379300000000148e+04 6.045581665039062500e+02
2.501387600000000020e+04 6.045621337890625000e+02
2.501395899999999892e+04 6.045656738281250000e+02
2.501404200000000128e+04 6.045697631835937500e+02
2.501412500000000000e+04 6.045740356445312500e+02
2.501420799999999872e+04 6.045794677734375000e+02
2.501429100000000108e+04 6.045863037109375000e+02
2.501437399999999980e+04 6.045926513671875000e+02
2.501445699999999852e+04 6.045919189453125000e+02
2.501454000000000087e+04 6.045703125000000000e+02
2.501462299999999959e+04 6.045174560546875000e+02
2.501470599999999831e+04 6.044956054687500000e+02
2.501478900000000067e+04 6.044990844726562500e+02
2.501487199999999939e+04 6.045030517578125000e+02
2.501495500000000175e+04 6.045065917968750000e+02
2.501503800000000047e+04 6.045106201171875000e+02
2.501512099999999919e+04 6.045149536132812500e+02
2.501520400000000154e+04 6.045203247070312500e+02
2.501528700000000026e+04 6.045272216796875000e+02
2.501536999999999898e+04 6.045335083007812500e+02
2.501545300000000134e+04 6.045328369140625000e+02
2.501553600000000006e+04 6.045111694335937500e+02
2.501561899999999878e+04 6.044583129882812500e+02
2.501570200000000114e+04 6.044364624023437500e+02
2.501578499999999985e+04 6.044398803710937500e+02
2.501586799999999857e+04 6.044438476562500000e+02
2.501595100000000093e+04 6.044473876953125000e+02
2.501603399999999965e+04 6.044514160156250000e+02
2.501611699999999837e+04 6.044556884765625000e+02
2.501620000000000073e+04 6.044610595703125000e+02
2.501628299999999945e+04 6.044678955078125000e+02
2.501636600000000180e+04 6.044742431640625000e+02
2.501644900000000052e+04 6.044735107421875000e+02
2.501653199999999924e+04 6.044517822265625000e+02
2.501661500000000160e+04 6.043988647460937500e+02
2.501669800000000032e+04 6.043688354492187500e+02
2.501678099999999904e+04 6.043718872070312500e+02
2.501686400000000140e+04 6.043761596679687500e+02
2.501694700000000012e+04 6.043795776367187500e+02
2.501702999999999884e+04 6.043836059570312500e+02
2.501711300000000119e+04 6.043878784179687500e+02
2.501719599999999991e+04 6.043932495117187500e+02
2.501727899999999863e+04 6.043999023437500000e+02
2.501736200000000099e+04 6.044062500000000000e+02
2.501744499999999971e+04 6.044082641601562500e+02
2.501752799999999843e+04 6.043969726562500000e+02
2.501761100000000079e+04 6.043396606445312500e+02
2.501769399999999951e+04 6.043095703125000000e+02
2.501777699999999822e+04 6.043126831054687500e+02
2.501786000000000058e+04 6.043168945312500000e+02
2.501794299999999930e+04 6.043203125000000000e+02
2.501802600000000166e+04 6.043244018554687500e+02
2.501810900000000038e+04 6.043286132812500000e+02
2.501819199999999910e+04 6.043336181640625000e+02
2.501827500000000146e+04 6.043402709960937500e+02
2.501835800000000017e+04 6.043471679687500000e+02
2.501844099999999889e+04 6.043491821289062500e+02
2.501852400000000125e+04 6.043378906250000000e+02
2.501860699999999997e+04 6.042811889648437500e+02
2.501868999999999869e+04 6.042510986328125000e+02
2.501877300000000105e+04 6.042542114257812500e+02
2.501885599999999977e+04 6.042584838867187500e+02
2.501893899999999849e+04 6.042619018554687500e+02
2.501902200000000084e+04 6.042659301757812500e+02
2.501910499999999956e+04 6.042700805664062500e+02
2.501918799999999828e+04 6.042751464843750000e+02
2.501927100000000064e+04 6.042817993164062500e+02
2.501935399999999936e+04 6.042886962890625000e+02
2.501943700000000172e+04 6.042907104492187500e+02
2.501952000000000044e+04 6.042794189453125000e+02
2.501960299999999916e+04 6.042226562500000000e+02
2.501968600000000151e+04 6.041925659179687500e+02
2.501976900000000023e+04 6.041956176757812500e+02
2.501985199999999895e+04 6.041998291015625000e+02
2.501993500000000131e+04 6.042032470703125000e+02
