2.500009800000000178e+04 6.288933105468750000e+02
2.500018100000000049e+04 6.288992919921875000e+02
2.500026399999999921e+04 6.289068603515625000e+02
2.500034700000000157e+04 6.289146728515625000e+02
2.500043000000000029e+04 6.289203491210937500e+02
2.500051299999999901e+04 6.289101562500000000e+02
2.500059600000000137e+04 6.288541870117187500e+02
2.500067900000000009e+04 6.288171386718750000e+02
2.500076199999999881e+04 6.288209838867187500e+02
2.500084500000000116e+04 6.288265380859375000e+02
2.500092799999999988e+04 6.288309326171875000e+02
2.500101099999999860e+04 6.288359985351562500e+02
2.500109400000000096e+04 6.288410644531250000e+02
2.500117699999999968e+04 6.288466796875000000e+02
2.500125999999999840e+04 6.288540649414062500e+02
2.500134300000000076e+04 6.288623657226562500e+02
2.500142599999999948e+04 6.288681030273437500e+02
2.500150899999999820e+04 6.288601684570312500e+02
2.500159200000000055e+04 6.288085937500000000e+02
2.500167499999999927e+04 6.287715454101562500e+02
2.500175800000000163e+04 6.287753295898437500e+02
2.500184100000000035e+04 6.287809448242187500e+02
2.500192399999999907e+04 6.287853393554687500e+02
2.500200700000000143e+04 6.287904052734375000e+02
2.500209000000000015e+04 6.287954711914062500e+02
2.500217299999999886e+04 6.288010864257812500e+02
2.500225600000000122e+04 6.288084716796875000e+02
2.500233899999999994e+04 6.288167724609375000e+02
2.500242199999999866e+04 6.288225097656250000e+02
2.500250500000000102e+04 6.288145751953125000e+02
2.500258799999999974e+04 6.287629394531250000e+02
2.500267099999999846e+04 6.287258300781250000e+02
2.500275400000000081e+04 6.287296752929687500e+02
2.500283699999999953e+04 6.287352905273437500e+02
2.500291999999999825e+04 6.287396240234375000e+02
2.500300300000000061e+04 6.287446899414062500e+02
2.500308599999999933e+04 6.287498168945312500e+02
2.500316900000000169e+04 6.287554321289062500e+02
2.500325200000000041e+04 6.287628173828125000e+02
2.500333499999999913e+04 6.287711181640625000e+02
2.500341800000000148e+04 6.287767944335937500e+02
2.500350100000000020e+04 6.287689208984375000e+02
2.500358399999999892e+04 6.287172241210937500e+02
2.500366700000000128e+04 6.286801147460937500e+02
2.500375000000000000e+04 6.286839599609375000e+02
2.500383299999999872e+04 6.286895751953125000e+02
2.500391600000000108e+04 6.286939086914062500e+02
2.500399899999999980e+04 6.286989746093750000e+02
2.500408199999999852e+04 6.287040405273437500e+02
2.500416500000000087e+04 6.287095947265625000e+02
2.500424799999999959e+04 6.287169799804687500e+02
2.500433099999999831e+04 6.287252807617187500e+02
2.500441400000000067e+04 6.287309570312500000e+02
2.500449699999999939e+04 6.287230834960937500e+02
2.500458000000000175e+04 6.286712646484375000e+02
2.500466300000000047e+04 6.286292724609375000e+02
2.500474599999999919e+04 6.286249389648437500e+02
2.500482900000000154e+04 6.286301269531250000e+02
2.500491200000000026e+04 6.286347656250000000e+02
2.500499499999999898e+04 6.286397094726562500e+02
2.500507800000000134e+04 6.286447753906250000e+02
2.500516100000000006e+04 6.286502685546875000e+02
2.500524399999999878e+04 6.286573486328125000e+02
2.500532700000000114e+04 6.286654663085937500e+02
2.500540999999999985e+04 6.286716918945312500e+02
2.500549299999999857e+04 6.286665039062500000e+02
2.500557600000000093e+04 6.286221313476562500e+02
2.500565899999999965e+04 6.285800781250000000e+02
2.500574199999999837e+04 6.285757446289062500e+02
2.500582500000000073e+04 6.285809936523437500e+02
2.500590799999999945e+04 6.285855712890625000e+02
2.500599100000000180e+04 6.285905151367187500e+02
2.500607400000000052e+04 6.285955810546875000e+02
2.500615699999999924e+04 6.286011352539062500e+02
2.500624000000000160e+04 6.286081542968750000e+02
2.500632300000000032e+04 6.286162719726562500e+02
2.500640599999999904e+04 6.286224975585937500e+02
2.500648900000000140e+04 6.286173095703125000e+02
2.500657200000000012e+04 6.285728759765625000e+02
2.500665499999999884e+04 6.285308837890625000e+02
2.500673800000000119e+04 6.285264892578125000e+02
2.500682099999999991e+04 6.285317382812500000e+02
2.500690399999999863e+04 6.285363769531250000e+02
2.500698700000000099e+04 6.285412597656250000e+02
2.500706999999999971e+04 6.285463867187500000e+02
2.500715299999999843e+04 6.285518798828125000e+02
2.500723600000000079e+04 6.285588989257812500e+02
2.500731899999999951e+04 6.285670166015625000e+02
2.500740199999999822e+04 6.285732421875000000e+02
2.500748500000000058e+04 6.285680541992187500e+02
2.500756799999999930e+04 6.285236206054687500e+02
2.500765100000000166e+04 6.284815673828125000e+02
2.500773400000000038e+04 6.284771728515625000e+02
2.500781699999999910e+04 6.284824218750000000e+02
2.500790000000000146e+04 6.284870605468750000e+02
2.500798300000000017e+04 6.284920043945312500e+02
2.500806599999999889e+04 6.284970703125000000e+02
2.500814900000000125e+04 6.285024414062500000e+02
2.500823199999999997e+04 6.285095214843750000e+02
2.500831499999999869e+04 6.285176391601562500e+02
2.500839800000000105e+04 6.285238647460937500e+02
2.500848099999999977e+04 6.285186157226562500e+02
2.500856399999999849e+04 6.284741210937500000e+02
2.500864700000000084e+04 6.284271240234375000e+02
2.500872999999999956e+04 6.284145507812500000e+02
2.500881299999999828e+04 6.284194335937500000e+02
2.500889600000000064e+04 6.284243164062500000e+02
2.500897899999999936e+04 6.284290771484375000e+02
2.500906200000000172e+04 6.284342041015625000e+02
2.500914500000000044e+04 6.284395751953125000e+02
2.500922799999999916e+04 6.284462890625000000e+02
2.500931100000000151e+04 6.284542236328125000e+02
2.500939400000000023e+04 6.284609375000000000e+02
2.500947699999999895e+04 6.284584960937500000e+02
2.500956000000000131e+04 6.284255371093750000e+02
2.500964300000000003e+04 6.283785400390625000e+02
2.500972599999999875e+04 6.283659667968750000e+02
2.500980900000000111e+04 6.283708496093750000e+02
2.500989199999999983e+04 6.283757324218750000e+02
2.500997499999999854e+04 6.283804931640625000e+02
2.501005800000000090e+04 6.285239257812500000e+02
2.501014099999999962e+04 6.285293579101562500e+02
2.501022399999999834e+04 6.285360107421875000e+02
2.501030700000000070e+04 6.285440063476562500e+02
2.501038999999999942e+04 6.285507202148437500e+02
2.501047300000000178e+04 6.285482177734375000e+02
2.501055600000000049e+04 6.285152587890625000e+02
2.501063899999999921e+04 6.284682617187500000e+02
2.501072200000000157e+04 6.284556884765625000e+02
2.501080500000000029e+04 6.284605712890625000e+02
2.501088799999999901e+04 6.284653930664062500e+02
2.501097100000000137e+04 6.284702148437500000e+02
2.501105400000000009e+04 6.284752807617187500e+02
2.501113699999999881e+04 6.284807128906250000e+02
2.501122000000000116e+04 6.284873657226562500e+02
2.501130299999999988e+04 6.284953002929687500e+02
2.501138599999999860e+04 6.285020751953125000e+02
2.501146900000000096e+04 6.284995727539062500e+02
2.501155199999999968e+04 6.284665527343750000e+02
2.501163499999999840e+04 6.284195556640625000e+02
2.501171800000000076e+04 6.284069213867187500e+02
2.501180099999999948e+04 6.284118041992187500e+02
2.501188399999999820e+04 6.284166870117187500e+02
2.501196700000000055e+04 6.284215087890625000e+02
2.501204999999999927e+04 6.284265747070312500e+02
2.501213300000000163e+04 6.284318847656250000e+02
2.501221600000000035e+04 6.284385375976562500e+02
2.501229899999999907e+04 6.284464721679687500e+02
2.501238200000000143e+04 6.284532470703125000e+02
2.501246500000000015e+04 6.284507446289062500e+02
2.501254799999999886e+04 6.284176635742187500e+02
2.501263100000000122e+04 6.283706054687500000e+02
2.501271399999999994e+04 6.283497924804687500e+02
2.501279699999999866e+04 6.283543090820312500e+02
2.501288000000000102e+04 6.283594360351562500e+02
2.501296299999999974e+04 6.283640747070312500e+02
2.501304599999999846e+04 6.283691406250000000e+02
2.501312900000000081e+04 6.283744506835937500e+02
2.501321199999999953e+04 6.283811035156250000e+02
2.501329499999999825e+04 6.283889160156250000e+02
2.501337800000000061e+04 6.283961791992187500e+02
2.501346099999999933e+04 6.283963623046875000e+02
2.501354400000000169e+04 6.283751220703125000e+02
2.501362700000000041e+04 6.283231811523437500e+02
2.501370999999999913e+04 6.283023681640625000e+02
2.501379300000000148e+04 6.283068847656250000e+02
2.501387600000000020e+04 6.283120117187500000e+02
2.501395899999999892e+04 6.283166503906250000e+02
2.501404200000000128e+04 6.283217163085937500e+02
2.501412500000000000e+04 6.283270263671875000e+02
2.501420799999999872e+04 6.283333740234375000e+02
2.501429100000000108e+04 6.283411254882812500e+02
2.501437399999999980e+04 6.283483886718750000e+02
2.501445699999999852e+04 6.283486328125000000e+02
2.501454000000000087e+04 6.283270874023437500e+02
2.501462299999999959e+04 6.282751464843750000e+02
2.501470599999999831e+04 6.282542724609375000e+02
2.501478900000000067e+04 6.282587890625000000e+02
2.501487199999999939e+04 6.282639160156250000e+02
2.501495500000000175e+04 6.282685546875000000e+02
2.501503800000000047e+04 6.282736206054687500e+02
2.501512099999999919e+04 6.282789306640625000e+02
2.501520400000000154e+04 6.282852783203125000e+02
2.501528700000000026e+04 6.282930297851562500e+02
2.501536999999999898e+04 6.283002929687500000e+02
2.501545300000000134e+04 6.283005371093750000e+02
2.501553600000000006e+04 6.282789916992187500e+02
2.501561899999999878e+04 6.282269897460937500e+02
2.501570200000000114e+04 6.282061157226562500e+02
2.501578499999999985e+04 6.282106933593750000e+02
2.501586799999999857e+04 6.282157592773437500e+02
2.501595100000000093e+04 6.282204589843750000e+02
2.501603399999999965e+04 6.282255249023437500e+02
2.501611699999999837e+04 6.282307128906250000e+02
2.501620000000000073e+04 6.282370605468750000e+02
2.501628299999999945e+04 6.282448120117187500e+02
2.501636600000000180e+04 6.282520751953125000e+02
2.501644900000000052e+04 6.282522583007812500e+02
2.501653199999999924e+04 6.282306518554687500e+02
2.501661500000000160e+04 6.281786499023437500e+02
2.501669800000000032e+04 6.281495361328125000e+02
2.501678099999999904e+04 6.281536865234375000e+02
2.501686400000000140e+04 6.281590576171875000e+02
2.501694700000000012e+04 6.281635742187500000e+02
2.501702999999999884e+04 6.281686401367187500e+02
2.501711300000000119e+04 6.281738281250000000e+02
2.501719599999999991e+04 6.281801757812500000e+02
2.501727899999999863e+04 6.281877441406250000e+02
2.501736200000000099e+04 6.281950073242187500e+02
2.501744499999999971e+04 6.281979980468750000e+02
2.501752799999999843e+04 6.281873168945312500e+02
2.501761100000000079e+04 6.281303710937500000e+02
2.501769399999999951e+04 6.281012573242187500e+02
2.501777699999999822e+04 6.281054077148437500e+02
2.501786000000000058e+04 6.281107788085937500e+02
2.501794299999999930e+04 6.281152954101562500e+02
2.501802600000000166e+04 6.281203613281250000e+02
2.501810900000000038e+04 6.281255493164062500e+02
2.501819199999999910e+04 6.281315307617187500e+02
2.501827500000000146e+04 6.281391601562500000e+02
2.501835800000000017e+04 6.281469116210937500e+02
2.501844099999999889e+04 6.281498413085937500e+02
2.501852400000000125e+04 6.281395263671875000e+02
2.501860699999999997e+04 6.280828857421875000e+02
2.501868999999999869e+04 6.280537719726562500e+02
2.501877300000000105e+04 6.280579223632812500e+02
2.501885599999999977e+04 6.280632934570312500e+02
2.501893899999999849e+04 6.280678100585937500e+02
2.501902200000000084e+04 6.280728759765625000e+02
2.501910499999999956e+04 6.280780639648437500e+02
2.501918799999999828e+04 6.280840454101562500e+02
2.501927100000000064e+04 6.280916137695312500e+02
2.501935399999999936e+04 6.280994262695312500e+02
2.501943700000000172e+04 6.281023559570312500e+02
2.501952000000000044e+04 6.280920410156250000e+02
2.501960299999999916e+04 6.280353393554687500e+02
2.501968600000000151e+04 6.280062255859375000e+02
2.501976900000000023e+04 6.280103759765625000e+02
2.501985199999999895e+04 6.280157470703125000e+02
2.501993500000000131e+04 6.280202636718750000e+02
