2.500009800000000178e+04 6.265381574630737305e-01
2.500018100000000049e+04 6.267322897911071777e-01
2.500026399999999921e+04 6.267266273498535156e-01
2.500034700000000157e+04 6.265639066696166992e-01
2.500043000000000029e+04 6.260123848915100098e-01
2.500051299999999901e+04 6.254867315292358398e-01
2.500059600000000137e+04 6.250730156898498535e-01
2.500067900000000009e+04 6.248255968093872070e-01
2.500076199999999881e+04 6.248026490211486816e-01
2.500084500000000116e+04 6.249620318412780762e-01
2.500092799999999988e+04 6.255131363868713379e-01
2.500101099999999860e+04 6.261526942253112793e-01
2.500109400000000096e+04 6.268042325973510742e-01
2.500117699999999968e+04 6.270631551742553711e-01
2.500125999999999840e+04 6.271389722824096680e-01
2.500134300000000076e+04 6.270481944084167480e-01
2.500142599999999948e+04 6.265798211097717285e-01
2.500150899999999820e+04 6.260393261909484863e-01
2.500159200000000055e+04 6.256086230278015137e-01
2.500167499999999927e+04 6.253669857978820801e-01
2.500175800000000163e+04 6.253411173820495605e-01
2.500184100000000035e+04 6.254965066909790039e-01
2.500192399999999907e+04 6.260446906089782715e-01
2.500200700000000143e+04 6.266834139823913574e-01
2.500209000000000015e+04 6.273344159126281738e-01
2.500217299999999886e+04 6.275932192802429199e-01
2.500225600000000122e+04 6.276689171791076660e-01
2.500233899999999994e+04 6.275780200958251953e-01
2.500242199999999866e+04 6.271094679832458496e-01
2.500250500000000102e+04 6.265688538551330566e-01
2.500258799999999974e+04 6.261380910873413086e-01
2.500267099999999846e+04 6.258970499038696289e-01
2.500275400000000081e+04 6.258709430694580078e-01
2.500283699999999953e+04 6.260261535644531250e-01
2.500291999999999825e+04 6.265740990638732910e-01
2.500300300000000061e+04 6.272126436233520508e-01
2.500308599999999933e+04 6.278634071350097656e-01
2.500316900000000169e+04 6.281222105026245117e-01
2.500325200000000041e+04 6.281978487968444824e-01
2.500333499999999913e+04 6.281069517135620117e-01
2.500341800000000148e+04 6.276383996009826660e-01
2.500350100000000020e+04 6.270978450775146484e-01
2.500358399999999892e+04 6.266671419143676758e-01
2.500366700000000128e+04 6.264261007308959961e-01
2.500375000000000000e+04 6.263999938964843750e-01
2.500383299999999872e+04 6.265551447868347168e-01
2.500391600000000108e+04 6.271029114723205566e-01
2.500399899999999980e+04 6.277412772178649902e-01
2.500408199999999852e+04 6.283918023109436035e-01
2.500416500000000087e+04 6.286419630050659180e-01
2.500424799999999959e+04 6.287425160408020020e-01
2.500433099999999831e+04 6.286484599113464355e-01
2.500441400000000067e+04 6.281738281250000000e-01
2.500449699999999939e+04 6.276299357414245605e-01
2.500458000000000175e+04 6.271973848342895508e-01
2.500466300000000047e+04 6.269549131393432617e-01
2.500474599999999919e+04 6.269203424453735352e-01
2.500482900000000154e+04 6.270464658737182617e-01
2.500491200000000026e+04 6.275339126586914062e-01
2.500499499999999898e+04 6.281293630599975586e-01
2.500507800000000134e+04 6.288017630577087402e-01
2.500516100000000006e+04 6.290863752365112305e-01
2.500524399999999878e+04 6.292138695716857910e-01
2.500532700000000114e+04 6.291669607162475586e-01
2.500540999999999985e+04 6.287690401077270508e-01
2.500549299999999857e+04 6.282571554183959961e-01
2.500557600000000093e+04 6.278166770935058594e-01
2.500565899999999965e+04 6.275705695152282715e-01
2.500574199999999837e+04 6.275156736373901367e-01
2.500582500000000073e+04 6.276108622550964355e-01
2.500590799999999945e+04 6.280754208564758301e-01
2.500599100000000180e+04 6.286631822586059570e-01
2.500607400000000052e+04 6.293309330940246582e-01
2.500615699999999924e+04 6.296198368072509766e-01
2.500624000000000160e+04 6.297485828399658203e-01
2.500632300000000032e+04 6.297005414962768555e-01
2.500640599999999904e+04 6.292958855628967285e-01
2.500648900000000140e+04 6.287760138511657715e-01
2.500657200000000012e+04 6.283292174339294434e-01
2.500665499999999884e+04 6.280732750892639160e-01
2.500673800000000119e+04 6.280184984207153320e-01
2.500682099999999991e+04 6.281176805496215820e-01
2.500690399999999863e+04 6.285852193832397461e-01
2.500698700000000099e+04 6.291739344596862793e-01
2.500706999999999971e+04 6.298421025276184082e-01
2.500715299999999843e+04 6.301310658454895020e-01
2.500723600000000079e+04 6.302600502967834473e-01
2.500731899999999951e+04 6.302122473716735840e-01
2.500740199999999822e+04 6.299921870231628418e-01
2.500748500000000058e+04 6.293908953666687012e-01
2.500756799999999930e+04 6.288991570472717285e-01
2.500765100000000166e+04 6.286180019378662109e-01
2.500773400000000038e+04 6.285554170608520508e-01
2.500781699999999910e+04 6.286446452140808105e-01
2.500790000000000146e+04 6.289876699447631836e-01
2.500798300000000017e+04 6.296257376670837402e-01
2.500806599999999889e+04 6.303215622901916504e-01
2.500814900000000125e+04 6.306107044219970703e-01
2.500823199999999997e+04 6.307724118232727051e-01
2.500831499999999869e+04 6.307260394096374512e-01
2.500839800000000105e+04 6.305062174797058105e-01
2.500848099999999977e+04 6.299054026603698730e-01
2.500856399999999849e+04 6.294139623641967773e-01
2.500864700000000084e+04 6.291326284408569336e-01
2.500872999999999956e+04 6.290602087974548340e-01
2.500881299999999828e+04 6.291204690933227539e-01
2.500889600000000064e+04 6.295182108879089355e-01
2.500897899999999936e+04 6.300536990165710449e-01
2.500906200000000172e+04 6.307318210601806641e-01
2.500914500000000044e+04 6.310481429100036621e-01
2.500922799999999916e+04 6.312316656112670898e-01
2.500931100000000151e+04 6.312301158905029297e-01
2.500939400000000023e+04 6.310522556304931641e-01
2.500947699999999895e+04 6.304966211318969727e-01
2.500956000000000131e+04 6.300030350685119629e-01
2.500964300000000003e+04 6.297258138656616211e-01
2.500972599999999875e+04 6.296381354331970215e-01
2.500980900000000111e+04 6.296727657318115234e-01
2.500989199999999983e+04 6.300512552261352539e-01
2.500997499999999854e+04 6.305803656578063965e-01
2.501005800000000090e+04 6.312546133995056152e-01
2.501014099999999962e+04 6.306414604187011719e-01
2.501022399999999834e+04 6.305227875709533691e-01
2.501030700000000070e+04 6.302952170372009277e-01
2.501038999999999942e+04 6.296718120574951172e-01
2.501047300000000178e+04 6.290189623832702637e-01
2.501055600000000049e+04 6.284711956977844238e-01
2.501063899999999921e+04 6.281632184982299805e-01
2.501072200000000157e+04 6.280658841133117676e-01
2.501080500000000029e+04 6.280875205993652344e-01
2.501088799999999901e+04 6.284554004669189453e-01
2.501097100000000137e+04 6.289799809455871582e-01
2.501105400000000009e+04 6.296505331993103027e-01
2.501113699999999881e+04 6.299641132354736328e-01
2.501122000000000116e+04 6.301457285881042480e-01
2.501130299999999988e+04 6.301432251930236816e-01
2.501138599999999860e+04 6.299651861190795898e-01
2.501146900000000096e+04 6.294103860855102539e-01
2.501155199999999968e+04 6.289178133010864258e-01
2.501163499999999840e+04 6.286408901214599609e-01
2.501171800000000076e+04 6.285534501075744629e-01
2.501180099999999948e+04 6.285882592201232910e-01
2.501188399999999820e+04 6.289659142494201660e-01
2.501196700000000055e+04 6.294935345649719238e-01
2.501204999999999927e+04 6.301656961441040039e-01
2.501213300000000163e+04 6.304798126220703125e-01
2.501221600000000035e+04 6.306863427162170410e-01
2.501229899999999907e+04 6.306786537170410156e-01
2.501238200000000143e+04 6.304958462715148926e-01
2.501246500000000015e+04 6.299349665641784668e-01
2.501254799999999886e+04 6.294391155242919922e-01
2.501263100000000122e+04 6.291599273681640625e-01
2.501271399999999994e+04 6.290718317031860352e-01
2.501279699999999866e+04 6.290758848190307617e-01
2.501288000000000102e+04 6.293113231658935547e-01
2.501296299999999974e+04 6.298258900642395020e-01
2.501304599999999846e+04 6.305273771286010742e-01
2.501312900000000081e+04 6.308743953704833984e-01
2.501321199999999953e+04 6.311153769493103027e-01
2.501329499999999825e+04 6.311337947845458984e-01
2.501337800000000061e+04 6.310079097747802734e-01
2.501346099999999933e+04 6.305139064788818359e-01
2.501354400000000169e+04 6.300258040428161621e-01
2.501362700000000041e+04 6.297456622123718262e-01
2.501370999999999913e+04 6.296334862709045410e-01
2.501379300000000148e+04 6.296191811561584473e-01
2.501387600000000020e+04 6.299244165420532227e-01
2.501395899999999892e+04 6.303995251655578613e-01
2.501404200000000128e+04 6.310784816741943359e-01
2.501412500000000000e+04 6.314181685447692871e-01
2.501420799999999872e+04 6.316536664962768555e-01
2.501429100000000108e+04 6.316972374916076660e-01
2.501437399999999980e+04 6.315619945526123047e-01
2.501445699999999852e+04 6.310533285140991211e-01
2.501454000000000087e+04 6.305571198463439941e-01
2.501462299999999959e+04 6.302719712257385254e-01
2.501470599999999831e+04 6.301577687263488770e-01
2.501478900000000067e+04 6.301416754722595215e-01
2.501487199999999939e+04 6.304454803466796875e-01
2.501495500000000175e+04 6.309200525283813477e-01
2.501503800000000047e+04 6.315984725952148438e-01
2.501512099999999919e+04 6.319379210472106934e-01
2.501520400000000154e+04 6.321732401847839355e-01
2.501528700000000026e+04 6.322167515754699707e-01
2.501536999999999898e+04 6.320815682411193848e-01
2.501545300000000134e+04 6.315730214118957520e-01
2.501553600000000006e+04 6.310769319534301758e-01
2.501561899999999878e+04 6.307917833328247070e-01
2.501570200000000114e+04 6.306774020195007324e-01
2.501578499999999985e+04 6.306613683700561523e-01
2.501586799999999857e+04 6.309652924537658691e-01
2.501595100000000093e+04 6.314398050308227539e-01
2.501603399999999965e+04 6.321181058883666992e-01
2.501611699999999837e+04 6.324574351310729980e-01
2.501620000000000073e+04 6.327177286148071289e-01
2.501628299999999945e+04 6.327555179595947266e-01
2.501636600000000180e+04 6.326152682304382324e-01
2.501644900000000052e+04 6.321002244949340820e-01
2.501653199999999924e+04 6.316005587577819824e-01
2.501661500000000160e+04 6.313133239746093750e-01
2.501669800000000032e+04 6.311980485916137695e-01
2.501678099999999904e+04 6.311686038970947266e-01
2.501686400000000140e+04 6.312621831893920898e-01
2.501694700000000012e+04 6.317488551139831543e-01
2.501702999999999884e+04 6.324679851531982422e-01
2.501711300000000119e+04 6.331241130828857422e-01
2.501719599999999991e+04 6.333494186401367188e-01
2.501727899999999863e+04 6.333616971969604492e-01
2.501736200000000099e+04 6.332415938377380371e-01
2.501744499999999971e+04 6.326867938041687012e-01
2.501752799999999843e+04 6.321891546249389648e-01
2.501761100000000079e+04 6.318554282188415527e-01
2.501769399999999951e+04 6.317388415336608887e-01
2.501777699999999822e+04 6.317052245140075684e-01
2.501786000000000058e+04 6.317980289459228516e-01
2.501794299999999930e+04 6.322833299636840820e-01
2.501802600000000166e+04 6.330014467239379883e-01
2.501810900000000038e+04 6.336567997932434082e-01
2.501819199999999910e+04 6.338818073272705078e-01
2.501827500000000146e+04 6.339238882064819336e-01
2.501835800000000017e+04 6.337971091270446777e-01
2.501844099999999889e+04 6.332898139953613281e-01
2.501852400000000125e+04 6.327618956565856934e-01
2.501860699999999997e+04 6.324024796485900879e-01
2.501868999999999869e+04 6.322799921035766602e-01
2.501877300000000105e+04 6.322414875030517578e-01
2.501885599999999977e+04 6.323305964469909668e-01
2.501893899999999849e+04 6.328110098838806152e-01
2.501902200000000084e+04 6.335260272026062012e-01
2.501910499999999956e+04 6.341795325279235840e-01
2.501918799999999828e+04 6.344038844108581543e-01
2.501927100000000064e+04 6.344456076622009277e-01
2.501935399999999936e+04 6.343186497688293457e-01
2.501943700000000172e+04 6.338111758232116699e-01
2.501952000000000044e+04 6.332832574844360352e-01
2.501960299999999916e+04 6.329239606857299805e-01
2.501968600000000151e+04 6.328009963035583496e-01
2.501976900000000023e+04 6.327625513076782227e-01
2.501985199999999895e+04 6.328517794609069824e-01
2.501993500000000131e+04 6.333320736885070801e-01
