2.500009800000000178e+04 2.063916996121406555e-03
2.500018100000000049e+04 2.063923049718141556e-03
2.500026399999999921e+04 2.063934691250324249e-03
2.500034700000000157e+04 2.063945401459932327e-03
2.500043000000000029e+04 2.063955413177609444e-03
2.500051299999999901e+04 2.063961466774344444e-03
2.500059600000000137e+04 2.063978230580687523e-03
2.500067900000000009e+04 2.064009662717580795e-03
2.500076199999999881e+04 2.064019441604614258e-03
2.500084500000000116e+04 2.064015483483672142e-03
2.500092799999999988e+04 2.064008265733718872e-03
2.500101099999999860e+04 2.063997322693467140e-03
2.500109400000000096e+04 2.063990570604801178e-03
2.500117699999999968e+04 2.063988707959651947e-03
2.500125999999999840e+04 2.063998021185398102e-03
2.500134300000000076e+04 2.064008731395006180e-03
2.500142599999999948e+04 2.064019208773970604e-03
2.500150899999999820e+04 2.064027125015854836e-03
2.500159200000000055e+04 2.064038766548037529e-03
2.500167499999999927e+04 2.064070431515574455e-03
2.500175800000000163e+04 2.064080210402607918e-03
2.500184100000000035e+04 2.064076019451022148e-03
2.500192399999999907e+04 2.064068801701068878e-03
2.500200700000000143e+04 2.064057392999529839e-03
2.500209000000000015e+04 2.064050408080220222e-03
2.500217299999999886e+04 2.064048545435070992e-03
2.500225600000000122e+04 2.064057858660817146e-03
2.500233899999999994e+04 2.064068103209137917e-03
2.500242199999999866e+04 2.064078580588102341e-03
2.500250500000000102e+04 2.064086263999342918e-03
2.500258799999999974e+04 2.064097905531525612e-03
2.500267099999999846e+04 2.064129337668418884e-03
2.500275400000000081e+04 2.064139116555452347e-03
2.500283699999999953e+04 2.064134925603866577e-03
2.500291999999999825e+04 2.064127242192625999e-03
2.500300300000000061e+04 2.064116066321730614e-03
2.500308599999999933e+04 2.064108848571777344e-03
2.500316900000000169e+04 2.064106753095984459e-03
2.500325200000000041e+04 2.064115833491086960e-03
2.500333499999999913e+04 2.064126310870051384e-03
2.500341800000000148e+04 2.064136555418372154e-03
2.500350100000000020e+04 2.064144238829612732e-03
2.500358399999999892e+04 2.064155880361795425e-03
2.500366700000000128e+04 2.064187312498688698e-03
2.500375000000000000e+04 2.064196858555078506e-03
2.500383299999999872e+04 2.064192434772849083e-03
2.500391600000000108e+04 2.064184984192252159e-03
2.500399899999999980e+04 2.064173575490713120e-03
2.500408199999999852e+04 2.064166124910116196e-03
2.500416500000000087e+04 2.064164960756897926e-03
2.500424799999999959e+04 2.064171945676207542e-03
2.500433099999999831e+04 2.064183587208390236e-03
2.500441400000000067e+04 2.064193831756711006e-03
2.500449699999999939e+04 2.064201515167951584e-03
2.500458000000000175e+04 2.064212923869490623e-03
2.500466300000000047e+04 2.064244356006383896e-03
2.500474599999999919e+04 2.064258093014359474e-03
2.500482900000000154e+04 2.064256463199853897e-03
2.500491200000000026e+04 2.064249711111187935e-03
2.500499499999999898e+04 2.064239233732223511e-03
2.500507800000000134e+04 2.064230851829051971e-03
2.500516100000000006e+04 2.064227592200040817e-03
2.500524399999999878e+04 2.064234344288706779e-03
2.500532700000000114e+04 2.064244356006383896e-03
2.500540999999999985e+04 2.064254833385348320e-03
2.500549299999999857e+04 2.064262982457876205e-03
2.500557600000000093e+04 2.064273459836840630e-03
2.500565899999999965e+04 2.064300701022148132e-03
2.500574199999999837e+04 2.064314670860767365e-03
2.500582500000000073e+04 2.064313041046261787e-03
2.500590799999999945e+04 2.064306288957595825e-03
2.500599100000000180e+04 2.064295578747987747e-03
2.500607400000000052e+04 2.064287196844816208e-03
2.500615699999999924e+04 2.064283937215805054e-03
2.500624000000000160e+04 2.064290689304471016e-03
2.500632300000000032e+04 2.064300701022148132e-03
2.500640599999999904e+04 2.064311178401112556e-03
2.500648900000000140e+04 2.064319327473640442e-03
2.500657200000000012e+04 2.064329804852604866e-03
2.500665499999999884e+04 2.064357278868556023e-03
2.500673800000000119e+04 2.064371015876531601e-03
2.500682099999999991e+04 2.064369386062026024e-03
2.500690399999999863e+04 2.064362633973360062e-03
2.500698700000000099e+04 2.064351923763751984e-03
2.500706999999999971e+04 2.064343541860580444e-03
2.500715299999999843e+04 2.064340049400925636e-03
2.500723600000000079e+04 2.064347034320235252e-03
2.500731899999999951e+04 2.064357046037912369e-03
2.500740199999999822e+04 2.064367523416876793e-03
2.500748500000000058e+04 2.064375672489404678e-03
2.500756799999999930e+04 2.064386149868369102e-03
2.500765100000000166e+04 2.064413623884320259e-03
2.500773400000000038e+04 2.064427360892295837e-03
2.500781699999999910e+04 2.064425963908433914e-03
2.500790000000000146e+04 2.064418978989124298e-03
2.500798300000000017e+04 2.064408268779516220e-03
2.500806599999999889e+04 2.064399886876344681e-03
2.500814900000000125e+04 2.064397325739264488e-03
2.500823199999999997e+04 2.064401982352137566e-03
2.500831499999999869e+04 2.064413623884320259e-03
2.500839800000000105e+04 2.064424101263284683e-03
2.500848099999999977e+04 2.064432250335812569e-03
2.500856399999999849e+04 2.064442727714776993e-03
2.500864700000000084e+04 2.064470201730728149e-03
2.500872999999999956e+04 2.064488129690289497e-03
2.500881299999999828e+04 2.064489293843507767e-03
2.500889600000000064e+04 2.064483240246772766e-03
2.500897899999999936e+04 2.064473461359739304e-03
2.500906200000000172e+04 2.064464148133993149e-03
2.500914500000000044e+04 2.064459491521120071e-03
2.500922799999999916e+04 2.064464148133993149e-03
2.500931100000000151e+04 2.064474159851670265e-03
2.500939400000000023e+04 2.064484637230634689e-03
2.500947699999999895e+04 2.064493484795093536e-03
2.500956000000000131e+04 2.064503030851483345e-03
2.500964300000000003e+04 2.064526546746492386e-03
2.500972599999999875e+04 2.064544707536697388e-03
2.500980900000000111e+04 2.064545871689915657e-03
2.500989199999999983e+04 2.064539818093180656e-03
2.500997499999999854e+04 2.064530039206147194e-03
2.501005800000000090e+04 2.064520493149757385e-03
2.501014099999999962e+04 2.064792905002832413e-03
2.501022399999999834e+04 2.064799191430211067e-03
2.501030700000000070e+04 2.064809203147888184e-03
2.501038999999999942e+04 2.064819913357496262e-03
2.501047300000000178e+04 2.064828528091311455e-03
2.501055600000000049e+04 2.064838306978344917e-03
2.501063899999999921e+04 2.064861590042710304e-03
2.501072200000000157e+04 2.064879983663558960e-03
2.501080500000000029e+04 2.064881147816777229e-03
2.501088799999999901e+04 2.064874861389398575e-03
2.501097100000000137e+04 2.064865082502365112e-03
2.501105400000000009e+04 2.064855536445975304e-03
2.501113699999999881e+04 2.064850879833102226e-03
2.501122000000000116e+04 2.064855536445975304e-03
2.501130299999999988e+04 2.064865548163652420e-03
2.501138599999999860e+04 2.064876258373260498e-03
2.501146900000000096e+04 2.064884873107075691e-03
2.501155199999999968e+04 2.064894651994109154e-03
2.501163499999999840e+04 2.064917935058474541e-03
2.501171800000000076e+04 2.064936328679323196e-03
2.501180099999999948e+04 2.064937492832541466e-03
2.501188399999999820e+04 2.064931206405162811e-03
2.501196700000000055e+04 2.064921427518129349e-03
2.501204999999999927e+04 2.064911648631095886e-03
2.501213300000000163e+04 2.064907224848866463e-03
2.501221600000000035e+04 2.064910251647233963e-03
2.501229899999999907e+04 2.064921893179416656e-03
2.501238200000000143e+04 2.064932370558381081e-03
2.501246500000000015e+04 2.064940985292196274e-03
2.501254799999999886e+04 2.064950764179229736e-03
2.501263100000000122e+04 2.064974280074238777e-03
2.501271399999999994e+04 2.064992440864443779e-03
2.501279699999999866e+04 2.064996864646673203e-03
2.501288000000000102e+04 2.064991276711225510e-03
2.501296299999999974e+04 2.064982196316123009e-03
2.501304599999999846e+04 2.064971718937158585e-03
2.501312900000000081e+04 2.064966131001710892e-03
2.501321199999999953e+04 2.064968226477503777e-03
2.501329499999999825e+04 2.064979868009686470e-03
2.501337800000000061e+04 2.064988482743501663e-03
2.501346099999999933e+04 2.064997563138604164e-03
2.501354400000000169e+04 2.065006643533706665e-03
2.501362700000000041e+04 2.065025968477129936e-03
2.501370999999999913e+04 2.065048553049564362e-03
2.501379300000000148e+04 2.065052511170506477e-03
2.501387600000000020e+04 2.065046923235058784e-03
2.501395899999999892e+04 2.065037842839956284e-03
2.501404200000000128e+04 2.065027132630348206e-03
2.501412500000000000e+04 2.065021544694900513e-03
2.501420799999999872e+04 2.065023640170693398e-03
2.501429100000000108e+04 2.065033419057726860e-03
2.501437399999999980e+04 2.065043896436691284e-03
2.501445699999999852e+04 2.065053209662437439e-03
2.501454000000000087e+04 2.065062290057539940e-03
2.501462299999999959e+04 2.065081615000963211e-03
2.501470599999999831e+04 2.065104199573397636e-03
2.501478900000000067e+04 2.065108157694339752e-03
2.501487199999999939e+04 2.065102336928248405e-03
2.501495500000000175e+04 2.065093256533145905e-03
2.501503800000000047e+04 2.065082546323537827e-03
2.501512099999999919e+04 2.065076958388090134e-03
2.501520400000000154e+04 2.065079053863883018e-03
2.501528700000000026e+04 2.065088832750916481e-03
2.501536999999999898e+04 2.065099310129880905e-03
2.501545300000000134e+04 2.065108623355627060e-03
2.501553600000000006e+04 2.065117470920085907e-03
2.501561899999999878e+04 2.065137028694152832e-03
2.501570200000000114e+04 2.065159613266587257e-03
2.501578499999999985e+04 2.065163571387529373e-03
2.501586799999999857e+04 2.065157750621438026e-03
2.501595100000000093e+04 2.065148437395691872e-03
2.501603399999999965e+04 2.065137727186083794e-03
2.501611699999999837e+04 2.065132139250636101e-03
2.501620000000000073e+04 2.065132837742567062e-03
2.501628299999999945e+04 2.065144013613462448e-03
2.501636600000000180e+04 2.065154723823070526e-03
2.501644900000000052e+04 2.065163804218173027e-03
2.501653199999999924e+04 2.065172884613275528e-03
2.501661500000000160e+04 2.065192209556698799e-03
2.501669800000000032e+04 2.065214794129133224e-03
2.501678099999999904e+04 2.065222011879086494e-03
2.501686400000000140e+04 2.065216889604926109e-03
2.501694700000000012e+04 2.065208042040467262e-03
2.501702999999999884e+04 2.065196633338928223e-03
2.501711300000000119e+04 2.065189881250262260e-03
2.501719599999999991e+04 2.065189881250262260e-03
2.501727899999999863e+04 2.065201057121157646e-03
2.501736200000000099e+04 2.065209671854972839e-03
2.501744499999999971e+04 2.065221080556511879e-03
2.501752799999999843e+04 2.065227599814534187e-03
2.501761100000000079e+04 2.065242966637015343e-03
2.501769399999999951e+04 2.065269974991679192e-03
2.501777699999999822e+04 2.065276727080345154e-03
2.501786000000000058e+04 2.065271371975541115e-03
2.501794299999999930e+04 2.065262757241725922e-03
2.501802600000000166e+04 2.065251348540186882e-03
2.501810900000000038e+04 2.065244596451520920e-03
2.501819199999999910e+04 2.065244363620877266e-03
2.501827500000000146e+04 2.065253676846623421e-03
2.501835800000000017e+04 2.065264387056231499e-03
2.501844099999999889e+04 2.065274165943264961e-03
2.501852400000000125e+04 2.065282315015792847e-03
2.501860699999999997e+04 2.065297681838274002e-03
2.501868999999999869e+04 2.065324690192937851e-03
2.501877300000000105e+04 2.065331442281603813e-03
2.501885599999999977e+04 2.065326087176799774e-03
2.501893899999999849e+04 2.065317472442984581e-03
2.501902200000000084e+04 2.065306063741445541e-03
2.501910499999999956e+04 2.065299078822135925e-03
2.501918799999999828e+04 2.065299078822135925e-03
2.501927100000000064e+04 2.065308392047882080e-03
2.501935399999999936e+04 2.065318869426846504e-03
2.501943700000000172e+04 2.065328881144523621e-03
2.501952000000000044e+04 2.065337030217051506e-03
2.501960299999999916e+04 2.065352397039532661e-03
2.501968600000000151e+04 2.065379405394196510e-03
2.501976900000000023e+04 2.065386157482862473e-03
2.501985199999999895e+04 2.065381035208702087e-03
2.501993500000000131e+04 2.065372187644243240e-03
