2.500009800000000178e+04 7.960613403320312500e+02
2.500018100000000049e+04 7.960725097656250000e+02
2.500026399999999921e+04 7.960849609375000000e+02
2.500034700000000157e+04 7.960977783203125000e+02
2.500043000000000029e+04 7.961096191406250000e+02
2.500051299999999901e+04 7.961108398437500000e+02
2.500059600000000137e+04 7.960877685546875000e+02
2.500067900000000009e+04 7.960863647460937500e+02
2.500076199999999881e+04 7.960945434570312500e+02
2.500084500000000116e+04 7.960993652343750000e+02
2.500092799999999988e+04 7.961061401367187500e+02
2.500101099999999860e+04 7.961137695312500000e+02
2.500109400000000096e+04 7.961217041015625000e+02
2.500117699999999968e+04 7.961303100585937500e+02
2.500125999999999840e+04 7.961406250000000000e+02
2.500134300000000076e+04 7.961518554687500000e+02
2.500142599999999948e+04 7.961621093750000000e+02
2.500150899999999820e+04 7.961618041992187500e+02
2.500159200000000055e+04 7.961538085937500000e+02
2.500167499999999927e+04 7.961361694335937500e+02
2.500175800000000163e+04 7.961434326171875000e+02
2.500184100000000035e+04 7.961480102539062500e+02
2.500192399999999907e+04 7.961541137695312500e+02
2.500200700000000143e+04 7.961610717773437500e+02
2.500209000000000015e+04 7.961683349609375000e+02
2.500217299999999886e+04 7.961762695312500000e+02
2.500225600000000122e+04 7.961858520507812500e+02
2.500233899999999994e+04 7.961964111328125000e+02
2.500242199999999866e+04 7.962059936523437500e+02
2.500250500000000102e+04 7.962048339843750000e+02
2.500258799999999974e+04 7.961971435546875000e+02
2.500267099999999846e+04 7.961781005859375000e+02
2.500275400000000081e+04 7.961843872070312500e+02
2.500283699999999953e+04 7.961877441406250000e+02
2.500291999999999825e+04 7.961933593750000000e+02
2.500300300000000061e+04 7.961998901367187500e+02
2.500308599999999933e+04 7.962066650390625000e+02
2.500316900000000169e+04 7.962141113281250000e+02
2.500325200000000041e+04 7.962232055664062500e+02
2.500333499999999913e+04 7.962332763671875000e+02
2.500341800000000148e+04 7.962423095703125000e+02
2.500350100000000020e+04 7.962404174804687500e+02
2.500358399999999892e+04 7.962332153320312500e+02
2.500366700000000128e+04 7.962134399414062500e+02
2.500375000000000000e+04 7.962199707031250000e+02
2.500383299999999872e+04 7.962225952148437500e+02
2.500391600000000108e+04 7.962279052734375000e+02
2.500399899999999980e+04 7.962340698242187500e+02
2.500408199999999852e+04 7.962404174804687500e+02
2.500416500000000087e+04 7.962473754882812500e+02
2.500424799999999959e+04 7.962561035156250000e+02
2.500433099999999831e+04 7.962657470703125000e+02
2.500441400000000067e+04 7.962744140625000000e+02
2.500449699999999939e+04 7.962719116210937500e+02
2.500458000000000175e+04 7.962633666992187500e+02
2.500466300000000047e+04 7.962393188476562500e+02
2.500474599999999919e+04 7.962411499023437500e+02
2.500482900000000154e+04 7.962441406250000000e+02
2.500491200000000026e+04 7.962489624023437500e+02
2.500499499999999898e+04 7.962542724609375000e+02
2.500507800000000134e+04 7.962599487304687500e+02
2.500516100000000006e+04 7.962662353515625000e+02
2.500524399999999878e+04 7.962739868164062500e+02
2.500532700000000114e+04 7.962828369140625000e+02
2.500540999999999985e+04 7.962910766601562500e+02
2.500549299999999857e+04 7.962901000976562500e+02
2.500557600000000093e+04 7.962839355468750000e+02
2.500565899999999965e+04 7.962595214843750000e+02
2.500574199999999837e+04 7.962606811523437500e+02
2.500582500000000073e+04 7.962634887695312500e+02
2.500590799999999945e+04 7.962681274414062500e+02
2.500599100000000180e+04 7.962732543945312500e+02
2.500607400000000052e+04 7.962786865234375000e+02
2.500615699999999924e+04 7.962847290039062500e+02
2.500624000000000160e+04 7.962922973632812500e+02
2.500632300000000032e+04 7.963009033203125000e+02
2.500640599999999904e+04 7.963088989257812500e+02
2.500648900000000140e+04 7.963074951171875000e+02
2.500657200000000012e+04 7.963005981445312500e+02
2.500665499999999884e+04 7.962758178710937500e+02
2.500673800000000119e+04 7.962767333984375000e+02
2.500682099999999991e+04 7.962793579101562500e+02
2.500690399999999863e+04 7.962838134765625000e+02
2.500698700000000099e+04 7.962887573242187500e+02
2.500706999999999971e+04 7.962940673828125000e+02
2.500715299999999843e+04 7.962998657226562500e+02
2.500723600000000079e+04 7.963071899414062500e+02
2.500731899999999951e+04 7.963156127929687500e+02
2.500740199999999822e+04 7.963233642578125000e+02
2.500748500000000058e+04 7.963217773437500000e+02
2.500756799999999930e+04 7.963142089843750000e+02
2.500765100000000166e+04 7.962891235351562500e+02
2.500773400000000038e+04 7.962896728515625000e+02
2.500781699999999910e+04 7.962921142578125000e+02
2.500790000000000146e+04 7.962964477539062500e+02
2.500798300000000017e+04 7.963012084960937500e+02
2.500806599999999889e+04 7.963063964843750000e+02
2.500814900000000125e+04 7.963119506835937500e+02
2.500823199999999997e+04 7.963190917968750000e+02
2.500831499999999869e+04 7.963273315429687500e+02
2.500839800000000105e+04 7.963348999023437500e+02
2.500848099999999977e+04 7.963318481445312500e+02
2.500856399999999849e+04 7.963250122070312500e+02
2.500864700000000084e+04 7.962958374023437500e+02
2.500872999999999956e+04 7.962926635742187500e+02
2.500881299999999828e+04 7.962966308593750000e+02
2.500889600000000064e+04 7.963001708984375000e+02
2.500897899999999936e+04 7.963045654296875000e+02
2.500906200000000172e+04 7.963093872070312500e+02
2.500914500000000044e+04 7.963146972656250000e+02
2.500922799999999916e+04 7.963212890625000000e+02
2.500931100000000151e+04 7.963290405273437500e+02
2.500939400000000023e+04 7.963366088867187500e+02
2.500947699999999895e+04 7.963367309570312500e+02
2.500956000000000131e+04 7.963331298828125000e+02
2.500964300000000003e+04 7.963040161132812500e+02
2.500972599999999875e+04 7.962994384765625000e+02
2.500980900000000111e+04 7.963032226562500000e+02
2.500989199999999983e+04 7.963057250976562500e+02
2.500997499999999854e+04 7.963101806640625000e+02
2.501005800000000090e+04 7.963151245117187500e+02
2.501014099999999962e+04 7.963204345703125000e+02
2.501022399999999834e+04 7.963270263671875000e+02
2.501030700000000070e+04 7.963348388671875000e+02
2.501038999999999942e+04 7.963423461914062500e+02
2.501047300000000178e+04 7.963425292968750000e+02
2.501055600000000049e+04 7.963385009765625000e+02
2.501063899999999921e+04 7.963092041015625000e+02
2.501072200000000157e+04 7.963043823242187500e+02
2.501080500000000029e+04 7.963079833984375000e+02
2.501088799999999901e+04 7.963103637695312500e+02
2.501097100000000137e+04 7.963146972656250000e+02
2.501105400000000009e+04 7.963195190429687500e+02
2.501113699999999881e+04 7.963247070312500000e+02
2.501122000000000116e+04 7.963311767578125000e+02
2.501130299999999988e+04 7.963388671875000000e+02
2.501138599999999860e+04 7.963463134765625000e+02
2.501146900000000096e+04 7.963463134765625000e+02
2.501155199999999968e+04 7.963420410156250000e+02
2.501163499999999840e+04 7.963126831054687500e+02
2.501171800000000076e+04 7.963076782226562500e+02
2.501180099999999948e+04 7.963110961914062500e+02
2.501188399999999820e+04 7.963131713867187500e+02
2.501196700000000055e+04 7.963174438476562500e+02
2.501204999999999927e+04 7.963221435546875000e+02
2.501213300000000163e+04 7.963272094726562500e+02
2.501221600000000035e+04 7.963335571289062500e+02
2.501229899999999907e+04 7.963411254882812500e+02
2.501238200000000143e+04 7.963484497070312500e+02
2.501246500000000015e+04 7.963483276367187500e+02
2.501254799999999886e+04 7.963464965820312500e+02
2.501263100000000122e+04 7.963167724609375000e+02
2.501271399999999994e+04 7.963073120117187500e+02
2.501279699999999866e+04 7.963104248046875000e+02
2.501288000000000102e+04 7.963126831054687500e+02
2.501296299999999974e+04 7.963167724609375000e+02
2.501304599999999846e+04 7.963214111328125000e+02
2.501312900000000081e+04 7.963263549804687500e+02
2.501321199999999953e+04 7.963327026367187500e+02
2.501329499999999825e+04 7.963400268554687500e+02
2.501337800000000061e+04 7.963474731445312500e+02
2.501346099999999933e+04 7.963497924804687500e+02
2.501354400000000169e+04 7.963436279296875000e+02
2.501362700000000041e+04 7.963164672851562500e+02
2.501370999999999913e+04 7.963049926757812500e+02
2.501379300000000148e+04 7.963082885742187500e+02
2.501387600000000020e+04 7.963097534179687500e+02
2.501395899999999892e+04 7.963138427734375000e+02
2.501404200000000128e+04 7.963184204101562500e+02
2.501412500000000000e+04 7.963233642578125000e+02
2.501420799999999872e+04 7.963292846679687500e+02
2.501429100000000108e+04 7.963366088867187500e+02
2.501437399999999980e+04 7.963439941406250000e+02
2.501445699999999852e+04 7.963460693359375000e+02
2.501454000000000087e+04 7.963402099609375000e+02
2.501462299999999959e+04 7.963121337890625000e+02
2.501470599999999831e+04 7.963010864257812500e+02
2.501478900000000067e+04 7.963041381835937500e+02
2.501487199999999939e+04 7.963056640625000000e+02
2.501495500000000175e+04 7.963096313476562500e+02
2.501503800000000047e+04 7.963141479492187500e+02
2.501512099999999919e+04 7.963190307617187500e+02
2.501520400000000154e+04 7.963248901367187500e+02
2.501528700000000026e+04 7.963320922851562500e+02
2.501536999999999898e+04 7.963393554687500000e+02
2.501545300000000134e+04 7.963413085937500000e+02
2.501553600000000006e+04 7.963369140625000000e+02
2.501561899999999878e+04 7.963081665039062500e+02
2.501570200000000114e+04 7.962976684570312500e+02
2.501578499999999985e+04 7.963005371093750000e+02
2.501586799999999857e+04 7.963021240234375000e+02
2.501595100000000093e+04 7.963060302734375000e+02
2.501603399999999965e+04 7.963105468750000000e+02
2.501611699999999837e+04 7.963152465820312500e+02
2.501620000000000073e+04 7.963210449218750000e+02
2.501628299999999945e+04 7.963281860351562500e+02
2.501636600000000180e+04 7.963353881835937500e+02
2.501644900000000052e+04 7.963372802734375000e+02
2.501653199999999924e+04 7.963326416015625000e+02
2.501661500000000160e+04 7.963037719726562500e+02
2.501669800000000032e+04 7.962881469726562500e+02
2.501678099999999904e+04 7.962908325195312500e+02
2.501686400000000140e+04 7.962929687500000000e+02
2.501694700000000012e+04 7.962967529296875000e+02
2.501702999999999884e+04 7.963011474609375000e+02
2.501711300000000119e+04 7.963057861328125000e+02
2.501719599999999991e+04 7.963115234375000000e+02
2.501727899999999863e+04 7.963184814453125000e+02
2.501736200000000099e+04 7.963256225585937500e+02
2.501744499999999971e+04 7.963292236328125000e+02
2.501752799999999843e+04 7.963218383789062500e+02
2.501761100000000079e+04 7.963009033203125000e+02
2.501769399999999951e+04 7.962829589843750000e+02
2.501777699999999822e+04 7.962868041992187500e+02
2.501786000000000058e+04 7.962888183593750000e+02
2.501794299999999930e+04 7.962925415039062500e+02
2.501802600000000166e+04 7.962969360351562500e+02
2.501810900000000038e+04 7.963015136718750000e+02
2.501819199999999910e+04 7.963068847656250000e+02
2.501827500000000146e+04 7.963137817382812500e+02
2.501835800000000017e+04 7.963211669921875000e+02
2.501844099999999889e+04 7.963253784179687500e+02
2.501852400000000125e+04 7.963170776367187500e+02
2.501860699999999997e+04 7.962979736328125000e+02
2.501868999999999869e+04 7.962798461914062500e+02
2.501877300000000105e+04 7.962838134765625000e+02
2.501885599999999977e+04 7.962858276367187500e+02
2.501893899999999849e+04 7.962894897460937500e+02
2.501902200000000084e+04 7.962938232421875000e+02
2.501910499999999956e+04 7.962984008789062500e+02
2.501918799999999828e+04 7.963037719726562500e+02
2.501927100000000064e+04 7.963106079101562500e+02
2.501935399999999936e+04 7.963178710937500000e+02
2.501943700000000172e+04 7.963220825195312500e+02
2.501952000000000044e+04 7.963138427734375000e+02
2.501960299999999916e+04 7.962938842773437500e+02
2.501968600000000151e+04 7.962756958007812500e+02
2.501976900000000023e+04 7.962796020507812500e+02
2.501985199999999895e+04 7.962816162109375000e+02
2.501993500000000131e+04 7.962852783203125000e+02
