2.500009800000000178e+04 7.858044433593750000e+02
2.500018100000000049e+04 7.858157958984375000e+02
2.500026399999999921e+04 7.858284912109375000e+02
2.500034700000000157e+04 7.858414916992187500e+02
2.500043000000000029e+04 7.858535156250000000e+02
2.500051299999999901e+04 7.858549194335937500e+02
2.500059600000000137e+04 7.858280639648437500e+02
2.500067900000000009e+04 7.858214721679687500e+02
2.500076199999999881e+04 7.858336181640625000e+02
2.500084500000000116e+04 7.858397827148437500e+02
2.500092799999999988e+04 7.858454589843750000e+02
2.500101099999999860e+04 7.858524169921875000e+02
2.500109400000000096e+04 7.858597412109375000e+02
2.500117699999999968e+04 7.858679199218750000e+02
2.500125999999999840e+04 7.858778076171875000e+02
2.500134300000000076e+04 7.858887329101562500e+02
2.500142599999999948e+04 7.858986816406250000e+02
2.500150899999999820e+04 7.858961791992187500e+02
2.500159200000000055e+04 7.858835449218750000e+02
2.500167499999999927e+04 7.858716430664062500e+02
2.500175800000000163e+04 7.858806152343750000e+02
2.500184100000000035e+04 7.858861694335937500e+02
2.500192399999999907e+04 7.858916625976562500e+02
2.500200700000000143e+04 7.858983154296875000e+02
2.500209000000000015e+04 7.859052124023437500e+02
2.500217299999999886e+04 7.859128417968750000e+02
2.500225600000000122e+04 7.859222412109375000e+02
2.500233899999999994e+04 7.859325561523437500e+02
2.500242199999999866e+04 7.859418945312500000e+02
2.500250500000000102e+04 7.859382934570312500e+02
2.500258799999999974e+04 7.859267578125000000e+02
2.500267099999999846e+04 7.859108886718750000e+02
2.500275400000000081e+04 7.859203491210937500e+02
2.500283699999999953e+04 7.859259643554687500e+02
2.500291999999999825e+04 7.859309692382812500e+02
2.500300300000000061e+04 7.859370117187500000e+02
2.500308599999999933e+04 7.859434204101562500e+02
2.500316900000000169e+04 7.859505004882812500e+02
2.500325200000000041e+04 7.859592895507812500e+02
2.500333499999999913e+04 7.859690551757812500e+02
2.500341800000000148e+04 7.859777832031250000e+02
2.500350100000000020e+04 7.859730834960937500e+02
2.500358399999999892e+04 7.859598999023437500e+02
2.500366700000000128e+04 7.859439086914062500e+02
2.500375000000000000e+04 7.859517822265625000e+02
2.500383299999999872e+04 7.859566650390625000e+02
2.500391600000000108e+04 7.859611206054687500e+02
2.500399899999999980e+04 7.859667358398437500e+02
2.500408199999999852e+04 7.859726562500000000e+02
2.500416500000000087e+04 7.859791870117187500e+02
2.500424799999999959e+04 7.859875488281250000e+02
2.500433099999999831e+04 7.859968261718750000e+02
2.500441400000000067e+04 7.860051269531250000e+02
2.500449699999999939e+04 7.859996337890625000e+02
2.500458000000000175e+04 7.859861450195312500e+02
2.500466300000000047e+04 7.859655761718750000e+02
2.500474599999999919e+04 7.859697875976562500e+02
2.500482900000000154e+04 7.859746093750000000e+02
2.500491200000000026e+04 7.859782714843750000e+02
2.500499499999999898e+04 7.859827270507812500e+02
2.500507800000000134e+04 7.859876708984375000e+02
2.500516100000000006e+04 7.859932250976562500e+02
2.500524399999999878e+04 7.860003662109375000e+02
2.500532700000000114e+04 7.860086669921875000e+02
2.500540999999999985e+04 7.860162963867187500e+02
2.500549299999999857e+04 7.860123901367187500e+02
2.500557600000000093e+04 7.860007934570312500e+02
2.500565899999999965e+04 7.859804687500000000e+02
2.500574199999999837e+04 7.859830932617187500e+02
2.500582500000000073e+04 7.859873046875000000e+02
2.500590799999999945e+04 7.859907836914062500e+02
2.500599100000000180e+04 7.859949951171875000e+02
2.500607400000000052e+04 7.859997558593750000e+02
2.500615699999999924e+04 7.860050659179687500e+02
2.500624000000000160e+04 7.860120239257812500e+02
2.500632300000000032e+04 7.860200195312500000e+02
2.500640599999999904e+04 7.860274047851562500e+02
2.500648900000000140e+04 7.860230712890625000e+02
2.500657200000000012e+04 7.860103759765625000e+02
2.500665499999999884e+04 7.859904174804687500e+02
2.500673800000000119e+04 7.859927978515625000e+02
2.500682099999999991e+04 7.859971923828125000e+02
2.500690399999999863e+04 7.860006103515625000e+02
2.500698700000000099e+04 7.860046997070312500e+02
2.500706999999999971e+04 7.860092773437500000e+02
2.500715299999999843e+04 7.860144653320312500e+02
2.500723600000000079e+04 7.860211791992187500e+02
2.500731899999999951e+04 7.860289916992187500e+02
2.500740199999999822e+04 7.860361938476562500e+02
2.500748500000000058e+04 7.860314941406250000e+02
2.500756799999999930e+04 7.860180664062500000e+02
2.500765100000000166e+04 7.859985351562500000e+02
2.500773400000000038e+04 7.860003051757812500e+02
2.500781699999999910e+04 7.860045166015625000e+02
2.500790000000000146e+04 7.860078125000000000e+02
2.500798300000000017e+04 7.860117797851562500e+02
2.500806599999999889e+04 7.860161743164062500e+02
2.500814900000000125e+04 7.860211791992187500e+02
2.500823199999999997e+04 7.860277099609375000e+02
2.500831499999999869e+04 7.860353393554687500e+02
2.500839800000000105e+04 7.860422973632812500e+02
2.500848099999999977e+04 7.860375366210937500e+02
2.500856399999999849e+04 7.860244140625000000e+02
2.500864700000000084e+04 7.859998168945312500e+02
2.500872999999999956e+04 7.859978027343750000e+02
2.500881299999999828e+04 7.860039062500000000e+02
2.500889600000000064e+04 7.860075073242187500e+02
2.500897899999999936e+04 7.860114135742187500e+02
2.500906200000000172e+04 7.860159301757812500e+02
2.500914500000000044e+04 7.860208740234375000e+02
2.500922799999999916e+04 7.860271606445312500e+02
2.500931100000000151e+04 7.860346069335937500e+02
2.500939400000000023e+04 7.860418090820312500e+02
2.500947699999999895e+04 7.860397949218750000e+02
2.500956000000000131e+04 7.860324096679687500e+02
2.500964300000000003e+04 7.860097045898437500e+02
2.500972599999999875e+04 7.860057373046875000e+02
2.500980900000000111e+04 7.860116577148437500e+02
2.500989199999999983e+04 7.860148925781250000e+02
2.500997499999999854e+04 7.860184326171875000e+02
2.501005800000000090e+04 7.860225219726562500e+02
2.501014099999999962e+04 7.860271606445312500e+02
2.501022399999999834e+04 7.860330200195312500e+02
2.501030700000000070e+04 7.860401611328125000e+02
2.501038999999999942e+04 7.860469970703125000e+02
2.501047300000000178e+04 7.860444946289062500e+02
2.501055600000000049e+04 7.860368652343750000e+02
2.501063899999999921e+04 7.860142211914062500e+02
2.501072200000000157e+04 7.860098266601562500e+02
2.501080500000000029e+04 7.860155639648437500e+02
2.501088799999999901e+04 7.860187988281250000e+02
2.501097100000000137e+04 7.860222778320312500e+02
2.501105400000000009e+04 7.860263061523437500e+02
2.501113699999999881e+04 7.860308837890625000e+02
2.501122000000000116e+04 7.860366821289062500e+02
2.501130299999999988e+04 7.860437011718750000e+02
2.501138599999999860e+04 7.860504760742187500e+02
2.501146900000000096e+04 7.860478515625000000e+02
2.501155199999999968e+04 7.860399169921875000e+02
2.501163499999999840e+04 7.860171508789062500e+02
2.501171800000000076e+04 7.860122070312500000e+02
2.501180099999999948e+04 7.860172119140625000e+02
2.501188399999999820e+04 7.860203247070312500e+02
2.501196700000000055e+04 7.860238037109375000e+02
2.501204999999999927e+04 7.860277709960937500e+02
2.501213300000000163e+04 7.860321655273437500e+02
2.501221600000000035e+04 7.860379638671875000e+02
2.501229899999999907e+04 7.860449218750000000e+02
2.501238200000000143e+04 7.860515747070312500e+02
2.501246500000000015e+04 7.860489501953125000e+02
2.501254799999999886e+04 7.860411376953125000e+02
2.501263100000000122e+04 7.860167236328125000e+02
2.501271399999999994e+04 7.860079345703125000e+02
2.501279699999999866e+04 7.860134277343750000e+02
2.501288000000000102e+04 7.860168457031250000e+02
2.501296299999999974e+04 7.860202636718750000e+02
2.501304599999999846e+04 7.860242309570312500e+02
2.501312900000000081e+04 7.860286254882812500e+02
2.501321199999999953e+04 7.860344238281250000e+02
2.501329499999999825e+04 7.860411987304687500e+02
2.501337800000000061e+04 7.860480957031250000e+02
2.501346099999999933e+04 7.860482788085937500e+02
2.501354400000000169e+04 7.860408935546875000e+02
2.501362700000000041e+04 7.860199584960937500e+02
2.501370999999999913e+04 7.860099487304687500e+02
2.501379300000000148e+04 7.860156860351562500e+02
2.501387600000000020e+04 7.860190429687500000e+02
2.501395899999999892e+04 7.860223388671875000e+02
2.501404200000000128e+04 7.860262451171875000e+02
2.501412500000000000e+04 7.860305786132812500e+02
2.501420799999999872e+04 7.860359497070312500e+02
2.501429100000000108e+04 7.860426635742187500e+02
2.501437399999999980e+04 7.860494384765625000e+02
2.501445699999999852e+04 7.860494995117187500e+02
2.501454000000000087e+04 7.860420532226562500e+02
2.501462299999999959e+04 7.860206298828125000e+02
2.501470599999999831e+04 7.860102539062500000e+02
2.501478900000000067e+04 7.860154418945312500e+02
2.501487199999999939e+04 7.860187377929687500e+02
2.501495500000000175e+04 7.860219726562500000e+02
2.501503800000000047e+04 7.860258178710937500e+02
2.501512099999999919e+04 7.860300292968750000e+02
2.501520400000000154e+04 7.860353393554687500e+02
2.501528700000000026e+04 7.860419921875000000e+02
2.501536999999999898e+04 7.860487060546875000e+02
2.501545300000000134e+04 7.860486450195312500e+02
2.501553600000000006e+04 7.860427856445312500e+02
2.501561899999999878e+04 7.860213012695312500e+02
2.501570200000000114e+04 7.860111083984375000e+02
2.501578499999999985e+04 7.860166015625000000e+02
2.501586799999999857e+04 7.860198364257812500e+02
2.501595100000000093e+04 7.860230712890625000e+02
2.501603399999999965e+04 7.860268554687500000e+02
2.501611699999999837e+04 7.860309448242187500e+02
2.501620000000000073e+04 7.860361938476562500e+02
2.501628299999999945e+04 7.860427856445312500e+02
2.501636600000000180e+04 7.860494384765625000e+02
2.501644900000000052e+04 7.860493164062500000e+02
2.501653199999999924e+04 7.860433349609375000e+02
2.501661500000000160e+04 7.860216064453125000e+02
2.501669800000000032e+04 7.860062866210937500e+02
2.501678099999999904e+04 7.860130615234375000e+02
2.501686400000000140e+04 7.860164794921875000e+02
2.501694700000000012e+04 7.860194702148437500e+02
2.501702999999999884e+04 7.860231933593750000e+02
2.501711300000000119e+04 7.860272827148437500e+02
2.501719599999999991e+04 7.860324096679687500e+02
2.501727899999999863e+04 7.860387573242187500e+02
2.501736200000000099e+04 7.860454101562500000e+02
2.501744499999999971e+04 7.860469970703125000e+02
2.501752799999999843e+04 7.860411376953125000e+02
2.501761100000000079e+04 7.860203857421875000e+02
2.501769399999999951e+04 7.860062255859375000e+02
2.501777699999999822e+04 7.860113525390625000e+02
2.501786000000000058e+04 7.860147705078125000e+02
2.501794299999999930e+04 7.860177001953125000e+02
2.501802600000000166e+04 7.860214233398437500e+02
2.501810900000000038e+04 7.860253906250000000e+02
2.501819199999999910e+04 7.860302124023437500e+02
2.501827500000000146e+04 7.860365600585937500e+02
2.501835800000000017e+04 7.860433349609375000e+02
2.501844099999999889e+04 7.860461425781250000e+02
2.501852400000000125e+04 7.860402832031250000e+02
2.501860699999999997e+04 7.860202026367187500e+02
2.501868999999999869e+04 7.860053100585937500e+02
2.501877300000000105e+04 7.860103759765625000e+02
2.501885599999999977e+04 7.860137329101562500e+02
2.501893899999999849e+04 7.860166625976562500e+02
2.501902200000000084e+04 7.860203247070312500e+02
2.501910499999999956e+04 7.860242309570312500e+02
2.501918799999999828e+04 7.860290527343750000e+02
2.501927100000000064e+04 7.860352783203125000e+02
2.501935399999999936e+04 7.860419921875000000e+02
2.501943700000000172e+04 7.860447387695312500e+02
2.501952000000000044e+04 7.860388183593750000e+02
2.501960299999999916e+04 7.860185546875000000e+02
2.501968600000000151e+04 7.860040283203125000e+02
2.501976900000000023e+04 7.860090942382812500e+02
2.501985199999999895e+04 7.860122680664062500e+02
2.501993500000000131e+04 7.860151367187500000e+02
