2.500009800000000178e+04 8.266293945312500000e+02
2.500018100000000049e+04 8.266405639648437500e+02
2.500026399999999921e+04 8.266530151367187500e+02
2.500034700000000157e+04 8.266658325195312500e+02
2.500043000000000029e+04 8.266776733398437500e+02
2.500051299999999901e+04 8.266788940429687500e+02
2.500059600000000137e+04 8.266558227539062500e+02
2.500067900000000009e+04 8.266544799804687500e+02
2.500076199999999881e+04 8.266625976562500000e+02
2.500084500000000116e+04 8.266674194335937500e+02
2.500092799999999988e+04 8.266741943359375000e+02
2.500101099999999860e+04 8.266818237304687500e+02
2.500109400000000096e+04 8.266897583007812500e+02
2.500117699999999968e+04 8.266983642578125000e+02
2.500125999999999840e+04 8.267086791992187500e+02
2.500134300000000076e+04 8.267199096679687500e+02
2.500142599999999948e+04 8.267301635742187500e+02
2.500150899999999820e+04 8.267298583984375000e+02
2.500159200000000055e+04 8.267219238281250000e+02
2.500167499999999927e+04 8.267042846679687500e+02
2.500175800000000163e+04 8.267114868164062500e+02
2.500184100000000035e+04 8.267160644531250000e+02
2.500192399999999907e+04 8.267221679687500000e+02
2.500200700000000143e+04 8.267291870117187500e+02
2.500209000000000015e+04 8.267363891601562500e+02
2.500217299999999886e+04 8.267443237304687500e+02
2.500225600000000122e+04 8.267539672851562500e+02
2.500233899999999994e+04 8.267644653320312500e+02
2.500242199999999866e+04 8.267740478515625000e+02
2.500250500000000102e+04 8.267728881835937500e+02
2.500258799999999974e+04 8.267652587890625000e+02
2.500267099999999846e+04 8.267461547851562500e+02
2.500275400000000081e+04 8.267525024414062500e+02
2.500283699999999953e+04 8.267557983398437500e+02
2.500291999999999825e+04 8.267614135742187500e+02
2.500300300000000061e+04 8.267679443359375000e+02
2.500308599999999933e+04 8.267747192382812500e+02
2.500316900000000169e+04 8.267821655273437500e+02
2.500325200000000041e+04 8.267913208007812500e+02
2.500333499999999913e+04 8.268013305664062500e+02
2.500341800000000148e+04 8.268104248046875000e+02
2.500350100000000020e+04 8.268084716796875000e+02
2.500358399999999892e+04 8.268013305664062500e+02
2.500366700000000128e+04 8.267815551757812500e+02
2.500375000000000000e+04 8.267880249023437500e+02
2.500383299999999872e+04 8.267906494140625000e+02
2.500391600000000108e+04 8.267959594726562500e+02
2.500399899999999980e+04 8.268021240234375000e+02
2.500408199999999852e+04 8.268084716796875000e+02
2.500416500000000087e+04 8.268154296875000000e+02
2.500424799999999959e+04 8.268241577148437500e+02
2.500433099999999831e+04 8.268338012695312500e+02
2.500441400000000067e+04 8.268424682617187500e+02
2.500449699999999939e+04 8.268399658203125000e+02
2.500458000000000175e+04 8.268314208984375000e+02
2.500466300000000047e+04 8.268073730468750000e+02
2.500474599999999919e+04 8.268092041015625000e+02
2.500482900000000154e+04 8.268121948242187500e+02
2.500491200000000026e+04 8.268170166015625000e+02
2.500499499999999898e+04 8.268223266601562500e+02
2.500507800000000134e+04 8.268280029296875000e+02
2.500516100000000006e+04 8.268342895507812500e+02
2.500524399999999878e+04 8.268420410156250000e+02
2.500532700000000114e+04 8.268508911132812500e+02
2.500540999999999985e+04 8.268591308593750000e+02
2.500549299999999857e+04 8.268581542968750000e+02
2.500557600000000093e+04 8.268519897460937500e+02
2.500565899999999965e+04 8.268275756835937500e+02
2.500574199999999837e+04 8.268287353515625000e+02
2.500582500000000073e+04 8.268315429687500000e+02
2.500590799999999945e+04 8.268361816406250000e+02
2.500599100000000180e+04 8.268413085937500000e+02
2.500607400000000052e+04 8.268468017578125000e+02
2.500615699999999924e+04 8.268527832031250000e+02
2.500624000000000160e+04 8.268603515625000000e+02
2.500632300000000032e+04 8.268689575195312500e+02
2.500640599999999904e+04 8.268769531250000000e+02
2.500648900000000140e+04 8.268756103515625000e+02
2.500657200000000012e+04 8.268686523437500000e+02
2.500665499999999884e+04 8.268438720703125000e+02
2.500673800000000119e+04 8.268447875976562500e+02
2.500682099999999991e+04 8.268474121093750000e+02
2.500690399999999863e+04 8.268518676757812500e+02
2.500698700000000099e+04 8.268568115234375000e+02
2.500706999999999971e+04 8.268621215820312500e+02
2.500715299999999843e+04 8.268679809570312500e+02
2.500723600000000079e+04 8.268753051757812500e+02
2.500731899999999951e+04 8.268836669921875000e+02
2.500740199999999822e+04 8.268914794921875000e+02
2.500748500000000058e+04 8.268898315429687500e+02
2.500756799999999930e+04 8.268822631835937500e+02
2.500765100000000166e+04 8.268571777343750000e+02
2.500773400000000038e+04 8.268577270507812500e+02
2.500781699999999910e+04 8.268602294921875000e+02
2.500790000000000146e+04 8.268645019531250000e+02
2.500798300000000017e+04 8.268693237304687500e+02
2.500806599999999889e+04 8.268744506835937500e+02
2.500814900000000125e+04 8.268800048828125000e+02
2.500823199999999997e+04 8.268872070312500000e+02
2.500831499999999869e+04 8.268953857421875000e+02
2.500839800000000105e+04 8.269030151367187500e+02
2.500848099999999977e+04 8.268999633789062500e+02
2.500856399999999849e+04 8.268930664062500000e+02
2.500864700000000084e+04 8.268638916015625000e+02
2.500872999999999956e+04 8.268607177734375000e+02
2.500881299999999828e+04 8.268646850585937500e+02
2.500889600000000064e+04 8.268682250976562500e+02
2.500897899999999936e+04 8.268726196289062500e+02
2.500906200000000172e+04 8.268774414062500000e+02
2.500914500000000044e+04 8.268827514648437500e+02
2.500922799999999916e+04 8.268893432617187500e+02
2.500931100000000151e+04 8.268970947265625000e+02
2.500939400000000023e+04 8.269046630859375000e+02
2.500947699999999895e+04 8.269048461914062500e+02
2.500956000000000131e+04 8.269011840820312500e+02
2.500964300000000003e+04 8.268720703125000000e+02
2.500972599999999875e+04 8.268674926757812500e+02
2.500980900000000111e+04 8.268712768554687500e+02
2.500989199999999983e+04 8.268737792968750000e+02
2.500997499999999854e+04 8.268782958984375000e+02
2.501005800000000090e+04 8.267725830078125000e+02
2.501014099999999962e+04 8.267779541015625000e+02
2.501022399999999834e+04 8.267845458984375000e+02
2.501030700000000070e+04 8.267922973632812500e+02
2.501038999999999942e+04 8.267998657226562500e+02
2.501047300000000178e+04 8.267999877929687500e+02
2.501055600000000049e+04 8.267959594726562500e+02
2.501063899999999921e+04 8.267666625976562500e+02
2.501072200000000157e+04 8.267618408203125000e+02
2.501080500000000029e+04 8.267654418945312500e+02
2.501088799999999901e+04 8.267678222656250000e+02
2.501097100000000137e+04 8.267722167968750000e+02
2.501105400000000009e+04 8.267769775390625000e+02
2.501113699999999881e+04 8.267822265625000000e+02
2.501122000000000116e+04 8.267886962890625000e+02
2.501130299999999988e+04 8.267963867187500000e+02
2.501138599999999860e+04 8.268037719726562500e+02
2.501146900000000096e+04 8.268037719726562500e+02
2.501155199999999968e+04 8.267995605468750000e+02
2.501163499999999840e+04 8.267701416015625000e+02
2.501171800000000076e+04 8.267651367187500000e+02
2.501180099999999948e+04 8.267685546875000000e+02
2.501188399999999820e+04 8.267706298828125000e+02
2.501196700000000055e+04 8.267749023437500000e+02
2.501204999999999927e+04 8.267796630859375000e+02
2.501213300000000163e+04 8.267846679687500000e+02
2.501221600000000035e+04 8.267910766601562500e+02
2.501229899999999907e+04 8.267986450195312500e+02
2.501238200000000143e+04 8.268059692382812500e+02
2.501246500000000015e+04 8.268058471679687500e+02
2.501254799999999886e+04 8.268040161132812500e+02
2.501263100000000122e+04 8.267742919921875000e+02
2.501271399999999994e+04 8.267648315429687500e+02
2.501279699999999866e+04 8.267678833007812500e+02
2.501288000000000102e+04 8.267701416015625000e+02
2.501296299999999974e+04 8.267742919921875000e+02
2.501304599999999846e+04 8.267788696289062500e+02
2.501312900000000081e+04 8.267838745117187500e+02
2.501321199999999953e+04 8.267901611328125000e+02
2.501329499999999825e+04 8.267975463867187500e+02
2.501337800000000061e+04 8.268049926757812500e+02
2.501346099999999933e+04 8.268072509765625000e+02
2.501354400000000169e+04 8.268010864257812500e+02
2.501362700000000041e+04 8.267739257812500000e+02
2.501370999999999913e+04 8.267624511718750000e+02
2.501379300000000148e+04 8.267657470703125000e+02
2.501387600000000020e+04 8.267672729492187500e+02
2.501395899999999892e+04 8.267713012695312500e+02
2.501404200000000128e+04 8.267759399414062500e+02
2.501412500000000000e+04 8.267808227539062500e+02
2.501420799999999872e+04 8.267868041992187500e+02
2.501429100000000108e+04 8.267941284179687500e+02
2.501437399999999980e+04 8.268015136718750000e+02
2.501445699999999852e+04 8.268035278320312500e+02
2.501454000000000087e+04 8.267976684570312500e+02
2.501462299999999959e+04 8.267696533203125000e+02
2.501470599999999831e+04 8.267585449218750000e+02
2.501478900000000067e+04 8.267615966796875000e+02
2.501487199999999939e+04 8.267631835937500000e+02
2.501495500000000175e+04 8.267671508789062500e+02
2.501503800000000047e+04 8.267716674804687500e+02
2.501512099999999919e+04 8.267764892578125000e+02
2.501520400000000154e+04 8.267823486328125000e+02
2.501528700000000026e+04 8.267895507812500000e+02
2.501536999999999898e+04 8.267968750000000000e+02
2.501545300000000134e+04 8.267988281250000000e+02
2.501553600000000006e+04 8.267943725585937500e+02
2.501561899999999878e+04 8.267656860351562500e+02
2.501570200000000114e+04 8.267551879882812500e+02
2.501578499999999985e+04 8.267580566406250000e+02
2.501586799999999857e+04 8.267596435546875000e+02
2.501595100000000093e+04 8.267635498046875000e+02
2.501603399999999965e+04 8.267680053710937500e+02
2.501611699999999837e+04 8.267727050781250000e+02
2.501620000000000073e+04 8.267785034179687500e+02
2.501628299999999945e+04 8.267856445312500000e+02
2.501636600000000180e+04 8.267929077148437500e+02
2.501644900000000052e+04 8.267947387695312500e+02
2.501653199999999924e+04 8.267901611328125000e+02
2.501661500000000160e+04 8.267612915039062500e+02
2.501669800000000032e+04 8.267456665039062500e+02
2.501678099999999904e+04 8.267483520507812500e+02
2.501686400000000140e+04 8.267504882812500000e+02
2.501694700000000012e+04 8.267542114257812500e+02
2.501702999999999884e+04 8.267586059570312500e+02
2.501711300000000119e+04 8.267632446289062500e+02
2.501719599999999991e+04 8.267690429687500000e+02
2.501727899999999863e+04 8.267759399414062500e+02
2.501736200000000099e+04 8.267831420898437500e+02
2.501744499999999971e+04 8.267866821289062500e+02
2.501752799999999843e+04 8.267793579101562500e+02
2.501761100000000079e+04 8.267584228515625000e+02
2.501769399999999951e+04 8.267404785156250000e+02
2.501777699999999822e+04 8.267442626953125000e+02
2.501786000000000058e+04 8.267463378906250000e+02
2.501794299999999930e+04 8.267500610351562500e+02
2.501802600000000166e+04 8.267543945312500000e+02
2.501810900000000038e+04 8.267590332031250000e+02
2.501819199999999910e+04 8.267644042968750000e+02
2.501827500000000146e+04 8.267713012695312500e+02
2.501835800000000017e+04 8.267786254882812500e+02
2.501844099999999889e+04 8.267828979492187500e+02
2.501852400000000125e+04 8.267745971679687500e+02
2.501860699999999997e+04 8.267554321289062500e+02
2.501868999999999869e+04 8.267373046875000000e+02
2.501877300000000105e+04 8.267412719726562500e+02
2.501885599999999977e+04 8.267432861328125000e+02
2.501893899999999849e+04 8.267470092773437500e+02
2.501902200000000084e+04 8.267513427734375000e+02
2.501910499999999956e+04 8.267558593750000000e+02
2.501918799999999828e+04 8.267612304687500000e+02
2.501927100000000064e+04 8.267680664062500000e+02
2.501935399999999936e+04 8.267753906250000000e+02
2.501943700000000172e+04 8.267796020507812500e+02
2.501952000000000044e+04 8.267713623046875000e+02
2.501960299999999916e+04 8.267513427734375000e+02
2.501968600000000151e+04 8.267332153320312500e+02
2.501976900000000023e+04 8.267370605468750000e+02
2.501985199999999895e+04 8.267390747070312500e+02
2.501993500000000131e+04 8.267427978515625000e+02
