2.500009800000000178e+04 2.693834900856018066e-01
2.500018100000000049e+04 2.643938064575195312e-01
2.500026399999999921e+04 2.582664489746093750e-01
2.500034700000000157e+04 2.535904049873352051e-01
2.500043000000000029e+04 2.508547902107238770e-01
2.500051299999999901e+04 2.569331228733062744e-01
2.500059600000000137e+04 2.277866601943969727e+00
2.500067900000000009e+04 1.548945999145507812e+01
2.500076199999999881e+04 1.031738090515136719e+01
2.500084500000000116e+04 9.832316398620605469e+00
2.500092799999999988e+04 8.212001800537109375e+00
2.500101099999999860e+04 6.874608993530273438e+00
2.500109400000000096e+04 5.783188343048095703e+00
2.500117699999999968e+04 4.886967182159423828e+00
2.500125999999999840e+04 4.149761199951171875e+00
2.500134300000000076e+04 3.536572217941284180e+00
2.500142599999999948e+04 3.033410549163818359e+00
2.500150899999999820e+04 4.279585361480712891e+00
2.500159200000000055e+04 1.117421054840087891e+01
2.500167499999999927e+04 1.110515308380126953e+01
2.500175800000000163e+04 1.012607669830322266e+01
2.500184100000000035e+04 1.009042549133300781e+01
2.500192399999999907e+04 8.530308723449707031e+00
2.500200700000000143e+04 7.298803806304931641e+00
2.500209000000000015e+04 6.273181915283203125e+00
2.500217299999999886e+04 5.410061359405517578e+00
2.500225600000000122e+04 4.684537410736083984e+00
2.500233899999999994e+04 4.065164089202880859e+00
2.500242199999999866e+04 3.548887491226196289e+00
2.500250500000000102e+04 5.091398239135742188e+00
2.500258799999999974e+04 1.245183372497558594e+01
2.500267099999999846e+04 1.011146831512451172e+01
2.500275400000000081e+04 1.022756099700927734e+01
2.500283699999999953e+04 9.988554000854492188e+00
2.500291999999999825e+04 8.695829391479492188e+00
2.500300300000000061e+04 7.572214126586914062e+00
2.500308599999999933e+04 6.620267391204833984e+00
2.500316900000000169e+04 5.798851013183593750e+00
2.500325200000000041e+04 5.097706794738769531e+00
2.500333499999999913e+04 4.493576049804687500e+00
2.500341800000000148e+04 3.978563785552978516e+00
2.500350100000000020e+04 5.800074100494384766e+00
2.500358399999999892e+04 1.183555889129638672e+01
2.500366700000000128e+04 1.033906173706054688e+01
2.500375000000000000e+04 1.022929000854492188e+01
2.500383299999999872e+04 1.007613182067871094e+01
2.500391600000000108e+04 8.869405746459960938e+00
2.500399899999999980e+04 7.796281337738037109e+00
2.500408199999999852e+04 6.901232719421386719e+00
2.500416500000000087e+04 6.128657817840576172e+00
2.500424799999999959e+04 5.452844619750976562e+00
2.500433099999999831e+04 4.862749576568603516e+00
2.500441400000000067e+04 4.355380535125732422e+00
2.500449699999999939e+04 6.410284996032714844e+00
2.500458000000000175e+04 1.213786888122558594e+01
2.500466300000000047e+04 1.024306297302246094e+01
2.500474599999999919e+04 1.057633113861083984e+01
2.500482900000000154e+04 1.002867317199707031e+01
2.500491200000000026e+04 9.813588142395019531e+00
2.500499499999999898e+04 8.760124206542968750e+00
2.500507800000000134e+04 7.834806442260742188e+00
2.500516100000000006e+04 7.027404308319091797e+00
2.500524399999999878e+04 6.315705299377441406e+00
2.500532700000000114e+04 5.685052394866943359e+00
2.500540999999999985e+04 5.134919643402099609e+00
2.500549299999999857e+04 6.912613868713378906e+00
2.500557600000000093e+04 1.096445465087890625e+01
2.500565899999999965e+04 1.066031551361083984e+01
2.500574199999999837e+04 1.046597671508789062e+01
2.500582500000000073e+04 1.013755512237548828e+01
2.500590799999999945e+04 9.898810386657714844e+00
2.500599100000000180e+04 8.904364585876464844e+00
2.500607400000000052e+04 8.036265373229980469e+00
2.500615699999999924e+04 7.266465663909912109e+00
2.500624000000000160e+04 6.579911708831787109e+00
2.500632300000000032e+04 5.974864006042480469e+00
2.500640599999999904e+04 5.438962936401367188e+00
2.500648900000000140e+04 7.375455856323242188e+00
2.500657200000000012e+04 1.073736476898193359e+01
2.500665499999999884e+04 1.072868728637695312e+01
2.500673800000000119e+04 1.035268211364746094e+01
2.500682099999999991e+04 1.005621337890625000e+01
2.500690399999999863e+04 9.932942390441894531e+00
2.500698700000000099e+04 9.008611679077148438e+00
2.500706999999999971e+04 8.184085845947265625e+00
2.500715299999999843e+04 7.453003883361816406e+00
2.500723600000000079e+04 6.801585197448730469e+00
2.500731899999999951e+04 6.214245319366455078e+00
2.500740199999999822e+04 5.694364070892333984e+00
2.500748500000000058e+04 7.747952461242675781e+00
2.500756799999999930e+04 1.061785125732421875e+01
2.500765100000000166e+04 1.101845264434814453e+01
2.500773400000000038e+04 1.027012157440185547e+01
2.500781699999999910e+04 1.006666088104248047e+01
2.500790000000000146e+04 9.962495803833007812e+00
2.500798300000000017e+04 9.090922355651855469e+00
2.500806599999999889e+04 8.307716369628906250e+00
2.500814900000000125e+04 7.608445644378662109e+00
2.500823199999999997e+04 6.983733654022216797e+00
2.500831499999999869e+04 6.416110038757324219e+00
2.500839800000000105e+04 5.912330150604248047e+00
2.500848099999999977e+04 8.053743362426757812e+00
2.500856399999999849e+04 1.086282157897949219e+01
2.500864700000000084e+04 1.063592433929443359e+01
2.500872999999999956e+04 1.086034774780273438e+01
2.500881299999999828e+04 1.010290145874023438e+01
2.500889600000000064e+04 1.004903221130371094e+01
2.500897899999999936e+04 9.220437049865722656e+00
2.500906200000000172e+04 8.467262268066406250e+00
2.500914500000000044e+04 7.789353847503662109e+00
2.500922799999999916e+04 7.180069446563720703e+00
2.500931100000000151e+04 6.627131462097167969e+00
2.500939400000000023e+04 6.130567550659179688e+00
2.500947699999999895e+04 7.659935951232910156e+00
2.500956000000000131e+04 1.022079086303710938e+01
2.500964300000000003e+04 1.156636714935302734e+01
2.500972599999999875e+04 1.024249744415283203e+01
2.500980900000000111e+04 1.011087894439697266e+01
2.500989199999999983e+04 9.984328269958496094e+00
2.500997499999999854e+04 9.208644866943359375e+00
2.501005800000000090e+04 8.494835853576660156e+00
2.501014099999999962e+04 7.831875324249267578e+00
2.501022399999999834e+04 7.252479076385498047e+00
2.501030700000000070e+04 6.723697662353515625e+00
2.501038999999999942e+04 6.244746685028076172e+00
2.501047300000000178e+04 7.842185497283935547e+00
2.501055600000000049e+04 1.022198486328125000e+01
2.501063899999999921e+04 1.176007556915283203e+01
2.501072200000000157e+04 1.018898963928222656e+01
2.501080500000000029e+04 1.010189628601074219e+01
2.501088799999999901e+04 9.988142013549804688e+00
2.501097100000000137e+04 9.251545906066894531e+00
2.501105400000000009e+04 8.560038566589355469e+00
2.501113699999999881e+04 7.945106029510498047e+00
2.501122000000000116e+04 7.381820678710937500e+00
2.501130299999999988e+04 6.867106437683105469e+00
2.501138599999999860e+04 6.400870800018310547e+00
2.501146900000000096e+04 8.054418563842773438e+00
2.501155199999999968e+04 1.019335269927978516e+01
2.501163499999999840e+04 1.181869888305664062e+01
2.501171800000000076e+04 1.024715614318847656e+01
2.501180099999999948e+04 1.023049926757812500e+01
2.501188399999999820e+04 1.003935623168945312e+01
2.501196700000000055e+04 9.302488327026367188e+00
2.501204999999999927e+04 8.639818191528320312e+00
2.501213300000000163e+04 8.039609909057617188e+00
2.501221600000000035e+04 7.492095947265625000e+00
2.501229899999999907e+04 6.994753360748291016e+00
2.501238200000000143e+04 6.540383338928222656e+00
2.501246500000000015e+04 8.235247611999511719e+00
2.501254799999999886e+04 1.031098842620849609e+01
2.501263100000000122e+04 1.120644760131835938e+01
2.501271399999999994e+04 1.044791507720947266e+01
2.501279699999999866e+04 1.018413543701171875e+01
2.501288000000000102e+04 1.007131195068359375e+01
2.501296299999999974e+04 9.376231193542480469e+00
2.501304599999999846e+04 8.735944747924804688e+00
2.501312900000000081e+04 8.150466918945312500e+00
2.501321199999999953e+04 7.617318630218505859e+00
2.501329499999999825e+04 7.129157066345214844e+00
2.501337800000000061e+04 6.674292564392089844e+00
2.501346099999999933e+04 7.690542697906494141e+00
2.501354400000000169e+04 1.008637905120849609e+01
2.501362700000000041e+04 1.235491466522216797e+01
2.501370999999999913e+04 1.019300556182861328e+01
2.501379300000000148e+04 1.029006767272949219e+01
2.501387600000000020e+04 1.007961654663085938e+01
2.501395899999999892e+04 9.415452003479003906e+00
2.501404200000000128e+04 8.791501998901367188e+00
2.501412500000000000e+04 8.225156784057617188e+00
2.501420799999999872e+04 7.701619625091552734e+00
2.501429100000000108e+04 7.222058773040771484e+00
2.501437399999999980e+04 6.786703586578369141e+00
2.501445699999999852e+04 7.830986499786376953e+00
2.501454000000000087e+04 1.008988666534423828e+01
2.501462299999999959e+04 1.228334140777587891e+01
2.501470599999999831e+04 1.029015636444091797e+01
2.501478900000000067e+04 1.035869407653808594e+01
2.501487199999999939e+04 1.009644222259521484e+01
2.501495500000000175e+04 9.447072982788085938e+00
2.501503800000000047e+04 8.843152046203613281e+00
2.501512099999999919e+04 8.288457870483398438e+00
2.501520400000000154e+04 7.775145530700683594e+00
2.501528700000000026e+04 7.310834407806396484e+00
2.501536999999999898e+04 6.882474899291992188e+00
2.501545300000000134e+04 7.951722621917724609e+00
2.501553600000000006e+04 1.011097717285156250e+01
2.501561899999999878e+04 1.229558372497558594e+01
2.501570200000000114e+04 1.023015689849853516e+01
2.501578499999999985e+04 1.029591178894042969e+01
2.501586799999999857e+04 1.010014057159423828e+01
2.501595100000000093e+04 9.472659111022949219e+00
2.501603399999999965e+04 8.882608413696289062e+00
2.501611699999999837e+04 8.342250823974609375e+00
2.501620000000000073e+04 7.843768596649169922e+00
2.501628299999999945e+04 7.385426044464111328e+00
2.501636600000000180e+04 6.969422817230224609e+00
2.501644900000000052e+04 8.070903778076171875e+00
2.501653199999999924e+04 1.011815166473388672e+01
2.501661500000000160e+04 1.231772708892822266e+01
2.501669800000000032e+04 1.024227809906005859e+01
2.501678099999999904e+04 1.074567794799804688e+01
2.501686400000000140e+04 1.012255859375000000e+01
2.501694700000000012e+04 9.514651298522949219e+00
2.501702999999999884e+04 8.933255195617675781e+00
2.501711300000000119e+04 8.402170181274414062e+00
2.501719599999999991e+04 7.917876243591308594e+00
2.501727899999999863e+04 7.463191986083984375e+00
2.501736200000000099e+04 7.045335292816162109e+00
2.501744499999999971e+04 8.170372962951660156e+00
2.501752799999999843e+04 1.010997295379638672e+01
2.501761100000000079e+04 1.160219955444335938e+01
2.501769399999999951e+04 1.060036849975585938e+01
2.501777699999999822e+04 1.034677600860595703e+01
2.501786000000000058e+04 1.013040065765380859e+01
2.501794299999999930e+04 9.538087844848632812e+00
2.501802600000000166e+04 8.969044685363769531e+00
2.501810900000000038e+04 8.450711250305175781e+00
2.501819199999999910e+04 7.968846321105957031e+00
2.501827500000000146e+04 7.528988838195800781e+00
2.501835800000000017e+04 7.117962837219238281e+00
2.501844099999999889e+04 7.498775959014892578e+00
2.501852400000000125e+04 1.010248851776123047e+01
2.501860699999999997e+04 1.178428173065185547e+01
2.501868999999999869e+04 1.061973571777343750e+01
2.501877300000000105e+04 1.043782043457031250e+01
2.501885599999999977e+04 1.014641380310058594e+01
2.501893899999999849e+04 9.559444427490234375e+00
2.501902200000000084e+04 9.005026817321777344e+00
2.501910499999999956e+04 8.490901947021484375e+00
2.501918799999999828e+04 8.025217056274414062e+00
2.501927100000000064e+04 7.592489242553710938e+00
2.501935399999999936e+04 7.184058189392089844e+00
2.501943700000000172e+04 7.579838275909423828e+00
2.501952000000000044e+04 1.013579654693603516e+01
2.501960299999999916e+04 1.175419330596923828e+01
2.501968600000000151e+04 1.056085395812988281e+01
2.501976900000000023e+04 1.043504238128662109e+01
2.501985199999999895e+04 1.018548107147216797e+01
2.501993500000000131e+04 9.581788063049316406e+00
