2.500009800000000178e+04 3.781350795179605484e-03
2.500018100000000049e+04 3.781368723139166832e-03
2.500026399999999921e+04 3.781378734856843948e-03
2.500034700000000157e+04 3.781387582421302795e-03
2.500043000000000029e+04 3.781394334509968758e-03
2.500051299999999901e+04 3.781402017921209335e-03
2.500059600000000137e+04 3.781440202146768570e-03
2.500067900000000009e+04 4.109434783458709717e-03
2.500076199999999881e+04 4.085558466613292694e-03
2.500084500000000116e+04 4.127447027713060379e-03
2.500092799999999988e+04 4.109931178390979767e-03
2.500101099999999860e+04 4.095489159226417542e-03
2.500109400000000096e+04 4.082921426743268967e-03
2.500117699999999968e+04 4.071980249136686325e-03
2.500125999999999840e+04 4.062453284859657288e-03
2.500134300000000076e+04 4.054165445268154144e-03
2.500142599999999948e+04 4.046960733830928802e-03
2.500150899999999820e+04 4.040708299726247787e-03
2.500159200000000055e+04 4.035315476357936859e-03
2.500167499999999927e+04 4.181028343737125397e-03
2.500175800000000163e+04 4.166449885815382004e-03
2.500184100000000035e+04 4.197180736809968948e-03
2.500192399999999907e+04 4.184098448604345322e-03
2.500200700000000143e+04 4.173095338046550751e-03
2.500209000000000015e+04 4.163537640124559402e-03
2.500217299999999886e+04 4.155242349952459335e-03
2.500225600000000122e+04 4.148050677031278610e-03
2.500233899999999994e+04 4.141830839216709137e-03
2.500242199999999866e+04 4.136464558541774750e-03
2.500250500000000102e+04 4.131851717829704285e-03
2.500258799999999974e+04 4.127927590161561966e-03
2.500267099999999846e+04 4.259752109646797180e-03
2.500275400000000081e+04 4.248804878443479538e-03
2.500283699999999953e+04 4.277158994227647781e-03
2.500291999999999825e+04 4.267024341970682144e-03
2.500300300000000061e+04 4.258397035300731659e-03
2.500308599999999933e+04 4.250923637300729752e-03
2.500316900000000169e+04 4.244461189955472946e-03
2.500325200000000041e+04 4.238885827362537384e-03
2.500333499999999913e+04 4.234094638377428055e-03
2.500341800000000148e+04 4.229993559420108795e-03
2.500350100000000020e+04 4.226503428071737289e-03
2.500358399999999892e+04 4.223578609526157379e-03
2.500366700000000128e+04 4.344422835856676102e-03
2.500375000000000000e+04 4.335956182330846786e-03
2.500383299999999872e+04 4.362339619547128677e-03
2.500391600000000108e+04 4.354257136583328247e-03
2.500399899999999980e+04 4.347297828644514084e-03
2.500408199999999852e+04 4.341286141425371170e-03
2.500416500000000087e+04 4.336106125265359879e-03
2.500424799999999959e+04 4.331658128648996353e-03
2.500433099999999831e+04 4.327856469899415970e-03
2.500441400000000067e+04 4.324627108871936798e-03
2.500449699999999939e+04 4.321904387325048447e-03
2.500458000000000175e+04 4.319655243307352066e-03
2.500466300000000047e+04 4.431458655744791031e-03
2.500474599999999919e+04 4.424749407917261124e-03
2.500482900000000154e+04 4.449439700692892075e-03
2.500491200000000026e+04 4.442822188138961792e-03
2.500499499999999898e+04 4.437058698385953903e-03
2.500507800000000134e+04 4.432091023772954941e-03
2.500516100000000006e+04 4.427822772413492203e-03
2.500524399999999878e+04 4.424169193953275681e-03
2.500532700000000114e+04 4.421061370521783829e-03
2.500540999999999985e+04 4.418435506522655487e-03
2.500549299999999857e+04 4.416237119585275650e-03
2.500557600000000093e+04 4.414438735693693161e-03
2.500565899999999965e+04 4.518615081906318665e-03
2.500574199999999837e+04 4.513163585215806961e-03
2.500582500000000073e+04 4.536358173936605453e-03
2.500590799999999945e+04 4.530807491391897202e-03
2.500599100000000180e+04 4.525913856923580170e-03
2.500607400000000052e+04 4.521700553596019745e-03
2.500615699999999924e+04 4.518085159361362457e-03
2.500624000000000160e+04 4.514995496720075607e-03
2.500632300000000032e+04 4.512372892349958420e-03
2.500640599999999904e+04 4.510163329541683197e-03
2.500648900000000140e+04 4.508320242166519165e-03
2.500657200000000012e+04 4.506823606789112091e-03
2.500665499999999884e+04 4.604487214237451553e-03
2.500673800000000119e+04 4.599953070282936096e-03
2.500682099999999991e+04 4.621817264705896378e-03
2.500690399999999863e+04 4.617051687091588974e-03
2.500698700000000099e+04 4.612796939909458160e-03
2.500706999999999971e+04 4.609132185578346252e-03
2.500715299999999843e+04 4.605985246598720551e-03
2.500723600000000079e+04 4.603294655680656433e-03
2.500731899999999951e+04 4.601010121405124664e-03
2.500740199999999822e+04 4.599083680659532547e-03
2.500748500000000058e+04 4.597475752234458923e-03
2.500756799999999930e+04 4.596172366291284561e-03
2.500765100000000166e+04 4.688202403485774994e-03
2.500773400000000038e+04 4.684343468397855759e-03
2.500781699999999910e+04 4.705016035586595535e-03
2.500790000000000146e+04 4.700831603258848190e-03
2.500798300000000017e+04 4.697048105299472809e-03
2.500806599999999889e+04 4.693781957030296326e-03
2.500814900000000125e+04 4.690970759838819504e-03
2.500823199999999997e+04 4.688560962677001953e-03
2.500831499999999869e+04 4.686506465077400208e-03
2.500839800000000105e+04 4.684767685830593109e-03
2.500848099999999977e+04 4.683308769017457962e-03
2.500856399999999849e+04 4.682119935750961304e-03
2.500864700000000084e+04 4.769237246364355087e-03
2.500872999999999956e+04 4.765888210386037827e-03
2.500881299999999828e+04 4.785494878888130188e-03
2.500889600000000064e+04 4.781743045896291733e-03
2.500897899999999936e+04 4.778305068612098694e-03
2.500906200000000172e+04 4.775328096002340317e-03
2.500914500000000044e+04 4.772755783051252365e-03
2.500922799999999916e+04 4.770538769662380219e-03
2.500931100000000151e+04 4.768637940287590027e-03
2.500939400000000023e+04 4.767016973346471786e-03
2.500947699999999895e+04 4.765644669532775879e-03
2.500956000000000131e+04 4.764508921653032303e-03
2.500964300000000003e+04 4.847299307584762573e-03
2.500972599999999875e+04 4.844318609684705734e-03
2.500980900000000111e+04 4.862956702709197998e-03
2.500989199999999983e+04 4.859526176005601883e-03
2.500997499999999854e+04 4.856342449784278870e-03
2.501005800000000090e+04 4.853571765124797821e-03
2.501014099999999962e+04 4.840861540287733078e-03
2.501022399999999834e+04 4.838778637349605560e-03
2.501030700000000070e+04 4.836978390812873840e-03
2.501038999999999942e+04 4.835428204387426376e-03
2.501047300000000178e+04 4.834100138396024704e-03
2.501055600000000049e+04 4.832986276596784592e-03
2.501063899999999921e+04 4.911762196570634842e-03
2.501072200000000157e+04 4.909059964120388031e-03
2.501080500000000029e+04 4.926775582134723663e-03
2.501088799999999901e+04 4.923590924590826035e-03
2.501097100000000137e+04 4.920599516481161118e-03
2.501105400000000009e+04 4.917981103062629700e-03
2.501113699999999881e+04 4.915690980851650238e-03
2.501122000000000116e+04 4.913688171654939651e-03
2.501130299999999988e+04 4.911941010504961014e-03
2.501138599999999860e+04 4.910420626401901245e-03
2.501146900000000096e+04 4.909100942313671112e-03
2.501155199999999968e+04 4.907976835966110229e-03
2.501163499999999840e+04 4.983387887477874756e-03
2.501171800000000076e+04 4.980883095413446426e-03
2.501180099999999948e+04 4.997805692255496979e-03
2.501188399999999820e+04 4.994795192033052444e-03
2.501196700000000055e+04 4.991935100406408310e-03
2.501204999999999927e+04 4.989415872842073441e-03
2.501213300000000163e+04 4.987195599824190140e-03
2.501221600000000035e+04 4.985238425433635712e-03
2.501229899999999907e+04 4.983513616025447845e-03
2.501238200000000143e+04 4.981995560228824615e-03
2.501246500000000015e+04 4.980660509318113327e-03
2.501254799999999886e+04 4.979506134986877441e-03
2.501263100000000122e+04 5.051922518759965897e-03
2.501271399999999994e+04 5.049560219049453735e-03
2.501279699999999866e+04 5.065770354121923447e-03
2.501288000000000102e+04 5.062885582447052002e-03
2.501296299999999974e+04 5.060115829110145569e-03
2.501304599999999846e+04 5.057660862803459167e-03
2.501312900000000081e+04 5.055481567978858948e-03
2.501321199999999953e+04 5.053543951362371445e-03
2.501329499999999825e+04 5.051818676292896271e-03
2.501337800000000061e+04 5.050285253673791885e-03
2.501346099999999933e+04 5.048918537795543671e-03
2.501354400000000169e+04 5.047713406383991241e-03
2.501362700000000041e+04 5.117439664900302887e-03
2.501370999999999913e+04 5.115190055221319199e-03
2.501379300000000148e+04 5.130745470523834229e-03
2.501387600000000020e+04 5.127950105816125870e-03
2.501395899999999892e+04 5.125241354107856750e-03
2.501404200000000128e+04 5.122824572026729584e-03
2.501412500000000000e+04 5.120663437992334366e-03
2.501420799999999872e+04 5.118725355714559555e-03
2.501429100000000108e+04 5.116984713822603226e-03
2.501437399999999980e+04 5.115420091897249222e-03
2.501445699999999852e+04 5.114010535180568695e-03
2.501454000000000087e+04 5.112751387059688568e-03
2.501462299999999959e+04 5.180079955607652664e-03
2.501470599999999831e+04 5.177899263799190521e-03
2.501478900000000067e+04 5.192858166992664337e-03
2.501487199999999939e+04 5.190098192542791367e-03
2.501495500000000175e+04 5.187433678656816483e-03
2.501503800000000047e+04 5.185041110962629318e-03
2.501512099999999919e+04 5.182886496186256409e-03
2.501520400000000154e+04 5.180940497666597366e-03
2.501528700000000026e+04 5.179177504032850266e-03
2.501536999999999898e+04 5.177578888833522797e-03
2.501545300000000134e+04 5.176124628633260727e-03
2.501553600000000006e+04 5.174810998141765594e-03
2.501561899999999878e+04 5.239991005510091782e-03
2.501570200000000114e+04 5.237863399088382721e-03
2.501578499999999985e+04 5.252283532172441483e-03
2.501586799999999857e+04 5.249596200883388519e-03
2.501595100000000093e+04 5.246952641755342484e-03
2.501603399999999965e+04 5.244564730674028397e-03
2.501611699999999837e+04 5.242399871349334717e-03
2.501620000000000073e+04 5.240430589765310287e-03
2.501628299999999945e+04 5.238631740212440491e-03
2.501636600000000180e+04 5.236987490206956863e-03
2.501644900000000052e+04 5.235477816313505173e-03
2.501653199999999924e+04 5.234101787209510803e-03
2.501661500000000160e+04 5.297338590025901794e-03
2.501669800000000032e+04 5.295237991958856583e-03
2.501678099999999904e+04 5.309168715029954910e-03
2.501686400000000140e+04 5.306505132466554642e-03
2.501694700000000012e+04 5.303869489580392838e-03
2.501702999999999884e+04 5.301475524902343750e-03
2.501711300000000119e+04 5.299292039126157761e-03
2.501719599999999991e+04 5.297239404171705246e-03
2.501727899999999863e+04 5.295413546264171600e-03
2.501736200000000099e+04 5.293733440339565277e-03
2.501744499999999971e+04 5.292179062962532043e-03
2.501752799999999843e+04 5.290746223181486130e-03
2.501761100000000079e+04 5.352223291993141174e-03
2.501769399999999951e+04 5.350166931748390198e-03
2.501777699999999822e+04 5.363656207919120789e-03
2.501786000000000058e+04 5.361019633710384369e-03
2.501794299999999930e+04 5.358396563678979874e-03
2.501802600000000166e+04 5.356002599000930786e-03
2.501810900000000038e+04 5.353807471692562103e-03
2.501819199999999910e+04 5.351786967366933823e-03
2.501827500000000146e+04 5.349918734282255173e-03
2.501835800000000017e+04 5.348187405616044998e-03
2.501844099999999889e+04 5.346575751900672913e-03
2.501852400000000125e+04 5.345077719539403915e-03
2.501860699999999997e+04 5.404961761087179184e-03
2.501868999999999869e+04 5.402909126132726669e-03
2.501877300000000105e+04 5.415981635451316833e-03
2.501885599999999977e+04 5.413348320871591568e-03
2.501893899999999849e+04 5.410717334598302841e-03
2.501902200000000084e+04 5.408304277807474136e-03
2.501910499999999956e+04 5.406080745160579681e-03
2.501918799999999828e+04 5.403995048254728317e-03
2.501927100000000064e+04 5.402089096605777740e-03
2.501935399999999936e+04 5.400312598794698715e-03
2.501943700000000172e+04 5.398650187999010086e-03
2.501952000000000044e+04 5.397096276283264160e-03
2.501960299999999916e+04 5.455539096146821976e-03
2.501968600000000151e+04 5.453492049127817154e-03
2.501976900000000023e+04 5.466189235448837280e-03
2.501985199999999895e+04 5.463560577481985092e-03
2.501993500000000131e+04 5.460923537611961365e-03
