2.500009800000000178e+04 8.180127563476562500e+02
2.500018100000000049e+04 8.180230102539062500e+02
2.500026399999999921e+04 8.180346069335937500e+02
2.500034700000000157e+04 8.180464477539062500e+02
2.500043000000000029e+04 8.180573730468750000e+02
2.500051299999999901e+04 8.180577392578125000e+02
2.500059600000000137e+04 8.180312500000000000e+02
2.500067900000000009e+04 8.180330200195312500e+02
2.500076199999999881e+04 8.180368652343750000e+02
2.500084500000000116e+04 8.180415649414062500e+02
2.500092799999999988e+04 8.180459594726562500e+02
2.500101099999999860e+04 8.180515747070312500e+02
2.500109400000000096e+04 8.180577392578125000e+02
2.500117699999999968e+04 8.180647583007812500e+02
2.500125999999999840e+04 8.180736694335937500e+02
2.500134300000000076e+04 8.180836181640625000e+02
2.500142599999999948e+04 8.180926513671875000e+02
2.500150899999999820e+04 8.180910034179687500e+02
2.500159200000000055e+04 8.180899047851562500e+02
2.500167499999999927e+04 8.180709838867187500e+02
2.500175800000000163e+04 8.180865478515625000e+02
2.500184100000000035e+04 8.180906982421875000e+02
2.500192399999999907e+04 8.180944824218750000e+02
2.500200700000000143e+04 8.180994262695312500e+02
2.500209000000000015e+04 8.181048583984375000e+02
2.500217299999999886e+04 8.181111450195312500e+02
2.500225600000000122e+04 8.181193237304687500e+02
2.500233899999999994e+04 8.181285400390625000e+02
2.500242199999999866e+04 8.181369018554687500e+02
2.500250500000000102e+04 8.181341552734375000e+02
2.500258799999999974e+04 8.181365966796875000e+02
2.500267099999999846e+04 8.181135864257812500e+02
2.500275400000000081e+04 8.181289062500000000e+02
2.500283699999999953e+04 8.181326904296875000e+02
2.500291999999999825e+04 8.181359863281250000e+02
2.500300300000000061e+04 8.181405029296875000e+02
2.500308599999999933e+04 8.181454467773437500e+02
2.500316900000000169e+04 8.181511840820312500e+02
2.500325200000000041e+04 8.181588745117187500e+02
2.500333499999999913e+04 8.181675415039062500e+02
2.500341800000000148e+04 8.181752929687500000e+02
2.500350100000000020e+04 8.181718139648437500e+02
2.500358399999999892e+04 8.181759033203125000e+02
2.500366700000000128e+04 8.181523437500000000e+02
2.500375000000000000e+04 8.181676025390625000e+02
2.500383299999999872e+04 8.181711425781250000e+02
2.500391600000000108e+04 8.181740722656250000e+02
2.500399899999999980e+04 8.181781616210937500e+02
2.500408199999999852e+04 8.181826782226562500e+02
2.500416500000000087e+04 8.181879272460937500e+02
2.500424799999999959e+04 8.181951293945312500e+02
2.500433099999999831e+04 8.182033691406250000e+02
2.500441400000000067e+04 8.182106933593750000e+02
2.500449699999999939e+04 8.182064819335937500e+02
2.500458000000000175e+04 8.182097167968750000e+02
2.500466300000000047e+04 8.181821899414062500e+02
2.500474599999999919e+04 8.181926269531250000e+02
2.500482900000000154e+04 8.181958007812500000e+02
2.500491200000000026e+04 8.181980590820312500e+02
2.500499499999999898e+04 8.182011718750000000e+02
2.500507800000000134e+04 8.182048339843750000e+02
2.500516100000000006e+04 8.182092895507812500e+02
2.500524399999999878e+04 8.182154541015625000e+02
2.500532700000000114e+04 8.182227783203125000e+02
2.500540999999999985e+04 8.182296142578125000e+02
2.500549299999999857e+04 8.182268066406250000e+02
2.500557600000000093e+04 8.182332153320312500e+02
2.500565899999999965e+04 8.182055053710937500e+02
2.500574199999999837e+04 8.182153320312500000e+02
2.500582500000000073e+04 8.182184448242187500e+02
2.500590799999999945e+04 8.182205810546875000e+02
2.500599100000000180e+04 8.182234497070312500e+02
2.500607400000000052e+04 8.182269287109375000e+02
2.500615699999999924e+04 8.182310791015625000e+02
2.500624000000000160e+04 8.182369384765625000e+02
2.500632300000000032e+04 8.182440185546875000e+02
2.500640599999999904e+04 8.182505493164062500e+02
2.500648900000000140e+04 8.182473144531250000e+02
2.500657200000000012e+04 8.182529296875000000e+02
2.500665499999999884e+04 8.182251586914062500e+02
2.500673800000000119e+04 8.182345581054687500e+02
2.500682099999999991e+04 8.182375488281250000e+02
2.500690399999999863e+04 8.182395629882812500e+02
2.500698700000000099e+04 8.182423095703125000e+02
2.500706999999999971e+04 8.182455444335937500e+02
2.500715299999999843e+04 8.182495117187500000e+02
2.500723600000000079e+04 8.182551269531250000e+02
2.500731899999999951e+04 8.182619628906250000e+02
2.500740199999999822e+04 8.182682495117187500e+02
2.500748500000000058e+04 8.182647094726562500e+02
2.500756799999999930e+04 8.182703247070312500e+02
2.500765100000000166e+04 8.182424926757812500e+02
2.500773400000000038e+04 8.182515869140625000e+02
2.500781699999999910e+04 8.182545776367187500e+02
2.500790000000000146e+04 8.182564697265625000e+02
2.500798300000000017e+04 8.182590332031250000e+02
2.500806599999999889e+04 8.182621459960937500e+02
2.500814900000000125e+04 8.182658691406250000e+02
2.500823199999999997e+04 8.182712402343750000e+02
2.500831499999999869e+04 8.182778930664062500e+02
2.500839800000000105e+04 8.182839965820312500e+02
2.500848099999999977e+04 8.182801513671875000e+02
2.500856399999999849e+04 8.182865600585937500e+02
2.500864700000000084e+04 8.182546997070312500e+02
2.500872999999999956e+04 8.182596435546875000e+02
2.500881299999999828e+04 8.182622070312500000e+02
2.500889600000000064e+04 8.182642211914062500e+02
2.500897899999999936e+04 8.182666015625000000e+02
2.500906200000000172e+04 8.182695922851562500e+02
2.500914500000000044e+04 8.182731323242187500e+02
2.500922799999999916e+04 8.182780761718750000e+02
2.500931100000000151e+04 8.182843627929687500e+02
2.500939400000000023e+04 8.182905273437500000e+02
2.500947699999999895e+04 8.182890014648437500e+02
2.500956000000000131e+04 8.182989501953125000e+02
2.500964300000000003e+04 8.182677612304687500e+02
2.500972599999999875e+04 8.182714843750000000e+02
2.500980900000000111e+04 8.182739868164062500e+02
2.500989199999999983e+04 8.182758789062500000e+02
2.500997499999999854e+04 8.182781372070312500e+02
2.501005800000000090e+04 8.182809448242187500e+02
2.501014099999999962e+04 8.182843627929687500e+02
2.501022399999999834e+04 8.182891845703125000e+02
2.501030700000000070e+04 8.182952880859375000e+02
2.501038999999999942e+04 8.183012695312500000e+02
2.501047300000000178e+04 8.182994995117187500e+02
2.501055600000000049e+04 8.183090820312500000e+02
2.501063899999999921e+04 8.182780151367187500e+02
2.501072200000000157e+04 8.182812500000000000e+02
2.501080500000000029e+04 8.182837524414062500e+02
2.501088799999999901e+04 8.182855224609375000e+02
2.501097100000000137e+04 8.182876586914062500e+02
2.501105400000000009e+04 8.182904052734375000e+02
2.501113699999999881e+04 8.182937011718750000e+02
2.501122000000000116e+04 8.182983398437500000e+02
2.501130299999999988e+04 8.183043212890625000e+02
2.501138599999999860e+04 8.183101806640625000e+02
2.501146900000000096e+04 8.183082275390625000e+02
2.501155199999999968e+04 8.183178100585937500e+02
2.501163499999999840e+04 8.182865600585937500e+02
2.501171800000000076e+04 8.182897949218750000e+02
2.501180099999999948e+04 8.182922363281250000e+02
2.501188399999999820e+04 8.182939453125000000e+02
2.501196700000000055e+04 8.182960205078125000e+02
2.501204999999999927e+04 8.182986450195312500e+02
2.501213300000000163e+04 8.183016967773437500e+02
2.501221600000000035e+04 8.183062744140625000e+02
2.501229899999999907e+04 8.183121337890625000e+02
2.501238200000000143e+04 8.183178100585937500e+02
2.501246500000000015e+04 8.183156738281250000e+02
2.501254799999999886e+04 8.183270874023437500e+02
2.501263100000000122e+04 8.182952880859375000e+02
2.501271399999999994e+04 8.182941284179687500e+02
2.501279699999999866e+04 8.182978515625000000e+02
2.501288000000000102e+04 8.182997436523437500e+02
2.501296299999999974e+04 8.183015747070312500e+02
2.501304599999999846e+04 8.183041381835937500e+02
2.501312900000000081e+04 8.183071289062500000e+02
2.501321199999999953e+04 8.183115844726562500e+02
2.501329499999999825e+04 8.183171386718750000e+02
2.501337800000000061e+04 8.183229980468750000e+02
2.501346099999999933e+04 8.183233032226562500e+02
2.501354400000000169e+04 8.183298950195312500e+02
2.501362700000000041e+04 8.183007202148437500e+02
2.501370999999999913e+04 8.182977905273437500e+02
2.501379300000000148e+04 8.183018798828125000e+02
2.501387600000000020e+04 8.183037719726562500e+02
2.501395899999999892e+04 8.183055419921875000e+02
2.501404200000000128e+04 8.183079833984375000e+02
2.501412500000000000e+04 8.183109130859375000e+02
2.501420799999999872e+04 8.183149414062500000e+02
2.501429100000000108e+04 8.183204345703125000e+02
2.501437399999999980e+04 8.183261718750000000e+02
2.501445699999999852e+04 8.183263549804687500e+02
2.501454000000000087e+04 8.183346557617187500e+02
2.501462299999999959e+04 8.183045654296875000e+02
2.501470599999999831e+04 8.183021850585937500e+02
2.501478900000000067e+04 8.183058471679687500e+02
2.501487199999999939e+04 8.183076782226562500e+02
2.501495500000000175e+04 8.183093872070312500e+02
2.501503800000000047e+04 8.183117675781250000e+02
2.501512099999999919e+04 8.183146362304687500e+02
2.501520400000000154e+04 8.183186035156250000e+02
2.501528700000000026e+04 8.183240356445312500e+02
2.501536999999999898e+04 8.183296508789062500e+02
2.501545300000000134e+04 8.183297119140625000e+02
2.501553600000000006e+04 8.183378906250000000e+02
2.501561899999999878e+04 8.183076782226562500e+02
2.501570200000000114e+04 8.183051757812500000e+02
2.501578499999999985e+04 8.183087768554687500e+02
2.501586799999999857e+04 8.183105468750000000e+02
2.501595100000000093e+04 8.183121948242187500e+02
2.501603399999999965e+04 8.183145751953125000e+02
2.501611699999999837e+04 8.183172607421875000e+02
2.501620000000000073e+04 8.183211669921875000e+02
2.501628299999999945e+04 8.183264770507812500e+02
2.501636600000000180e+04 8.183320312500000000e+02
2.501644900000000052e+04 8.183320312500000000e+02
2.501653199999999924e+04 8.183412475585937500e+02
2.501661500000000160e+04 8.183110351562500000e+02
2.501669800000000032e+04 8.183032836914062500e+02
2.501678099999999904e+04 8.183076782226562500e+02
2.501686400000000140e+04 8.183096313476562500e+02
2.501694700000000012e+04 8.183110961914062500e+02
2.501702999999999884e+04 8.183134155273437500e+02
2.501711300000000119e+04 8.183160400390625000e+02
2.501719599999999991e+04 8.183198852539062500e+02
2.501727899999999863e+04 8.183250122070312500e+02
2.501736200000000099e+04 8.183304443359375000e+02
2.501744499999999971e+04 8.183321533203125000e+02
2.501752799999999843e+04 8.183331909179687500e+02
2.501761100000000079e+04 8.183117675781250000e+02
2.501769399999999951e+04 8.182998657226562500e+02
2.501777699999999822e+04 8.183074951171875000e+02
2.501786000000000058e+04 8.183094482421875000e+02
2.501794299999999930e+04 8.183108520507812500e+02
2.501802600000000166e+04 8.183131103515625000e+02
2.501810900000000038e+04 8.183156738281250000e+02
2.501819199999999910e+04 8.183191528320312500e+02
2.501827500000000146e+04 8.183242187500000000e+02
2.501835800000000017e+04 8.183298950195312500e+02
2.501844099999999889e+04 8.183322753906250000e+02
2.501852400000000125e+04 8.183331909179687500e+02
2.501860699999999997e+04 8.183115844726562500e+02
2.501868999999999869e+04 8.182999877929687500e+02
2.501877300000000105e+04 8.183073120117187500e+02
2.501885599999999977e+04 8.183092041015625000e+02
2.501893899999999849e+04 8.183106079101562500e+02
2.501902200000000084e+04 8.183128051757812500e+02
2.501910499999999956e+04 8.183153076171875000e+02
2.501918799999999828e+04 8.183187255859375000e+02
2.501927100000000064e+04 8.183237304687500000e+02
2.501935399999999936e+04 8.183293457031250000e+02
2.501943700000000172e+04 8.183316650390625000e+02
2.501952000000000044e+04 8.183325195312500000e+02
2.501960299999999916e+04 8.183109741210937500e+02
2.501968600000000151e+04 8.182993164062500000e+02
2.501976900000000023e+04 8.183065795898437500e+02
2.501985199999999895e+04 8.183084716796875000e+02
2.501993500000000131e+04 8.183098144531250000e+02
