2.500009800000000178e+04 8.279639892578125000e+02
2.500018100000000049e+04 8.279737548828125000e+02
2.500026399999999921e+04 8.279847412109375000e+02
2.500034700000000157e+04 8.279960937500000000e+02
2.500043000000000029e+04 8.280065307617187500e+02
2.500051299999999901e+04 8.280063476562500000e+02
2.500059600000000137e+04 8.279296875000000000e+02
2.500067900000000009e+04 8.279432373046875000e+02
2.500076199999999881e+04 8.279397583007812500e+02
2.500084500000000116e+04 8.279473266601562500e+02
2.500092799999999988e+04 8.279522705078125000e+02
2.500101099999999860e+04 8.279582519531250000e+02
2.500109400000000096e+04 8.279644775390625000e+02
2.500117699999999968e+04 8.279714355468750000e+02
2.500125999999999840e+04 8.279801025390625000e+02
2.500134300000000076e+04 8.279897460937500000e+02
2.500142599999999948e+04 8.279984130859375000e+02
2.500150899999999820e+04 8.279971923828125000e+02
2.500159200000000055e+04 8.279978637695312500e+02
2.500167499999999927e+04 8.279736328125000000e+02
2.500175800000000163e+04 8.279895019531250000e+02
2.500184100000000035e+04 8.279928588867187500e+02
2.500192399999999907e+04 8.279974365234375000e+02
2.500200700000000143e+04 8.280029296875000000e+02
2.500209000000000015e+04 8.280087280273437500e+02
2.500217299999999886e+04 8.280151977539062500e+02
2.500225600000000122e+04 8.280233764648437500e+02
2.500233899999999994e+04 8.280324707031250000e+02
2.500242199999999866e+04 8.280406494140625000e+02
2.500250500000000102e+04 8.280387573242187500e+02
2.500258799999999974e+04 8.280381469726562500e+02
2.500267099999999846e+04 8.280164794921875000e+02
2.500275400000000081e+04 8.280311889648437500e+02
2.500283699999999953e+04 8.280342407226562500e+02
2.500291999999999825e+04 8.280383911132812500e+02
2.500300300000000061e+04 8.280434570312500000e+02
2.500308599999999933e+04 8.280488281250000000e+02
2.500316900000000169e+04 8.280548095703125000e+02
2.500325200000000041e+04 8.280625610351562500e+02
2.500333499999999913e+04 8.280712280273437500e+02
2.500341800000000148e+04 8.280789184570312500e+02
2.500350100000000020e+04 8.280764160156250000e+02
2.500358399999999892e+04 8.280767211914062500e+02
2.500366700000000128e+04 8.280518798828125000e+02
2.500375000000000000e+04 8.280665283203125000e+02
2.500383299999999872e+04 8.280692138671875000e+02
2.500391600000000108e+04 8.280731201171875000e+02
2.500399899999999980e+04 8.280778808593750000e+02
2.500408199999999852e+04 8.280828247070312500e+02
2.500416500000000087e+04 8.280883789062500000e+02
2.500424799999999959e+04 8.280957641601562500e+02
2.500433099999999831e+04 8.281040649414062500e+02
2.500441400000000067e+04 8.281113891601562500e+02
2.500449699999999939e+04 8.281083984375000000e+02
2.500458000000000175e+04 8.281082763671875000e+02
2.500466300000000047e+04 8.280816040039062500e+02
2.500474599999999919e+04 8.280913696289062500e+02
2.500482900000000154e+04 8.280927734375000000e+02
2.500491200000000026e+04 8.280957031250000000e+02
2.500499499999999898e+04 8.280997924804687500e+02
2.500507800000000134e+04 8.281042480468750000e+02
2.500516100000000006e+04 8.281092529296875000e+02
2.500524399999999878e+04 8.281157836914062500e+02
2.500532700000000114e+04 8.281234130859375000e+02
2.500540999999999985e+04 8.281304931640625000e+02
2.500549299999999857e+04 8.281289672851562500e+02
2.500557600000000093e+04 8.281333007812500000e+02
2.500565899999999965e+04 8.281043090820312500e+02
2.500574199999999837e+04 8.281137695312500000e+02
2.500582500000000073e+04 8.281150512695312500e+02
2.500590799999999945e+04 8.281174926757812500e+02
2.500599100000000180e+04 8.281213989257812500e+02
2.500607400000000052e+04 8.281256103515625000e+02
2.500615699999999924e+04 8.281304321289062500e+02
2.500624000000000160e+04 8.281367797851562500e+02
2.500632300000000032e+04 8.281441650390625000e+02
2.500640599999999904e+04 8.281509399414062500e+02
2.500648900000000140e+04 8.281491699218750000e+02
2.500657200000000012e+04 8.281530761718750000e+02
2.500665499999999884e+04 8.281239013671875000e+02
2.500673800000000119e+04 8.281331176757812500e+02
2.500682099999999991e+04 8.281342773437500000e+02
2.500690399999999863e+04 8.281363525390625000e+02
2.500698700000000099e+04 8.281400756835937500e+02
2.500706999999999971e+04 8.281441650390625000e+02
2.500715299999999843e+04 8.281488037109375000e+02
2.500723600000000079e+04 8.281549072265625000e+02
2.500731899999999951e+04 8.281621093750000000e+02
2.500740199999999822e+04 8.281687011718750000e+02
2.500748500000000058e+04 8.281662597656250000e+02
2.500756799999999930e+04 8.281719970703125000e+02
2.500765100000000166e+04 8.281422119140625000e+02
2.500773400000000038e+04 8.281514892578125000e+02
2.500781699999999910e+04 8.281524658203125000e+02
2.500790000000000146e+04 8.281542968750000000e+02
2.500798300000000017e+04 8.281578979492187500e+02
2.500806599999999889e+04 8.281618041992187500e+02
2.500814900000000125e+04 8.281661987304687500e+02
2.500823199999999997e+04 8.281721801757812500e+02
2.500831499999999869e+04 8.281791992187500000e+02
2.500839800000000105e+04 8.281856079101562500e+02
2.500848099999999977e+04 8.281829833984375000e+02
2.500856399999999849e+04 8.281884155273437500e+02
2.500864700000000084e+04 8.281547851562500000e+02
2.500872999999999956e+04 8.281591796875000000e+02
2.500881299999999828e+04 8.281601562500000000e+02
2.500889600000000064e+04 8.281616821289062500e+02
2.500897899999999936e+04 8.281650390625000000e+02
2.500906200000000172e+04 8.281688232421875000e+02
2.500914500000000044e+04 8.281730957031250000e+02
2.500922799999999916e+04 8.281785888671875000e+02
2.500931100000000151e+04 8.281853637695312500e+02
2.500939400000000023e+04 8.281918334960937500e+02
2.500947699999999895e+04 8.281915893554687500e+02
2.500956000000000131e+04 8.282020874023437500e+02
2.500964300000000003e+04 8.281694335937500000e+02
2.500972599999999875e+04 8.281734008789062500e+02
2.500980900000000111e+04 8.281743164062500000e+02
2.500989199999999983e+04 8.281757202148437500e+02
2.500997499999999854e+04 8.281789550781250000e+02
2.501005800000000090e+04 8.281826782226562500e+02
2.501014099999999962e+04 8.281867675781250000e+02
2.501022399999999834e+04 8.281921386718750000e+02
2.501030700000000070e+04 8.281987304687500000e+02
2.501038999999999942e+04 8.282050781250000000e+02
2.501047300000000178e+04 8.282046508789062500e+02
2.501055600000000049e+04 8.282150268554687500e+02
2.501063899999999921e+04 8.281823120117187500e+02
2.501072200000000157e+04 8.281859130859375000e+02
2.501080500000000029e+04 8.281867065429687500e+02
2.501088799999999901e+04 8.281880493164062500e+02
2.501097100000000137e+04 8.281911621093750000e+02
2.501105400000000009e+04 8.281947631835937500e+02
2.501113699999999881e+04 8.281987915039062500e+02
2.501122000000000116e+04 8.282040405273437500e+02
2.501130299999999988e+04 8.282105102539062500e+02
2.501138599999999860e+04 8.282167968750000000e+02
2.501146900000000096e+04 8.282161865234375000e+02
2.501155199999999968e+04 8.282276000976562500e+02
2.501163499999999840e+04 8.281946411132812500e+02
2.501171800000000076e+04 8.281986083984375000e+02
2.501180099999999948e+04 8.281993408203125000e+02
2.501188399999999820e+04 8.282005615234375000e+02
2.501196700000000055e+04 8.282036743164062500e+02
2.501204999999999927e+04 8.282071533203125000e+02
2.501213300000000163e+04 8.282109985351562500e+02
2.501221600000000035e+04 8.282161865234375000e+02
2.501229899999999907e+04 8.282225341796875000e+02
2.501238200000000143e+04 8.282286987304687500e+02
2.501246500000000015e+04 8.282279663085937500e+02
2.501254799999999886e+04 8.282391357421875000e+02
2.501263100000000122e+04 8.282061157226562500e+02
2.501271399999999994e+04 8.282048950195312500e+02
2.501279699999999866e+04 8.282065429687500000e+02
2.501288000000000102e+04 8.282077026367187500e+02
2.501296299999999974e+04 8.282105712890625000e+02
2.501304599999999846e+04 8.282139892578125000e+02
2.501312900000000081e+04 8.282177734375000000e+02
2.501321199999999953e+04 8.282228393554687500e+02
2.501329499999999825e+04 8.282290039062500000e+02
2.501337800000000061e+04 8.282352294921875000e+02
2.501346099999999933e+04 8.282366943359375000e+02
2.501354400000000169e+04 8.282482299804687500e+02
2.501362700000000041e+04 8.282164306640625000e+02
2.501370999999999913e+04 8.282149658203125000e+02
2.501379300000000148e+04 8.282164306640625000e+02
2.501387600000000020e+04 8.282175292968750000e+02
2.501395899999999892e+04 8.282203369140625000e+02
2.501404200000000128e+04 8.282236938476562500e+02
2.501412500000000000e+04 8.282274169921875000e+02
2.501420799999999872e+04 8.282321166992187500e+02
2.501429100000000108e+04 8.282382202148437500e+02
2.501437399999999980e+04 8.282443847656250000e+02
2.501445699999999852e+04 8.282457275390625000e+02
2.501454000000000087e+04 8.282571411132812500e+02
2.501462299999999959e+04 8.282250976562500000e+02
2.501470599999999831e+04 8.282233886718750000e+02
2.501478900000000067e+04 8.282248535156250000e+02
2.501487199999999939e+04 8.282258911132812500e+02
2.501495500000000175e+04 8.282286376953125000e+02
2.501503800000000047e+04 8.282319946289062500e+02
2.501512099999999919e+04 8.282355957031250000e+02
2.501520400000000154e+04 8.282402954101562500e+02
2.501528700000000026e+04 8.282462768554687500e+02
2.501536999999999898e+04 8.282523803710937500e+02
2.501545300000000134e+04 8.282536621093750000e+02
2.501553600000000006e+04 8.282649536132812500e+02
2.501561899999999878e+04 8.282327880859375000e+02
2.501570200000000114e+04 8.282310180664062500e+02
2.501578499999999985e+04 8.282324218750000000e+02
2.501586799999999857e+04 8.282333984375000000e+02
2.501595100000000093e+04 8.282360839843750000e+02
2.501603399999999965e+04 8.282393798828125000e+02
2.501611699999999837e+04 8.282428588867187500e+02
2.501620000000000073e+04 8.282474975585937500e+02
2.501628299999999945e+04 8.282534179687500000e+02
2.501636600000000180e+04 8.282594604492187500e+02
2.501644900000000052e+04 8.282606201171875000e+02
2.501653199999999924e+04 8.282720336914062500e+02
2.501661500000000160e+04 8.282396850585937500e+02
2.501669800000000032e+04 8.282327880859375000e+02
2.501678099999999904e+04 8.282343139648437500e+02
2.501686400000000140e+04 8.282354125976562500e+02
2.501694700000000012e+04 8.282378540039062500e+02
2.501702999999999884e+04 8.282410278320312500e+02
2.501711300000000119e+04 8.282443847656250000e+02
2.501719599999999991e+04 8.282489013671875000e+02
2.501727899999999863e+04 8.282545776367187500e+02
2.501736200000000099e+04 8.282605590820312500e+02
2.501744499999999971e+04 8.282633666992187500e+02
2.501752799999999843e+04 8.282719726562500000e+02
2.501761100000000079e+04 8.282422485351562500e+02
2.501769399999999951e+04 8.282340698242187500e+02
2.501777699999999822e+04 8.282358398437500000e+02
2.501786000000000058e+04 8.282368774414062500e+02
2.501794299999999930e+04 8.282393798828125000e+02
2.501802600000000166e+04 8.282424926757812500e+02
2.501810900000000038e+04 8.282458496093750000e+02
2.501819199999999910e+04 8.282500000000000000e+02
2.501827500000000146e+04 8.282556762695312500e+02
2.501835800000000017e+04 8.282617797851562500e+02
2.501844099999999889e+04 8.282650146484375000e+02
2.501852400000000125e+04 8.282694091796875000e+02
2.501860699999999997e+04 8.282419433593750000e+02
2.501868999999999869e+04 8.282321777343750000e+02
2.501877300000000105e+04 8.282350463867187500e+02
2.501885599999999977e+04 8.282360839843750000e+02
2.501893899999999849e+04 8.282385864257812500e+02
2.501902200000000084e+04 8.282416992187500000e+02
2.501910499999999956e+04 8.282450561523437500e+02
2.501918799999999828e+04 8.282492675781250000e+02
2.501927100000000064e+04 8.282548828125000000e+02
2.501935399999999936e+04 8.282610473632812500e+02
2.501943700000000172e+04 8.282642211914062500e+02
2.501952000000000044e+04 8.282716064453125000e+02
2.501960299999999916e+04 8.282425537109375000e+02
2.501968600000000151e+04 8.282343139648437500e+02
2.501976900000000023e+04 8.282360229492187500e+02
2.501985199999999895e+04 8.282369995117187500e+02
2.501993500000000131e+04 8.282393798828125000e+02
