2.500009800000000178e+04 1.312568481445312500e+03
2.500018100000000049e+04 1.312572509765625000e+03
2.500026399999999921e+04 1.312577392578125000e+03
2.500034700000000157e+04 1.312582763671875000e+03
2.500043000000000029e+04 1.312588378906250000e+03
2.500051299999999901e+04 1.312594360351562500e+03
2.500059600000000137e+04 1.312873901367187500e+03
2.500067900000000009e+04 1.312879150390625000e+03
2.500076199999999881e+04 1.312919677734375000e+03
2.500084500000000116e+04 1.312923461914062500e+03
2.500092799999999988e+04 1.312926513671875000e+03
2.500101099999999860e+04 1.312929931640625000e+03
2.500109400000000096e+04 1.312933349609375000e+03
2.500117699999999968e+04 1.312937133789062500e+03
2.500125999999999840e+04 1.312941894531250000e+03
2.500134300000000076e+04 1.312947265625000000e+03
2.500142599999999948e+04 1.312952880859375000e+03
2.500150899999999820e+04 1.312958740234375000e+03
2.500159200000000055e+04 1.313052612304687500e+03
2.500167499999999927e+04 1.313057861328125000e+03
2.500175800000000163e+04 1.313090087890625000e+03
2.500184100000000035e+04 1.313093872070312500e+03
2.500192399999999907e+04 1.313096923828125000e+03
2.500200700000000143e+04 1.313100341796875000e+03
2.500209000000000015e+04 1.313103759765625000e+03
2.500217299999999886e+04 1.313107543945312500e+03
2.500225600000000122e+04 1.313112304687500000e+03
2.500233899999999994e+04 1.313117675781250000e+03
2.500242199999999866e+04 1.313123291015625000e+03
2.500250500000000102e+04 1.313129150390625000e+03
2.500258799999999974e+04 1.313212158203125000e+03
2.500267099999999846e+04 1.313217407226562500e+03
2.500275400000000081e+04 1.313246337890625000e+03
2.500283699999999953e+04 1.313250000000000000e+03
2.500291999999999825e+04 1.313253051757812500e+03
2.500300300000000061e+04 1.313256469726562500e+03
2.500308599999999933e+04 1.313259887695312500e+03
2.500316900000000169e+04 1.313263671875000000e+03
2.500325200000000041e+04 1.313268432617187500e+03
2.500333499999999913e+04 1.313273803710937500e+03
2.500341800000000148e+04 1.313279418945312500e+03
2.500350100000000020e+04 1.313285278320312500e+03
2.500358399999999892e+04 1.313360229492187500e+03
2.500366700000000128e+04 1.313365356445312500e+03
2.500375000000000000e+04 1.313391845703125000e+03
2.500383299999999872e+04 1.313395507812500000e+03
2.500391600000000108e+04 1.313398559570312500e+03
2.500399899999999980e+04 1.313401977539062500e+03
2.500408199999999852e+04 1.313405395507812500e+03
2.500416500000000087e+04 1.313409057617187500e+03
2.500424799999999959e+04 1.313413940429687500e+03
2.500433099999999831e+04 1.313419311523437500e+03
2.500441400000000067e+04 1.313424804687500000e+03
2.500449699999999939e+04 1.313430786132812500e+03
2.500458000000000175e+04 1.313499267578125000e+03
2.500466300000000047e+04 1.313504638671875000e+03
2.500474599999999919e+04 1.313529174804687500e+03
2.500482900000000154e+04 1.313533081054687500e+03
2.500491200000000026e+04 1.313536132812500000e+03
2.500499499999999898e+04 1.313539550781250000e+03
2.500507800000000134e+04 1.313542968750000000e+03
2.500516100000000006e+04 1.313546630859375000e+03
2.500524399999999878e+04 1.313551269531250000e+03
2.500532700000000114e+04 1.313556518554687500e+03
2.500540999999999985e+04 1.313562011718750000e+03
2.500549299999999857e+04 1.313567871093750000e+03
2.500557600000000093e+04 1.313631225585937500e+03
2.500565899999999965e+04 1.313636474609375000e+03
2.500574199999999837e+04 1.313659423828125000e+03
2.500582500000000073e+04 1.313663330078125000e+03
2.500590799999999945e+04 1.313666503906250000e+03
2.500599100000000180e+04 1.313669799804687500e+03
2.500607400000000052e+04 1.313673217773437500e+03
2.500615699999999924e+04 1.313677001953125000e+03
2.500624000000000160e+04 1.313681518554687500e+03
2.500632300000000032e+04 1.313686767578125000e+03
2.500640599999999904e+04 1.313692382812500000e+03
2.500648900000000140e+04 1.313698120117187500e+03
2.500657200000000012e+04 1.313757202148437500e+03
2.500665499999999884e+04 1.313762573242187500e+03
2.500673800000000119e+04 1.313784179687500000e+03
2.500682099999999991e+04 1.313788085937500000e+03
2.500690399999999863e+04 1.313791137695312500e+03
2.500698700000000099e+04 1.313794555664062500e+03
2.500706999999999971e+04 1.313797973632812500e+03
2.500715299999999843e+04 1.313801635742187500e+03
2.500723600000000079e+04 1.313806274414062500e+03
2.500731899999999951e+04 1.313811523437500000e+03
2.500740199999999822e+04 1.313817016601562500e+03
2.500748500000000058e+04 1.313822875976562500e+03
2.500756799999999930e+04 1.313878295898437500e+03
2.500765100000000166e+04 1.313883666992187500e+03
2.500773400000000038e+04 1.313904174804687500e+03
2.500781699999999910e+04 1.313908081054687500e+03
2.500790000000000146e+04 1.313911132812500000e+03
2.500798300000000017e+04 1.313914550781250000e+03
2.500806599999999889e+04 1.313917968750000000e+03
2.500814900000000125e+04 1.313921630859375000e+03
2.500823199999999997e+04 1.313926147460937500e+03
2.500831499999999869e+04 1.313931396484375000e+03
2.500839800000000105e+04 1.313937011718750000e+03
2.500848099999999977e+04 1.313942871093750000e+03
2.500856399999999849e+04 1.313995239257812500e+03
2.500864700000000084e+04 1.314000732421875000e+03
2.500872999999999956e+04 1.314020385742187500e+03
2.500881299999999828e+04 1.314024414062500000e+03
2.500889600000000064e+04 1.314027709960937500e+03
2.500897899999999936e+04 1.314031005859375000e+03
2.500906200000000172e+04 1.314034423828125000e+03
2.500914500000000044e+04 1.314037963867187500e+03
2.500922799999999916e+04 1.314042358398437500e+03
2.500931100000000151e+04 1.314047485351562500e+03
2.500939400000000023e+04 1.314052978515625000e+03
2.500947699999999895e+04 1.314058837890625000e+03
2.500956000000000131e+04 1.314108642578125000e+03
2.500964300000000003e+04 1.314114135742187500e+03
2.500972599999999875e+04 1.314132934570312500e+03
2.500980900000000111e+04 1.314136962890625000e+03
2.500989199999999983e+04 1.314140258789062500e+03
2.500997499999999854e+04 1.314143554687500000e+03
2.501005800000000090e+04 1.313710571289062500e+03
2.501014099999999962e+04 1.313714233398437500e+03
2.501022399999999834e+04 1.313718627929687500e+03
2.501030700000000070e+04 1.313723754882812500e+03
2.501038999999999942e+04 1.313729248046875000e+03
2.501047300000000178e+04 1.313734985351562500e+03
2.501055600000000049e+04 1.313782592773437500e+03
2.501063899999999921e+04 1.313788085937500000e+03
2.501072200000000157e+04 1.313806152343750000e+03
2.501080500000000029e+04 1.313810180664062500e+03
2.501088799999999901e+04 1.313813476562500000e+03
2.501097100000000137e+04 1.313816772460937500e+03
2.501105400000000009e+04 1.313820190429687500e+03
2.501113699999999881e+04 1.313823730468750000e+03
2.501122000000000116e+04 1.313828125000000000e+03
2.501130299999999988e+04 1.313833251953125000e+03
2.501138599999999860e+04 1.313838745117187500e+03
2.501146900000000096e+04 1.313844604492187500e+03
2.501155199999999968e+04 1.313890136718750000e+03
2.501163499999999840e+04 1.313895629882812500e+03
2.501171800000000076e+04 1.313913208007812500e+03
2.501180099999999948e+04 1.313917114257812500e+03
2.501188399999999820e+04 1.313920532226562500e+03
2.501196700000000055e+04 1.313923706054687500e+03
2.501204999999999927e+04 1.313927124023437500e+03
2.501213300000000163e+04 1.313930664062500000e+03
2.501221600000000035e+04 1.313935058593750000e+03
2.501229899999999907e+04 1.313940307617187500e+03
2.501238200000000143e+04 1.313945678710937500e+03
2.501246500000000015e+04 1.313951538085937500e+03
2.501254799999999886e+04 1.313995361328125000e+03
2.501263100000000122e+04 1.314000854492187500e+03
2.501271399999999994e+04 1.314018066406250000e+03
2.501279699999999866e+04 1.314022094726562500e+03
2.501288000000000102e+04 1.314025634765625000e+03
2.501296299999999974e+04 1.314028808593750000e+03
2.501304599999999846e+04 1.314032226562500000e+03
2.501312900000000081e+04 1.314035766601562500e+03
2.501321199999999953e+04 1.314040161132812500e+03
2.501329499999999825e+04 1.314045166015625000e+03
2.501337800000000061e+04 1.314050659179687500e+03
2.501346099999999933e+04 1.314056274414062500e+03
2.501354400000000169e+04 1.314098632812500000e+03
2.501362700000000041e+04 1.314104370117187500e+03
2.501370999999999913e+04 1.314120971679687500e+03
2.501379300000000148e+04 1.314125122070312500e+03
2.501387600000000020e+04 1.314128540039062500e+03
2.501395899999999892e+04 1.314131713867187500e+03
2.501404200000000128e+04 1.314135131835937500e+03
2.501412500000000000e+04 1.314138671875000000e+03
2.501420799999999872e+04 1.314142822265625000e+03
2.501429100000000108e+04 1.314147949218750000e+03
2.501437399999999980e+04 1.314153320312500000e+03
2.501445699999999852e+04 1.314159057617187500e+03
2.501454000000000087e+04 1.314200073242187500e+03
2.501462299999999959e+04 1.314205688476562500e+03
2.501470599999999831e+04 1.314221923828125000e+03
2.501478900000000067e+04 1.314226074218750000e+03
2.501487199999999939e+04 1.314229492187500000e+03
2.501495500000000175e+04 1.314232666015625000e+03
2.501503800000000047e+04 1.314236083984375000e+03
2.501512099999999919e+04 1.314239624023437500e+03
2.501520400000000154e+04 1.314243774414062500e+03
2.501528700000000026e+04 1.314248901367187500e+03
2.501536999999999898e+04 1.314254272460937500e+03
2.501545300000000134e+04 1.314260009765625000e+03
2.501553600000000006e+04 1.314299804687500000e+03
2.501561899999999878e+04 1.314305419921875000e+03
2.501570200000000114e+04 1.314321289062500000e+03
2.501578499999999985e+04 1.314325439453125000e+03
2.501586799999999857e+04 1.314328857421875000e+03
2.501595100000000093e+04 1.314332031250000000e+03
2.501603399999999965e+04 1.314335449218750000e+03
2.501611699999999837e+04 1.314338989257812500e+03
2.501620000000000073e+04 1.314343139648437500e+03
2.501628299999999945e+04 1.314348144531250000e+03
2.501636600000000180e+04 1.314353637695312500e+03
2.501644900000000052e+04 1.314359375000000000e+03
2.501653199999999924e+04 1.314398071289062500e+03
2.501661500000000160e+04 1.314403686523437500e+03
2.501669800000000032e+04 1.314419433593750000e+03
2.501678099999999904e+04 1.314423706054687500e+03
2.501686400000000140e+04 1.314427246093750000e+03
2.501694700000000012e+04 1.314430297851562500e+03
2.501702999999999884e+04 1.314433715820312500e+03
2.501711300000000119e+04 1.314437255859375000e+03
2.501719599999999991e+04 1.314441406250000000e+03
2.501727899999999863e+04 1.314446411132812500e+03
2.501736200000000099e+04 1.314451782226562500e+03
2.501744499999999971e+04 1.314457397460937500e+03
2.501752799999999843e+04 1.314495239257812500e+03
2.501761100000000079e+04 1.314500976562500000e+03
2.501769399999999951e+04 1.314516357421875000e+03
2.501777699999999822e+04 1.314520629882812500e+03
2.501786000000000058e+04 1.314524169921875000e+03
2.501794299999999930e+04 1.314527343750000000e+03
2.501802600000000166e+04 1.314530761718750000e+03
2.501810900000000038e+04 1.314534179687500000e+03
2.501819199999999910e+04 1.314538208007812500e+03
2.501827500000000146e+04 1.314543090820312500e+03
2.501835800000000017e+04 1.314548461914062500e+03
2.501844099999999889e+04 1.314554199218750000e+03
2.501852400000000125e+04 1.314591064453125000e+03
2.501860699999999997e+04 1.314596923828125000e+03
2.501868999999999869e+04 1.314611938476562500e+03
2.501877300000000105e+04 1.314616210937500000e+03
2.501885599999999977e+04 1.314619750976562500e+03
2.501893899999999849e+04 1.314622924804687500e+03
2.501902200000000084e+04 1.314626342773437500e+03
2.501910499999999956e+04 1.314629760742187500e+03
2.501918799999999828e+04 1.314633789062500000e+03
2.501927100000000064e+04 1.314638671875000000e+03
2.501935399999999936e+04 1.314644042968750000e+03
2.501943700000000172e+04 1.314649780273437500e+03
2.501952000000000044e+04 1.314685913085937500e+03
2.501960299999999916e+04 1.314691650390625000e+03
2.501968600000000151e+04 1.314706542968750000e+03
2.501976900000000023e+04 1.314710815429687500e+03
2.501985199999999895e+04 1.314714355468750000e+03
2.501993500000000131e+04 1.314717407226562500e+03
