2.500009800000000178e+04 1.312572387695312500e+03
2.500018100000000049e+04 1.312576293945312500e+03
2.500026399999999921e+04 1.312581176757812500e+03
2.500034700000000157e+04 1.312586669921875000e+03
2.500043000000000029e+04 1.312592163085937500e+03
2.500051299999999901e+04 1.312598144531250000e+03
2.500059600000000137e+04 1.312877807617187500e+03
2.500067900000000009e+04 1.312882934570312500e+03
2.500076199999999881e+04 1.312923583984375000e+03
2.500084500000000116e+04 1.312927246093750000e+03
2.500092799999999988e+04 1.312930297851562500e+03
2.500101099999999860e+04 1.312933715820312500e+03
2.500109400000000096e+04 1.312937133789062500e+03
2.500117699999999968e+04 1.312940917968750000e+03
2.500125999999999840e+04 1.312945678710937500e+03
2.500134300000000076e+04 1.312951049804687500e+03
2.500142599999999948e+04 1.312956665039062500e+03
2.500150899999999820e+04 1.312962524414062500e+03
2.500159200000000055e+04 1.313056396484375000e+03
2.500167499999999927e+04 1.313061645507812500e+03
2.500175800000000163e+04 1.313093994140625000e+03
2.500184100000000035e+04 1.313097656250000000e+03
2.500192399999999907e+04 1.313100708007812500e+03
2.500200700000000143e+04 1.313104125976562500e+03
2.500209000000000015e+04 1.313107543945312500e+03
2.500217299999999886e+04 1.313111328125000000e+03
2.500225600000000122e+04 1.313116088867187500e+03
2.500233899999999994e+04 1.313121459960937500e+03
2.500242199999999866e+04 1.313127075195312500e+03
2.500250500000000102e+04 1.313132934570312500e+03
2.500258799999999974e+04 1.313215942382812500e+03
2.500267099999999846e+04 1.313221191406250000e+03
2.500275400000000081e+04 1.313250122070312500e+03
2.500283699999999953e+04 1.313253906250000000e+03
2.500291999999999825e+04 1.313256835937500000e+03
2.500300300000000061e+04 1.313260253906250000e+03
2.500308599999999933e+04 1.313263671875000000e+03
2.500316900000000169e+04 1.313267456054687500e+03
2.500325200000000041e+04 1.313272216796875000e+03
2.500333499999999913e+04 1.313277587890625000e+03
2.500341800000000148e+04 1.313283203125000000e+03
2.500350100000000020e+04 1.313289184570312500e+03
2.500358399999999892e+04 1.313364013671875000e+03
2.500366700000000128e+04 1.313369140625000000e+03
2.500375000000000000e+04 1.313395629882812500e+03
2.500383299999999872e+04 1.313399291992187500e+03
2.500391600000000108e+04 1.313402343750000000e+03
2.500399899999999980e+04 1.313405761718750000e+03
2.500408199999999852e+04 1.313409179687500000e+03
2.500416500000000087e+04 1.313412841796875000e+03
2.500424799999999959e+04 1.313417724609375000e+03
2.500433099999999831e+04 1.313423095703125000e+03
2.500441400000000067e+04 1.313428588867187500e+03
2.500449699999999939e+04 1.313434570312500000e+03
2.500458000000000175e+04 1.313503051757812500e+03
2.500466300000000047e+04 1.313508422851562500e+03
2.500474599999999919e+04 1.313532958984375000e+03
2.500482900000000154e+04 1.313536865234375000e+03
2.500491200000000026e+04 1.313539916992187500e+03
2.500499499999999898e+04 1.313543334960937500e+03
2.500507800000000134e+04 1.313546752929687500e+03
2.500516100000000006e+04 1.313550415039062500e+03
2.500524399999999878e+04 1.313555053710937500e+03
2.500532700000000114e+04 1.313560302734375000e+03
2.500540999999999985e+04 1.313565795898437500e+03
2.500549299999999857e+04 1.313571655273437500e+03
2.500557600000000093e+04 1.313635009765625000e+03
2.500565899999999965e+04 1.313640258789062500e+03
2.500574199999999837e+04 1.313663208007812500e+03
2.500582500000000073e+04 1.313667114257812500e+03
2.500590799999999945e+04 1.313670288085937500e+03
2.500599100000000180e+04 1.313673583984375000e+03
2.500607400000000052e+04 1.313677001953125000e+03
2.500615699999999924e+04 1.313680664062500000e+03
2.500624000000000160e+04 1.313685302734375000e+03
2.500632300000000032e+04 1.313690551757812500e+03
2.500640599999999904e+04 1.313696166992187500e+03
2.500648900000000140e+04 1.313701904296875000e+03
2.500657200000000012e+04 1.313760986328125000e+03
2.500665499999999884e+04 1.313766357421875000e+03
2.500673800000000119e+04 1.313787963867187500e+03
2.500682099999999991e+04 1.313791870117187500e+03
2.500690399999999863e+04 1.313794921875000000e+03
2.500698700000000099e+04 1.313798339843750000e+03
2.500706999999999971e+04 1.313801757812500000e+03
2.500715299999999843e+04 1.313805419921875000e+03
2.500723600000000079e+04 1.313810058593750000e+03
2.500731899999999951e+04 1.313815307617187500e+03
2.500740199999999822e+04 1.313820800781250000e+03
2.500748500000000058e+04 1.313826660156250000e+03
2.500756799999999930e+04 1.313882080078125000e+03
2.500765100000000166e+04 1.313887451171875000e+03
2.500773400000000038e+04 1.313907958984375000e+03
2.500781699999999910e+04 1.313911865234375000e+03
2.500790000000000146e+04 1.313914916992187500e+03
2.500798300000000017e+04 1.313918334960937500e+03
2.500806599999999889e+04 1.313921752929687500e+03
2.500814900000000125e+04 1.313925292968750000e+03
2.500823199999999997e+04 1.313929931640625000e+03
2.500831499999999869e+04 1.313935180664062500e+03
2.500839800000000105e+04 1.313940673828125000e+03
2.500848099999999977e+04 1.313946533203125000e+03
2.500856399999999849e+04 1.313999023437500000e+03
2.500864700000000084e+04 1.314004516601562500e+03
2.500872999999999956e+04 1.314024169921875000e+03
2.500881299999999828e+04 1.314028198242187500e+03
2.500889600000000064e+04 1.314031494140625000e+03
2.500897899999999936e+04 1.314034667968750000e+03
2.500906200000000172e+04 1.314038085937500000e+03
2.500914500000000044e+04 1.314041748046875000e+03
2.500922799999999916e+04 1.314046142578125000e+03
2.500931100000000151e+04 1.314051269531250000e+03
2.500939400000000023e+04 1.314056762695312500e+03
2.500947699999999895e+04 1.314062500000000000e+03
2.500956000000000131e+04 1.314112426757812500e+03
2.500964300000000003e+04 1.314117919921875000e+03
2.500972599999999875e+04 1.314136718750000000e+03
2.500980900000000111e+04 1.314140747070312500e+03
2.500989199999999983e+04 1.314144042968750000e+03
2.500997499999999854e+04 1.314147216796875000e+03
2.501005800000000090e+04 1.313714355468750000e+03
2.501014099999999962e+04 1.313717895507812500e+03
2.501022399999999834e+04 1.313722290039062500e+03
2.501030700000000070e+04 1.313727539062500000e+03
2.501038999999999942e+04 1.313732910156250000e+03
2.501047300000000178e+04 1.313738769531250000e+03
2.501055600000000049e+04 1.313786254882812500e+03
2.501063899999999921e+04 1.313791748046875000e+03
2.501072200000000157e+04 1.313809936523437500e+03
2.501080500000000029e+04 1.313813964843750000e+03
2.501088799999999901e+04 1.313817260742187500e+03
2.501097100000000137e+04 1.313820434570312500e+03
2.501105400000000009e+04 1.313823974609375000e+03
2.501113699999999881e+04 1.313827514648437500e+03
2.501122000000000116e+04 1.313831909179687500e+03
2.501130299999999988e+04 1.313837036132812500e+03
2.501138599999999860e+04 1.313842529296875000e+03
2.501146900000000096e+04 1.313848388671875000e+03
2.501155199999999968e+04 1.313893920898437500e+03
2.501163499999999840e+04 1.313899414062500000e+03
2.501171800000000076e+04 1.313916870117187500e+03
2.501180099999999948e+04 1.313920898437500000e+03
2.501188399999999820e+04 1.313924194335937500e+03
2.501196700000000055e+04 1.313927490234375000e+03
2.501204999999999927e+04 1.313930908203125000e+03
2.501213300000000163e+04 1.313934448242187500e+03
2.501221600000000035e+04 1.313938842773437500e+03
2.501229899999999907e+04 1.313943969726562500e+03
2.501238200000000143e+04 1.313949462890625000e+03
2.501246500000000015e+04 1.313955322265625000e+03
2.501254799999999886e+04 1.313999145507812500e+03
2.501263100000000122e+04 1.314004638671875000e+03
2.501271399999999994e+04 1.314021728515625000e+03
2.501279699999999866e+04 1.314025878906250000e+03
2.501288000000000102e+04 1.314029296875000000e+03
2.501296299999999974e+04 1.314032470703125000e+03
2.501304599999999846e+04 1.314035888671875000e+03
2.501312900000000081e+04 1.314039428710937500e+03
2.501321199999999953e+04 1.314043823242187500e+03
2.501329499999999825e+04 1.314048950195312500e+03
2.501337800000000061e+04 1.314054321289062500e+03
2.501346099999999933e+04 1.314060058593750000e+03
2.501354400000000169e+04 1.314102416992187500e+03
2.501362700000000041e+04 1.314108032226562500e+03
2.501370999999999913e+04 1.314124755859375000e+03
2.501379300000000148e+04 1.314128784179687500e+03
2.501387600000000020e+04 1.314132324218750000e+03
2.501395899999999892e+04 1.314135498046875000e+03
2.501404200000000128e+04 1.314138916015625000e+03
2.501412500000000000e+04 1.314142456054687500e+03
2.501420799999999872e+04 1.314146606445312500e+03
2.501429100000000108e+04 1.314151611328125000e+03
2.501437399999999980e+04 1.314157104492187500e+03
2.501445699999999852e+04 1.314162841796875000e+03
2.501454000000000087e+04 1.314203857421875000e+03
2.501462299999999959e+04 1.314209472656250000e+03
2.501470599999999831e+04 1.314225708007812500e+03
2.501478900000000067e+04 1.314229736328125000e+03
2.501487199999999939e+04 1.314233276367187500e+03
2.501495500000000175e+04 1.314236450195312500e+03
2.501503800000000047e+04 1.314239868164062500e+03
2.501512099999999919e+04 1.314243408203125000e+03
2.501520400000000154e+04 1.314247558593750000e+03
2.501528700000000026e+04 1.314252563476562500e+03
2.501536999999999898e+04 1.314258056640625000e+03
2.501545300000000134e+04 1.314263793945312500e+03
2.501553600000000006e+04 1.314303588867187500e+03
2.501561899999999878e+04 1.314309204101562500e+03
2.501570200000000114e+04 1.314325073242187500e+03
2.501578499999999985e+04 1.314329223632812500e+03
2.501586799999999857e+04 1.314332641601562500e+03
2.501595100000000093e+04 1.314335815429687500e+03
2.501603399999999965e+04 1.314339233398437500e+03
2.501611699999999837e+04 1.314342651367187500e+03
2.501620000000000073e+04 1.314346923828125000e+03
2.501628299999999945e+04 1.314351928710937500e+03
2.501636600000000180e+04 1.314357421875000000e+03
2.501644900000000052e+04 1.314363037109375000e+03
2.501653199999999924e+04 1.314401855468750000e+03
2.501661500000000160e+04 1.314407470703125000e+03
2.501669800000000032e+04 1.314423095703125000e+03
2.501678099999999904e+04 1.314427368164062500e+03
2.501686400000000140e+04 1.314431030273437500e+03
2.501694700000000012e+04 1.314434082031250000e+03
2.501702999999999884e+04 1.314437500000000000e+03
2.501711300000000119e+04 1.314440917968750000e+03
2.501719599999999991e+04 1.314445190429687500e+03
2.501727899999999863e+04 1.314450073242187500e+03
2.501736200000000099e+04 1.314455566406250000e+03
2.501744499999999971e+04 1.314461181640625000e+03
2.501752799999999843e+04 1.314499023437500000e+03
2.501761100000000079e+04 1.314504760742187500e+03
2.501769399999999951e+04 1.314520141601562500e+03
2.501777699999999822e+04 1.314524291992187500e+03
2.501786000000000058e+04 1.314527954101562500e+03
2.501794299999999930e+04 1.314531005859375000e+03
2.501802600000000166e+04 1.314534423828125000e+03
2.501810900000000038e+04 1.314537963867187500e+03
2.501819199999999910e+04 1.314541870117187500e+03
2.501827500000000146e+04 1.314546875000000000e+03
2.501835800000000017e+04 1.314552246093750000e+03
2.501844099999999889e+04 1.314557861328125000e+03
2.501852400000000125e+04 1.314594848632812500e+03
2.501860699999999997e+04 1.314600585937500000e+03
2.501868999999999869e+04 1.314615722656250000e+03
2.501877300000000105e+04 1.314619873046875000e+03
2.501885599999999977e+04 1.314623535156250000e+03
2.501893899999999849e+04 1.314626586914062500e+03
2.501902200000000084e+04 1.314630004882812500e+03
2.501910499999999956e+04 1.314633544921875000e+03
2.501918799999999828e+04 1.314637451171875000e+03
2.501927100000000064e+04 1.314642456054687500e+03
2.501935399999999936e+04 1.314647827148437500e+03
2.501943700000000172e+04 1.314653442382812500e+03
2.501952000000000044e+04 1.314689575195312500e+03
2.501960299999999916e+04 1.314695434570312500e+03
2.501968600000000151e+04 1.314710205078125000e+03
2.501976900000000023e+04 1.314714477539062500e+03
2.501985199999999895e+04 1.314718017578125000e+03
2.501993500000000131e+04 1.314721191406250000e+03
