2.500009800000000178e+04 5.859192609786987305e-01
2.500018100000000049e+04 5.849997401237487793e-01
2.500026399999999921e+04 5.798014998435974121e-01
2.500034700000000157e+04 5.774378180503845215e-01
2.500043000000000029e+04 5.770623683929443359e-01
2.500051299999999901e+04 5.814107060432434082e-01
2.500059600000000137e+04 2.981471300125122070e+00
2.500067900000000009e+04 3.076744079589843750e+01
2.500076199999999881e+04 7.078299522399902344e+00
2.500084500000000116e+04 4.199563503265380859e+00
2.500092799999999988e+04 3.678484201431274414e+00
2.500101099999999860e+04 3.239794969558715820e+00
2.500109400000000096e+04 2.869320631027221680e+00
2.500117699999999968e+04 2.553813457489013672e+00
2.500125999999999840e+04 2.284419536590576172e+00
2.500134300000000076e+04 2.053761482238769531e+00
2.500142599999999948e+04 1.859189152717590332e+00
2.500150899999999820e+04 2.430242538452148438e+00
2.500159200000000055e+04 3.094646644592285156e+01
2.500167499999999927e+04 7.868031024932861328e+00
2.500175800000000163e+04 1.813542175292968750e+01
2.500184100000000035e+04 4.208715438842773438e+00
2.500192399999999907e+04 3.749415397644042969e+00
2.500200700000000143e+04 3.357579231262207031e+00
2.500209000000000015e+04 3.019253492355346680e+00
2.500217299999999886e+04 2.725188970565795898e+00
2.500225600000000122e+04 2.468871593475341797e+00
2.500233899999999994e+04 2.245110273361206055e+00
2.500242199999999866e+04 2.053119659423828125e+00
2.500250500000000102e+04 2.728977441787719727e+00
2.500258799999999974e+04 3.170891380310058594e+01
2.500267099999999846e+04 8.216104507446289062e+00
2.500275400000000081e+04 1.852523612976074219e+01
2.500283699999999953e+04 4.214563846588134766e+00
2.500291999999999825e+04 3.813535928726196289e+00
2.500300300000000061e+04 3.457693099975585938e+00
2.500308599999999933e+04 3.145478248596191406e+00
2.500316900000000169e+04 2.869548320770263672e+00
2.500325200000000041e+04 2.625426530838012695e+00
2.500333499999999913e+04 2.409175157546997070e+00
2.500341800000000148e+04 2.221232414245605469e+00
2.500350100000000020e+04 2.990673065185546875e+00
2.500358399999999892e+04 3.153030586242675781e+01
2.500366700000000128e+04 8.459171295166015625e+00
2.500375000000000000e+04 1.899341773986816406e+01
2.500383299999999872e+04 4.225521087646484375e+00
2.500391600000000108e+04 3.862896680831909180e+00
2.500399899999999980e+04 3.536651611328125000e+00
2.500408199999999852e+04 3.246970176696777344e+00
2.500416500000000087e+04 2.987671136856079102e+00
2.500424799999999959e+04 2.755522966384887695e+00
2.500433099999999831e+04 2.547371625900268555e+00
2.500441400000000067e+04 2.364979505538940430e+00
2.500449699999999939e+04 3.220452308654785156e+00
2.500458000000000175e+04 3.044401931762695312e+01
2.500466300000000047e+04 8.735508918762207031e+00
2.500474599999999919e+04 1.995054626464843750e+01
2.500482900000000154e+04 4.237107276916503906e+00
2.500491200000000026e+04 4.217621326446533203e+00
2.500499499999999898e+04 3.891967296600341797e+00
2.500507800000000134e+04 3.595040082931518555e+00
2.500516100000000006e+04 3.326808691024780273e+00
2.500524399999999878e+04 3.084612369537353516e+00
2.500532700000000114e+04 2.865457773208618164e+00
2.500540999999999985e+04 2.670915126800537109e+00
2.500549299999999857e+04 3.412341833114624023e+00
2.500557600000000093e+04 2.811882591247558594e+01
2.500565899999999965e+04 8.769478797912597656e+00
2.500574199999999837e+04 1.974042701721191406e+01
2.500582500000000073e+04 4.267578601837158203e+00
2.500590799999999945e+04 4.231634140014648438e+00
2.500599100000000180e+04 3.931713819503784180e+00
2.500607400000000052e+04 3.652780532836914062e+00
2.500615699999999924e+04 3.400848388671875000e+00
2.500624000000000160e+04 3.171016693115234375e+00
2.500632300000000032e+04 2.961595296859741211e+00
2.500640599999999904e+04 2.774407148361206055e+00
2.500648900000000140e+04 3.561785459518432617e+00
2.500657200000000012e+04 2.739286804199218750e+01
2.500665499999999884e+04 8.982609748840332031e+00
2.500673800000000119e+04 1.959181594848632812e+01
2.500682099999999991e+04 4.323106288909912109e+00
2.500690399999999863e+04 4.244632720947265625e+00
2.500698700000000099e+04 3.965546369552612305e+00
2.500706999999999971e+04 3.703052282333374023e+00
2.500715299999999843e+04 3.464735269546508789e+00
2.500723600000000079e+04 3.245987653732299805e+00
2.500731899999999951e+04 3.045118093490600586e+00
2.500740199999999822e+04 2.864915370941162109e+00
2.500748500000000058e+04 3.688470840454101562e+00
2.500756799999999930e+04 2.706499671936035156e+01
2.500765100000000166e+04 9.212785720825195312e+00
2.500773400000000038e+04 1.952415084838867188e+01
2.500781699999999910e+04 4.373439311981201172e+00
2.500790000000000146e+04 4.256842136383056641e+00
2.500798300000000017e+04 3.995507001876831055e+00
2.500806599999999889e+04 3.746855020523071289e+00
2.500814900000000125e+04 3.520464658737182617e+00
2.500823199999999997e+04 3.311496257781982422e+00
2.500831499999999869e+04 3.118483304977416992e+00
2.500839800000000105e+04 2.944608211517333984e+00
2.500848099999999977e+04 3.803155183792114258e+00
2.500856399999999849e+04 2.734956169128417969e+01
2.500864700000000084e+04 9.160834312438964844e+00
2.500872999999999956e+04 2.084532165527343750e+01
2.500881299999999828e+04 6.553135395050048828e+00
2.500889600000000064e+04 4.271887302398681641e+00
2.500897899999999936e+04 4.024431705474853516e+00
2.500906200000000172e+04 3.789129495620727539e+00
2.500914500000000044e+04 3.572051286697387695e+00
2.500922799999999916e+04 3.371383905410766602e+00
2.500931100000000151e+04 3.185253620147705078e+00
2.500939400000000023e+04 3.015965223312377930e+00
2.500947699999999895e+04 3.617959260940551758e+00
2.500956000000000131e+04 2.472607612609863281e+01
2.500964300000000003e+04 8.932623863220214844e+00
2.500972599999999875e+04 2.005838966369628906e+01
2.500980900000000111e+04 6.647152900695800781e+00
2.500989199999999983e+04 4.279446125030517578e+00
2.500997499999999854e+04 4.044806003570556641e+00
2.501005800000000090e+04 3.821372270584106445e+00
2.501014099999999962e+04 3.611992597579956055e+00
2.501022399999999834e+04 3.419243097305297852e+00
2.501030700000000070e+04 3.239730119705200195e+00
2.501038999999999942e+04 3.075859546661376953e+00
2.501047300000000178e+04 3.701394557952880859e+00
2.501055600000000049e+04 2.437849998474121094e+01
2.501063899999999921e+04 9.165890693664550781e+00
2.501072200000000157e+04 1.974297332763671875e+01
2.501080500000000029e+04 6.801938533782958984e+00
2.501088799999999901e+04 4.287223339080810547e+00
2.501097100000000137e+04 4.063139438629150391e+00
2.501105400000000009e+04 3.848181486129760742e+00
2.501113699999999881e+04 3.648989677429199219e+00
2.501122000000000116e+04 3.463192224502563477e+00
2.501130299999999988e+04 3.289433479309082031e+00
2.501138599999999860e+04 3.130637884140014648e+00
2.501146900000000096e+04 3.777002811431884766e+00
2.501155199999999968e+04 2.422510910034179688e+01
2.501163499999999840e+04 9.229118347167968750e+00
2.501171800000000076e+04 1.981947326660156250e+01
2.501180099999999948e+04 6.808227062225341797e+00
2.501188399999999820e+04 4.294786930084228516e+00
2.501196700000000055e+04 4.080403327941894531e+00
2.501204999999999927e+04 3.874351501464843750e+00
2.501213300000000163e+04 3.683543920516967773e+00
2.501221600000000035e+04 3.502454757690429688e+00
2.501229899999999907e+04 3.333801031112670898e+00
2.501238200000000143e+04 3.179324150085449219e+00
2.501246500000000015e+04 3.850728273391723633e+00
2.501254799999999886e+04 2.487016868591308594e+01
2.501263100000000122e+04 9.029334068298339844e+00
2.501271399999999994e+04 2.055553627014160156e+01
2.501279699999999866e+04 8.608451843261718750e+00
2.501288000000000102e+04 4.302830219268798828e+00
2.501296299999999974e+04 4.100104331970214844e+00
2.501304599999999846e+04 3.899531126022338867e+00
2.501312900000000081e+04 3.713457822799682617e+00
2.501321199999999953e+04 3.538851499557495117e+00
2.501329499999999825e+04 3.375757455825805664e+00
2.501337800000000061e+04 3.224098920822143555e+00
2.501346099999999933e+04 3.604909658432006836e+00
2.501354400000000169e+04 2.050026321411132812e+01
2.501362700000000041e+04 9.627955436706542969e+00
2.501370999999999913e+04 1.915263557434082031e+01
2.501379300000000148e+04 8.978722572326660156e+00
2.501387600000000020e+04 4.309941291809082031e+00
2.501395899999999892e+04 4.114384651184082031e+00
2.501404200000000128e+04 3.919755935668945312e+00
2.501412500000000000e+04 3.739994525909423828e+00
2.501420799999999872e+04 3.570273399353027344e+00
2.501429100000000108e+04 3.410560131072998047e+00
2.501437399999999980e+04 3.262565374374389648e+00
2.501445699999999852e+04 3.660120248794555664e+00
2.501454000000000087e+04 2.119777679443359375e+01
2.501462299999999959e+04 9.388772964477539062e+00
2.501470599999999831e+04 1.984211540222167969e+01
2.501478900000000067e+04 8.749508857727050781e+00
2.501487199999999939e+04 4.316736221313476562e+00
2.501495500000000175e+04 4.126432895660400391e+00
2.501503800000000047e+04 3.939345121383666992e+00
2.501512099999999919e+04 3.763893127441406250e+00
2.501520400000000154e+04 3.598776578903198242e+00
2.501528700000000026e+04 3.443621397018432617e+00
2.501536999999999898e+04 3.298661470413208008e+00
2.501545300000000134e+04 3.705397844314575195e+00
2.501553600000000006e+04 2.098019599914550781e+01
2.501561899999999878e+04 9.472373962402343750e+00
2.501570200000000114e+04 1.977219963073730469e+01
2.501578499999999985e+04 8.805691719055175781e+00
2.501586799999999857e+04 4.324059009552001953e+00
2.501595100000000093e+04 4.139746189117431641e+00
2.501603399999999965e+04 3.960246801376342773e+00
2.501611699999999837e+04 3.785739421844482422e+00
2.501620000000000073e+04 3.624714374542236328e+00
2.501628299999999945e+04 3.472102403640747070e+00
2.501636600000000180e+04 3.330376148223876953e+00
2.501644900000000052e+04 3.741446018218994141e+00
2.501653199999999924e+04 2.088113212585449219e+01
2.501661500000000160e+04 9.604734420776367188e+00
2.501669800000000032e+04 1.960884475708007812e+01
2.501678099999999904e+04 1.047733211517333984e+01
2.501686400000000140e+04 4.332108497619628906e+00
2.501694700000000012e+04 4.152244091033935547e+00
2.501702999999999884e+04 3.974719762802124023e+00
2.501711300000000119e+04 3.807335376739501953e+00
2.501719599999999991e+04 3.649708986282348633e+00
2.501727899999999863e+04 3.500130414962768555e+00
2.501736200000000099e+04 3.359641075134277344e+00
2.501744499999999971e+04 3.778412103652954102e+00
2.501752799999999843e+04 1.245329666137695312e+01
2.501761100000000079e+04 1.373093223571777344e+01
2.501769399999999951e+04 1.532367229461669922e+01
2.501777699999999822e+04 1.260590457916259766e+01
2.501786000000000058e+04 4.338424682617187500e+00
2.501794299999999930e+04 4.161713123321533203e+00
2.501802600000000166e+04 3.989211797714233398e+00
2.501810900000000038e+04 3.826188087463378906e+00
2.501819199999999910e+04 3.671752691268920898e+00
2.501827500000000146e+04 3.525095224380493164e+00
2.501835800000000017e+04 3.387479305267333984e+00
2.501844099999999889e+04 3.527442455291748047e+00
2.501852400000000125e+04 1.339480686187744141e+01
2.501860699999999997e+04 1.293505001068115234e+01
2.501868999999999869e+04 1.581248950958251953e+01
2.501877300000000105e+04 1.237695312500000000e+01
2.501885599999999977e+04 4.345077514648437500e+00
2.501893899999999849e+04 4.173069477081298828e+00
2.501902200000000084e+04 4.004020690917968750e+00
2.501910499999999956e+04 3.843792438507080078e+00
2.501918799999999828e+04 3.692284822463989258e+00
2.501927100000000064e+04 3.548084259033203125e+00
2.501935399999999936e+04 3.413493633270263672e+00
2.501943700000000172e+04 3.558776378631591797e+00
2.501952000000000044e+04 1.331703376770019531e+01
2.501960299999999916e+04 1.303617382049560547e+01
2.501968600000000151e+04 1.582571792602539062e+01
2.501976900000000023e+04 1.239862728118896484e+01
2.501985199999999895e+04 4.351159095764160156e+00
2.501993500000000131e+04 4.183949470520019531e+00
