2.500009800000000178e+04 3.355063498020172119e-03
2.500018100000000049e+04 3.355075372382998466e-03
2.500026399999999921e+04 3.355091670528054237e-03
2.500034700000000157e+04 3.355107968673110008e-03
2.500043000000000029e+04 3.355123801156878471e-03
2.500051299999999901e+04 3.355136839672923088e-03
2.500059600000000137e+04 3.355174558237195015e-03
2.500067900000000009e+04 3.644855227321386337e-03
2.500076199999999881e+04 3.622848540544509888e-03
2.500084500000000116e+04 3.660508431494235992e-03
2.500092799999999988e+04 3.644582582637667656e-03
2.500101099999999860e+04 3.631504718214273453e-03
2.500109400000000096e+04 3.620129311457276344e-03
2.500117699999999968e+04 3.610232379287481308e-03
2.500125999999999840e+04 3.601626958698034286e-03
2.500134300000000076e+04 3.594143316149711609e-03
2.500142599999999948e+04 3.587638726457953453e-03
2.500150899999999820e+04 3.581990953534841537e-03
2.500159200000000055e+04 3.577112220227718353e-03
2.500167499999999927e+04 3.706946037709712982e-03
2.500175800000000163e+04 3.693565260618925095e-03
2.500184100000000035e+04 3.720992477610707283e-03
2.500192399999999907e+04 3.709038486704230309e-03
2.500200700000000143e+04 3.699013730511069298e-03
2.500209000000000015e+04 3.690304001793265343e-03
2.500217299999999886e+04 3.682743059471249580e-03
2.500225600000000122e+04 3.676189808174967766e-03
2.500233899999999994e+04 3.670518519356846809e-03
2.500242199999999866e+04 3.665620926767587662e-03
2.500250500000000102e+04 3.661403665319085121e-03
2.500258799999999974e+04 3.657804569229483604e-03
2.500267099999999846e+04 3.775299293920397758e-03
2.500275400000000081e+04 3.765187924727797508e-03
2.500283699999999953e+04 3.790463786572217941e-03
2.500291999999999825e+04 3.781149163842201233e-03
2.500300300000000061e+04 3.773238509893417358e-03
2.500308599999999933e+04 3.766379551962018013e-03
2.500316900000000169e+04 3.760443069040775299e-03
2.500325200000000041e+04 3.755319397896528244e-03
2.500333499999999913e+04 3.750908887013792992e-03
2.500341800000000148e+04 3.747126087546348572e-03
2.500350100000000020e+04 3.743896260857582092e-03
2.500358399999999892e+04 3.741174004971981049e-03
2.500366700000000128e+04 3.848913591355085373e-03
2.500375000000000000e+04 3.841042285785079002e-03
2.500383299999999872e+04 3.864541649818420410e-03
2.500391600000000108e+04 3.857071278616786003e-03
2.500399899999999980e+04 3.850651672109961510e-03
2.500408199999999852e+04 3.845096565783023834e-03
2.500416500000000087e+04 3.840302582830190659e-03
2.500424799999999959e+04 3.836180083453655243e-03
2.500433099999999831e+04 3.832649672403931618e-03
2.500441400000000067e+04 3.829639405012130737e-03
2.500449699999999939e+04 3.827088512480258942e-03
2.500458000000000175e+04 3.824963932856917381e-03
2.500466300000000047e+04 3.924669232219457626e-03
2.500474599999999919e+04 3.918391652405261993e-03
2.500482900000000154e+04 3.940371796488761902e-03
2.500491200000000026e+04 3.934224601835012436e-03
2.500499499999999898e+04 3.928878810256719589e-03
2.500507800000000134e+04 3.924259450286626816e-03
2.500516100000000006e+04 3.920280374586582184e-03
2.500524399999999878e+04 3.916868474334478378e-03
2.500532700000000114e+04 3.913956694304943085e-03
2.500540999999999985e+04 3.911484964191913605e-03
2.500549299999999857e+04 3.909401595592498779e-03
2.500557600000000093e+04 3.907678648829460144e-03
2.500565899999999965e+04 4.000606015324592590e-03
2.500574199999999837e+04 3.995473030954599380e-03
2.500582500000000073e+04 4.016115795820951462e-03
2.500590799999999945e+04 4.010934382677078247e-03
2.500599100000000180e+04 4.006373696029186249e-03
2.500607400000000052e+04 4.002434201538562775e-03
2.500615699999999924e+04 3.999043256044387817e-03
2.500624000000000160e+04 3.996138926595449448e-03
2.500632300000000032e+04 3.993663471192121506e-03
2.500640599999999904e+04 3.991565667092800140e-03
2.500648900000000140e+04 3.989801742136478424e-03
2.500657200000000012e+04 3.988349810242652893e-03
2.500665499999999884e+04 4.075487609952688217e-03
2.500673800000000119e+04 4.071193747222423553e-03
2.500682099999999991e+04 4.090649075806140900e-03
2.500690399999999863e+04 4.086182452738285065e-03
2.500698700000000099e+04 4.082200583070516586e-03
2.500706999999999971e+04 4.078757949173450470e-03
2.500715299999999843e+04 4.075792152434587479e-03
2.500723600000000079e+04 4.073249641805887222e-03
2.500731899999999951e+04 4.071080125868320465e-03
2.500740199999999822e+04 4.069239366799592972e-03
2.500748500000000058e+04 4.067688714712858200e-03
2.500756799999999930e+04 4.066411871463060379e-03
2.500765100000000166e+04 4.148541484028100967e-03
2.500773400000000038e+04 4.144867416471242905e-03
2.500781699999999910e+04 4.163261037319898605e-03
2.500790000000000146e+04 4.159303382039070129e-03
2.500798300000000017e+04 4.155753180384635925e-03
2.500806599999999889e+04 4.152677021920681000e-03
2.500814900000000125e+04 4.150020424276590347e-03
2.500823199999999997e+04 4.147735890001058578e-03
2.500831499999999869e+04 4.145781043916940689e-03
2.500839800000000105e+04 4.144114907830953598e-03
2.500848099999999977e+04 4.142704419791698456e-03
2.500856399999999849e+04 4.141537472605705261e-03
2.500864700000000084e+04 4.219301510602235794e-03
2.500872999999999956e+04 4.216104745864868164e-03
2.500881299999999828e+04 4.233553539961576462e-03
2.500889600000000064e+04 4.230021033436059952e-03
2.500897899999999936e+04 4.226789809763431549e-03
2.500906200000000172e+04 4.223979543894529343e-03
2.500914500000000044e+04 4.221542272716760635e-03
2.500922799999999916e+04 4.219436086714267731e-03
2.500931100000000151e+04 4.217623267322778702e-03
2.500939400000000023e+04 4.216067958623170853e-03
2.500947699999999895e+04 4.214739892631769180e-03
2.500956000000000131e+04 4.213626030832529068e-03
2.500964300000000003e+04 4.287543240934610367e-03
2.500972599999999875e+04 4.284690134227275848e-03
2.500980900000000111e+04 4.301277920603752136e-03
2.500989199999999983e+04 4.298043902963399887e-03
2.500997499999999854e+04 4.295047838240861893e-03
2.501005800000000090e+04 4.292429890483617783e-03
2.501014099999999962e+04 4.280630499124526978e-03
2.501022399999999834e+04 4.278651438653469086e-03
2.501030700000000070e+04 4.276935011148452759e-03
2.501038999999999942e+04 4.275449085980653763e-03
2.501047300000000178e+04 4.274166189134120941e-03
2.501055600000000049e+04 4.273076541721820831e-03
2.501063899999999921e+04 4.343410953879356384e-03
2.501072200000000157e+04 4.340820480138063431e-03
2.501080500000000029e+04 4.356585908681154251e-03
2.501088799999999901e+04 4.353582859039306641e-03
2.501097100000000137e+04 4.350767470896244049e-03
2.501105400000000009e+04 4.348293412476778030e-03
2.501113699999999881e+04 4.346122499555349350e-03
2.501122000000000116e+04 4.344221204519271851e-03
2.501130299999999988e+04 4.342557862401008606e-03
2.501138599999999860e+04 4.341104067862033844e-03
2.501146900000000096e+04 4.339833743870258331e-03
2.501155199999999968e+04 4.338739905506372452e-03
2.501163499999999840e+04 4.406082443892955780e-03
2.501171800000000076e+04 4.403679165989160538e-03
2.501180099999999948e+04 4.418741911649703979e-03
2.501188399999999820e+04 4.415902774780988693e-03
2.501196700000000055e+04 4.413212183862924576e-03
2.501204999999999927e+04 4.410833586007356644e-03
2.501213300000000163e+04 4.408731590956449509e-03
2.501221600000000035e+04 4.406875930726528168e-03
2.501229899999999907e+04 4.405238665640354156e-03
2.501238200000000143e+04 4.403791856020689011e-03
2.501246500000000015e+04 4.402513150125741959e-03
2.501254799999999886e+04 4.401396494358778000e-03
2.501263100000000122e+04 4.466076381504535675e-03
2.501271399999999994e+04 4.463810473680496216e-03
2.501279699999999866e+04 4.478241782635450363e-03
2.501288000000000102e+04 4.475524183362722397e-03
2.501296299999999974e+04 4.472921602427959442e-03
2.501304599999999846e+04 4.470606334507465363e-03
2.501312900000000081e+04 4.468545783311128616e-03
2.501321199999999953e+04 4.466712009161710739e-03
2.501329499999999825e+04 4.465080332010984421e-03
2.501337800000000061e+04 4.463622812181711197e-03
2.501346099999999933e+04 4.462320357561111450e-03
2.501354400000000169e+04 4.461163654923439026e-03
2.501362700000000041e+04 4.523451440036296844e-03
2.501370999999999913e+04 4.521295893937349319e-03
2.501379300000000148e+04 4.535146523267030716e-03
2.501387600000000020e+04 4.532516002655029297e-03
2.501395899999999892e+04 4.529974423348903656e-03
2.501404200000000128e+04 4.527698736637830734e-03
2.501412500000000000e+04 4.525659605860710144e-03
2.501420799999999872e+04 4.523830953985452652e-03
2.501429100000000108e+04 4.522188566625118256e-03
2.501437399999999980e+04 4.520709160715341568e-03
2.501445699999999852e+04 4.519372247159481049e-03
2.501454000000000087e+04 4.518171306699514389e-03
2.501462299999999959e+04 4.578327294439077377e-03
2.501470599999999831e+04 4.576241597533226013e-03
2.501478900000000067e+04 4.589563235640525818e-03
2.501487199999999939e+04 4.586994182318449020e-03
2.501495500000000175e+04 4.584492649883031845e-03
2.501503800000000047e+04 4.582238849252462387e-03
2.501512099999999919e+04 4.580205772072076797e-03
2.501520400000000154e+04 4.578368738293647766e-03
2.501528700000000026e+04 4.576705861836671829e-03
2.501536999999999898e+04 4.575195256620645523e-03
2.501545300000000134e+04 4.573817364871501923e-03
2.501553600000000006e+04 4.572566132992506027e-03
2.501561899999999878e+04 4.630805458873510361e-03
2.501570200000000114e+04 4.628767725080251694e-03
2.501578499999999985e+04 4.641606472432613373e-03
2.501586799999999857e+04 4.639078862965106964e-03
2.501595100000000093e+04 4.636601079255342484e-03
2.501603399999999965e+04 4.634355660527944565e-03
2.501611699999999837e+04 4.632317461073398590e-03
2.501620000000000073e+04 4.630463197827339172e-03
2.501628299999999945e+04 4.628772847354412079e-03
2.501636600000000180e+04 4.627224523574113846e-03
2.501644900000000052e+04 4.625800997018814087e-03
2.501653199999999924e+04 4.624496679753065109e-03
2.501661500000000160e+04 4.681007936596870422e-03
2.501669800000000032e+04 4.679000005125999451e-03
2.501678099999999904e+04 4.691405221819877625e-03
2.501686400000000140e+04 4.688905086368322372e-03
2.501694700000000012e+04 4.686438944190740585e-03
2.501702999999999884e+04 4.684192128479480743e-03
2.501711300000000119e+04 4.682139959186315536e-03
2.501719599999999991e+04 4.680261481553316116e-03
2.501727899999999863e+04 4.678538534790277481e-03
2.501736200000000099e+04 4.676948301494121552e-03
2.501744499999999971e+04 4.675476811826229095e-03
2.501752799999999843e+04 4.674111958593130112e-03
2.501761100000000079e+04 4.729045554995536804e-03
2.501769399999999951e+04 4.727067425847053528e-03
2.501777699999999822e+04 4.739068448543548584e-03
2.501786000000000058e+04 4.736583679914474487e-03
2.501794299999999930e+04 4.734120331704616547e-03
2.501802600000000166e+04 4.731864202767610550e-03
2.501810900000000038e+04 4.729793407022953033e-03
2.501819199999999910e+04 4.727886524051427841e-03
2.501827500000000146e+04 4.726126324385404587e-03
2.501835800000000017e+04 4.724493250250816345e-03
2.501844099999999889e+04 4.722971469163894653e-03
2.501852400000000125e+04 4.721552133560180664e-03
2.501860699999999997e+04 4.775067791342735291e-03
2.501868999999999869e+04 4.773096647113561630e-03
2.501877300000000105e+04 4.784727469086647034e-03
2.501885599999999977e+04 4.782249219715595245e-03
2.501893899999999849e+04 4.779781680554151535e-03
2.501902200000000084e+04 4.777511116117238998e-03
2.501910499999999956e+04 4.775417037308216095e-03
2.501918799999999828e+04 4.773478955030441284e-03
2.501927100000000064e+04 4.771680571138858795e-03
2.501935399999999936e+04 4.770003259181976318e-03
2.501943700000000172e+04 4.768431186676025391e-03
2.501952000000000044e+04 4.766956903040409088e-03
2.501960299999999916e+04 4.819182679057121277e-03
2.501968600000000151e+04 4.817212000489234924e-03
2.501976900000000023e+04 4.828502424061298370e-03
2.501985199999999895e+04 4.826024174690246582e-03
2.501993500000000131e+04 4.823547322303056717e-03
