2.500009800000000178e+04 6.269074096679687500e+02
2.500018100000000049e+04 6.269147949218750000e+02
2.500026399999999921e+04 6.269236450195312500e+02
2.500034700000000157e+04 6.269324951171875000e+02
2.500043000000000029e+04 6.269390869140625000e+02
2.500051299999999901e+04 6.269288330078125000e+02
2.500059600000000137e+04 6.268705444335937500e+02
2.500067900000000009e+04 6.268336791992187500e+02
2.500076199999999881e+04 6.268379516601562500e+02
2.500084500000000116e+04 6.268439331054687500e+02
2.500092799999999988e+04 6.268492431640625000e+02
2.500101099999999860e+04 6.268555908203125000e+02
2.500109400000000096e+04 6.268621826171875000e+02
2.500117699999999968e+04 6.268692626953125000e+02
2.500125999999999840e+04 6.268779907226562500e+02
2.500134300000000076e+04 6.268873291015625000e+02
2.500142599999999948e+04 6.268940429687500000e+02
2.500150899999999820e+04 6.268861694335937500e+02
2.500159200000000055e+04 6.268322753906250000e+02
2.500167499999999927e+04 6.267954711914062500e+02
2.500175800000000163e+04 6.267998046875000000e+02
2.500184100000000035e+04 6.268056640625000000e+02
2.500192399999999907e+04 6.268109741210937500e+02
2.500200700000000143e+04 6.268173217773437500e+02
2.500209000000000015e+04 6.268238525390625000e+02
2.500217299999999886e+04 6.268309326171875000e+02
2.500225600000000122e+04 6.268396606445312500e+02
2.500233899999999994e+04 6.268491210937500000e+02
2.500242199999999866e+04 6.268558349609375000e+02
2.500250500000000102e+04 6.268480224609375000e+02
2.500258799999999974e+04 6.267940673828125000e+02
2.500267099999999846e+04 6.267572021484375000e+02
2.500275400000000081e+04 6.267615356445312500e+02
2.500283699999999953e+04 6.267674560546875000e+02
2.500291999999999825e+04 6.267727661132812500e+02
2.500300300000000061e+04 6.267791748046875000e+02
2.500308599999999933e+04 6.267857055664062500e+02
2.500316900000000169e+04 6.267927856445312500e+02
2.500325200000000041e+04 6.268014526367187500e+02
2.500333499999999913e+04 6.268109130859375000e+02
2.500341800000000148e+04 6.268176269531250000e+02
2.500350100000000020e+04 6.268098754882812500e+02
2.500358399999999892e+04 6.267559204101562500e+02
2.500366700000000128e+04 6.267191162109375000e+02
2.500375000000000000e+04 6.267234497070312500e+02
2.500383299999999872e+04 6.267294311523437500e+02
2.500391600000000108e+04 6.267346801757812500e+02
2.500399899999999980e+04 6.267410278320312500e+02
2.500408199999999852e+04 6.267474975585937500e+02
2.500416500000000087e+04 6.267544555664062500e+02
2.500424799999999959e+04 6.267631225585937500e+02
2.500433099999999831e+04 6.267725219726562500e+02
2.500441400000000067e+04 6.267792358398437500e+02
2.500449699999999939e+04 6.267713012695312500e+02
2.500458000000000175e+04 6.267172851562500000e+02
2.500466300000000047e+04 6.266754150390625000e+02
2.500474599999999919e+04 6.266714477539062500e+02
2.500482900000000154e+04 6.266774902343750000e+02
2.500491200000000026e+04 6.266827392578125000e+02
2.500499499999999898e+04 6.266887207031250000e+02
2.500507800000000134e+04 6.266950683593750000e+02
2.500516100000000006e+04 6.267019042968750000e+02
2.500524399999999878e+04 6.267101440429687500e+02
2.500532700000000114e+04 6.267192382812500000e+02
2.500540999999999985e+04 6.267262573242187500e+02
2.500549299999999857e+04 6.267211914062500000e+02
2.500557600000000093e+04 6.266748657226562500e+02
2.500565899999999965e+04 6.266331176757812500e+02
2.500574199999999837e+04 6.266290893554687500e+02
2.500582500000000073e+04 6.266351318359375000e+02
2.500590799999999945e+04 6.266405029296875000e+02
2.500599100000000180e+04 6.266464843750000000e+02
2.500607400000000052e+04 6.266528320312500000e+02
2.500615699999999924e+04 6.266595458984375000e+02
2.500624000000000160e+04 6.266677246093750000e+02
2.500632300000000032e+04 6.266769409179687500e+02
2.500640599999999904e+04 6.266840820312500000e+02
2.500648900000000140e+04 6.266790161132812500e+02
2.500657200000000012e+04 6.266327514648437500e+02
2.500665499999999884e+04 6.265908813476562500e+02
2.500673800000000119e+04 6.265869140625000000e+02
2.500682099999999991e+04 6.265930175781250000e+02
2.500690399999999863e+04 6.265982666015625000e+02
2.500698700000000099e+04 6.266043090820312500e+02
2.500706999999999971e+04 6.266105957031250000e+02
2.500715299999999843e+04 6.266174316406250000e+02
2.500723600000000079e+04 6.266257324218750000e+02
2.500731899999999951e+04 6.266348876953125000e+02
2.500740199999999822e+04 6.266419677734375000e+02
2.500748500000000058e+04 6.266368408203125000e+02
2.500756799999999930e+04 6.265903930664062500e+02
2.500765100000000166e+04 6.265485229492187500e+02
2.500773400000000038e+04 6.265445556640625000e+02
2.500781699999999910e+04 6.265505981445312500e+02
2.500790000000000146e+04 6.265558471679687500e+02
2.500798300000000017e+04 6.265617675781250000e+02
2.500806599999999889e+04 6.265681152343750000e+02
2.500814900000000125e+04 6.265748291015625000e+02
2.500823199999999997e+04 6.265831298828125000e+02
2.500831499999999869e+04 6.265922851562500000e+02
2.500839800000000105e+04 6.265994262695312500e+02
2.500848099999999977e+04 6.265943603515625000e+02
2.500856399999999849e+04 6.265479125976562500e+02
2.500864700000000084e+04 6.265012207031250000e+02
2.500872999999999956e+04 6.264890136718750000e+02
2.500881299999999828e+04 6.264946289062500000e+02
2.500889600000000064e+04 6.265000000000000000e+02
2.500897899999999936e+04 6.265057983398437500e+02
2.500906200000000172e+04 6.265121459960937500e+02
2.500914500000000044e+04 6.265189208984375000e+02
2.500922799999999916e+04 6.265269165039062500e+02
2.500931100000000151e+04 6.265359497070312500e+02
2.500939400000000023e+04 6.265436401367187500e+02
2.500947699999999895e+04 6.265414428710937500e+02
2.500956000000000131e+04 6.265065917968750000e+02
2.500964300000000003e+04 6.264597778320312500e+02
2.500972599999999875e+04 6.264475708007812500e+02
2.500980900000000111e+04 6.264531860351562500e+02
2.500989199999999983e+04 6.264586181640625000e+02
2.500997499999999854e+04 6.264644775390625000e+02
2.501005800000000090e+04 6.264707641601562500e+02
2.501014099999999962e+04 6.264775390625000000e+02
2.501022399999999834e+04 6.264854736328125000e+02
2.501030700000000070e+04 6.264944458007812500e+02
2.501038999999999942e+04 6.265021362304687500e+02
2.501047300000000178e+04 6.264999389648437500e+02
2.501055600000000049e+04 6.264651489257812500e+02
2.501063899999999921e+04 6.264183349609375000e+02
2.501072200000000157e+04 6.264061889648437500e+02
2.501080500000000029e+04 6.264118041992187500e+02
2.501088799999999901e+04 6.264172363281250000e+02
2.501097100000000137e+04 6.264230346679687500e+02
2.501105400000000009e+04 6.264293823242187500e+02
2.501113699999999881e+04 6.264360961914062500e+02
2.501122000000000116e+04 6.264439697265625000e+02
2.501130299999999988e+04 6.264529418945312500e+02
2.501138599999999860e+04 6.264606323242187500e+02
2.501146900000000096e+04 6.264585571289062500e+02
2.501155199999999968e+04 6.264237670898437500e+02
2.501163499999999840e+04 6.263768920898437500e+02
2.501171800000000076e+04 6.263646850585937500e+02
2.501180099999999948e+04 6.263702392578125000e+02
2.501188399999999820e+04 6.263756713867187500e+02
2.501196700000000055e+04 6.263815307617187500e+02
2.501204999999999927e+04 6.263878784179687500e+02
2.501213300000000163e+04 6.263944702148437500e+02
2.501221600000000035e+04 6.264024658203125000e+02
2.501229899999999907e+04 6.264114990234375000e+02
2.501238200000000143e+04 6.264190673828125000e+02
2.501246500000000015e+04 6.264168090820312500e+02
2.501254799999999886e+04 6.263818359375000000e+02
2.501263100000000122e+04 6.263350219726562500e+02
2.501271399999999994e+04 6.263145751953125000e+02
2.501279699999999866e+04 6.263198242187500000e+02
2.501288000000000102e+04 6.263255004882812500e+02
2.501296299999999974e+04 6.263311157226562500e+02
2.501304599999999846e+04 6.263374633789062500e+02
2.501312900000000081e+04 6.263441162109375000e+02
2.501321199999999953e+04 6.263521118164062500e+02
2.501329499999999825e+04 6.263610839843750000e+02
2.501337800000000061e+04 6.263693237304687500e+02
2.501346099999999933e+04 6.263701171875000000e+02
2.501354400000000169e+04 6.263465576171875000e+02
2.501362700000000041e+04 6.262947387695312500e+02
2.501370999999999913e+04 6.262742919921875000e+02
2.501379300000000148e+04 6.262794799804687500e+02
2.501387600000000020e+04 6.262850341796875000e+02
2.501395899999999892e+04 6.262907104492187500e+02
2.501404200000000128e+04 6.262971191406250000e+02
2.501412500000000000e+04 6.263037719726562500e+02
2.501420799999999872e+04 6.263114624023437500e+02
2.501429100000000108e+04 6.263204345703125000e+02
2.501437399999999980e+04 6.263287353515625000e+02
2.501445699999999852e+04 6.263295288085937500e+02
2.501454000000000087e+04 6.263057861328125000e+02
2.501462299999999959e+04 6.262539672851562500e+02
2.501470599999999831e+04 6.262333984375000000e+02
2.501478900000000067e+04 6.262385864257812500e+02
2.501487199999999939e+04 6.262442016601562500e+02
2.501495500000000175e+04 6.262498779296875000e+02
2.501503800000000047e+04 6.262562255859375000e+02
2.501512099999999919e+04 6.262629394531250000e+02
2.501520400000000154e+04 6.262705688476562500e+02
2.501528700000000026e+04 6.262795410156250000e+02
2.501536999999999898e+04 6.262878417968750000e+02
2.501545300000000134e+04 6.262886352539062500e+02
2.501553600000000006e+04 6.262647705078125000e+02
2.501561899999999878e+04 6.262130126953125000e+02
2.501570200000000114e+04 6.261925048828125000e+02
2.501578499999999985e+04 6.261976318359375000e+02
2.501586799999999857e+04 6.262032470703125000e+02
2.501595100000000093e+04 6.262089843750000000e+02
2.501603399999999965e+04 6.262152709960937500e+02
2.501611699999999837e+04 6.262218627929687500e+02
2.501620000000000073e+04 6.262296142578125000e+02
2.501628299999999945e+04 6.262385864257812500e+02
2.501636600000000180e+04 6.262468872070312500e+02
2.501644900000000052e+04 6.262476196289062500e+02
2.501653199999999924e+04 6.262237548828125000e+02
2.501661500000000160e+04 6.261719360351562500e+02
2.501669800000000032e+04 6.261431274414062500e+02
2.501678099999999904e+04 6.261478271484375000e+02
2.501686400000000140e+04 6.261536865234375000e+02
2.501694700000000012e+04 6.261592407226562500e+02
2.501702999999999884e+04 6.261655883789062500e+02
2.501711300000000119e+04 6.261722412109375000e+02
2.501719599999999991e+04 6.261799316406250000e+02
2.501727899999999863e+04 6.261887207031250000e+02
2.501736200000000099e+04 6.261970214843750000e+02
2.501744499999999971e+04 6.262005615234375000e+02
2.501752799999999843e+04 6.261874389648437500e+02
2.501761100000000079e+04 6.261306762695312500e+02
2.501769399999999951e+04 6.261018066406250000e+02
2.501777699999999822e+04 6.261065063476562500e+02
2.501786000000000058e+04 6.261123046875000000e+02
2.501794299999999930e+04 6.261178588867187500e+02
2.501802600000000166e+04 6.261242065429687500e+02
2.501810900000000038e+04 6.261307983398437500e+02
2.501819199999999910e+04 6.261381835937500000e+02
2.501827500000000146e+04 6.261469726562500000e+02
2.501835800000000017e+04 6.261558837890625000e+02
2.501844099999999889e+04 6.261596679687500000e+02
2.501852400000000125e+04 6.261471557617187500e+02
2.501860699999999997e+04 6.260902709960937500e+02
2.501868999999999869e+04 6.260614013671875000e+02
2.501877300000000105e+04 6.260661010742187500e+02
2.501885599999999977e+04 6.260718383789062500e+02
2.501893899999999849e+04 6.260774536132812500e+02
2.501902200000000084e+04 6.260838623046875000e+02
2.501910499999999956e+04 6.260905151367187500e+02
2.501918799999999828e+04 6.260979614257812500e+02
2.501927100000000064e+04 6.261068725585937500e+02
2.501935399999999936e+04 6.261157226562500000e+02
2.501943700000000172e+04 6.261194458007812500e+02
2.501952000000000044e+04 6.261069946289062500e+02
2.501960299999999916e+04 6.260501708984375000e+02
2.501968600000000151e+04 6.260213012695312500e+02
2.501976900000000023e+04 6.260260009765625000e+02
2.501985199999999895e+04 6.260317993164062500e+02
2.501993500000000131e+04 6.260373535156250000e+02
