2.500009800000000178e+04 7.039946289062500000e+02
2.500018100000000049e+04 7.040020751953125000e+02
2.500026399999999921e+04 7.040108642578125000e+02
2.500034700000000157e+04 7.040197753906250000e+02
2.500043000000000029e+04 7.040263671875000000e+02
2.500051299999999901e+04 7.040160522460937500e+02
2.500059600000000137e+04 7.039578247070312500e+02
2.500067900000000009e+04 7.039209594726562500e+02
2.500076199999999881e+04 7.039252319335937500e+02
2.500084500000000116e+04 7.039312133789062500e+02
2.500092799999999988e+04 7.039365234375000000e+02
2.500101099999999860e+04 7.039428710937500000e+02
2.500109400000000096e+04 7.039494018554687500e+02
2.500117699999999968e+04 7.039565429687500000e+02
2.500125999999999840e+04 7.039652099609375000e+02
2.500134300000000076e+04 7.039746093750000000e+02
2.500142599999999948e+04 7.039812622070312500e+02
2.500150899999999820e+04 7.039734497070312500e+02
2.500159200000000055e+04 7.039195556640625000e+02
2.500167499999999927e+04 7.038826904296875000e+02
2.500175800000000163e+04 7.038870239257812500e+02
2.500184100000000035e+04 7.038929443359375000e+02
2.500192399999999907e+04 7.038982543945312500e+02
2.500200700000000143e+04 7.039046020507812500e+02
2.500209000000000015e+04 7.039110717773437500e+02
2.500217299999999886e+04 7.039182128906250000e+02
2.500225600000000122e+04 7.039269409179687500e+02
2.500233899999999994e+04 7.039364013671875000e+02
2.500242199999999866e+04 7.039431152343750000e+02
2.500250500000000102e+04 7.039353027343750000e+02
2.500258799999999974e+04 7.038813476562500000e+02
2.500267099999999846e+04 7.038444824218750000e+02
2.500275400000000081e+04 7.038487548828125000e+02
2.500283699999999953e+04 7.038547363281250000e+02
2.500291999999999825e+04 7.038600463867187500e+02
2.500300300000000061e+04 7.038664550781250000e+02
2.500308599999999933e+04 7.038729858398437500e+02
2.500316900000000169e+04 7.038800659179687500e+02
2.500325200000000041e+04 7.038887329101562500e+02
2.500333499999999913e+04 7.038981933593750000e+02
2.500341800000000148e+04 7.039048461914062500e+02
2.500350100000000020e+04 7.038971557617187500e+02
2.500358399999999892e+04 7.038432006835937500e+02
2.500366700000000128e+04 7.038063964843750000e+02
2.500375000000000000e+04 7.038106689453125000e+02
2.500383299999999872e+04 7.038166503906250000e+02
2.500391600000000108e+04 7.038219604492187500e+02
2.500399899999999980e+04 7.038283081054687500e+02
2.500408199999999852e+04 7.038347167968750000e+02
2.500416500000000087e+04 7.038416748046875000e+02
2.500424799999999959e+04 7.038504028320312500e+02
2.500433099999999831e+04 7.038597412109375000e+02
2.500441400000000067e+04 7.038664550781250000e+02
2.500449699999999939e+04 7.038585815429687500e+02
2.500458000000000175e+04 7.038045654296875000e+02
2.500466300000000047e+04 7.037626953125000000e+02
2.500474599999999919e+04 7.037587280273437500e+02
2.500482900000000154e+04 7.037647705078125000e+02
2.500491200000000026e+04 7.037700195312500000e+02
2.500499499999999898e+04 7.037760009765625000e+02
2.500507800000000134e+04 7.037822875976562500e+02
2.500516100000000006e+04 7.037891235351562500e+02
2.500524399999999878e+04 7.037974243164062500e+02
2.500532700000000114e+04 7.038065185546875000e+02
2.500540999999999985e+04 7.038134765625000000e+02
2.500549299999999857e+04 7.038084106445312500e+02
2.500557600000000093e+04 7.037621459960937500e+02
2.500565899999999965e+04 7.037203979492187500e+02
2.500574199999999837e+04 7.037163696289062500e+02
2.500582500000000073e+04 7.037224121093750000e+02
2.500590799999999945e+04 7.037277221679687500e+02
2.500599100000000180e+04 7.037337646484375000e+02
2.500607400000000052e+04 7.037400512695312500e+02
2.500615699999999924e+04 7.037468261718750000e+02
2.500624000000000160e+04 7.037550048828125000e+02
2.500632300000000032e+04 7.037642211914062500e+02
2.500640599999999904e+04 7.037713012695312500e+02
2.500648900000000140e+04 7.037662963867187500e+02
2.500657200000000012e+04 7.037200317382812500e+02
2.500665499999999884e+04 7.036781616210937500e+02
2.500673800000000119e+04 7.036741943359375000e+02
2.500682099999999991e+04 7.036802368164062500e+02
2.500690399999999863e+04 7.036855468750000000e+02
2.500698700000000099e+04 7.036915283203125000e+02
2.500706999999999971e+04 7.036978759765625000e+02
2.500715299999999843e+04 7.037047119140625000e+02
2.500723600000000079e+04 7.037129516601562500e+02
2.500731899999999951e+04 7.037221069335937500e+02
2.500740199999999822e+04 7.037291870117187500e+02
2.500748500000000058e+04 7.037241210937500000e+02
2.500756799999999930e+04 7.036776733398437500e+02
2.500765100000000166e+04 7.036358032226562500e+02
2.500773400000000038e+04 7.036317749023437500e+02
2.500781699999999910e+04 7.036378784179687500e+02
2.500790000000000146e+04 7.036431274414062500e+02
2.500798300000000017e+04 7.036490478515625000e+02
2.500806599999999889e+04 7.036553955078125000e+02
2.500814900000000125e+04 7.036621093750000000e+02
2.500823199999999997e+04 7.036704101562500000e+02
2.500831499999999869e+04 7.036795654296875000e+02
2.500839800000000105e+04 7.036867065429687500e+02
2.500848099999999977e+04 7.036816406250000000e+02
2.500856399999999849e+04 7.036351928710937500e+02
2.500864700000000084e+04 7.035884399414062500e+02
2.500872999999999956e+04 7.035762939453125000e+02
2.500881299999999828e+04 7.035819091796875000e+02
2.500889600000000064e+04 7.035872802734375000e+02
2.500897899999999936e+04 7.035930786132812500e+02
2.500906200000000172e+04 7.035994262695312500e+02
2.500914500000000044e+04 7.036062011718750000e+02
2.500922799999999916e+04 7.036141357421875000e+02
2.500931100000000151e+04 7.036232299804687500e+02
2.500939400000000023e+04 7.036309204101562500e+02
2.500947699999999895e+04 7.036287231445312500e+02
2.500956000000000131e+04 7.035938110351562500e+02
2.500964300000000003e+04 7.035470581054687500e+02
2.500972599999999875e+04 7.035348510742187500e+02
2.500980900000000111e+04 7.035404052734375000e+02
2.500989199999999983e+04 7.035458984375000000e+02
2.500997499999999854e+04 7.035517578125000000e+02
2.501005800000000090e+04 7.036763305664062500e+02
2.501014099999999962e+04 7.036830444335937500e+02
2.501022399999999834e+04 7.036909790039062500e+02
2.501030700000000070e+04 7.037000122070312500e+02
2.501038999999999942e+04 7.037076416015625000e+02
2.501047300000000178e+04 7.037054443359375000e+02
2.501055600000000049e+04 7.036706542968750000e+02
2.501063899999999921e+04 7.036239013671875000e+02
2.501072200000000157e+04 7.036116943359375000e+02
2.501080500000000029e+04 7.036173706054687500e+02
2.501088799999999901e+04 7.036227416992187500e+02
2.501097100000000137e+04 7.036285400390625000e+02
2.501105400000000009e+04 7.036348876953125000e+02
2.501113699999999881e+04 7.036416015625000000e+02
2.501122000000000116e+04 7.036494750976562500e+02
2.501130299999999988e+04 7.036584472656250000e+02
2.501138599999999860e+04 7.036661376953125000e+02
2.501146900000000096e+04 7.036640625000000000e+02
2.501155199999999968e+04 7.036292724609375000e+02
2.501163499999999840e+04 7.035824584960937500e+02
2.501171800000000076e+04 7.035702514648437500e+02
2.501180099999999948e+04 7.035758056640625000e+02
2.501188399999999820e+04 7.035812377929687500e+02
2.501196700000000055e+04 7.035870361328125000e+02
2.501204999999999927e+04 7.035933837890625000e+02
2.501213300000000163e+04 7.036000366210937500e+02
2.501221600000000035e+04 7.036079711914062500e+02
2.501229899999999907e+04 7.036170043945312500e+02
2.501238200000000143e+04 7.036246337890625000e+02
2.501246500000000015e+04 7.036223144531250000e+02
2.501254799999999886e+04 7.035873413085937500e+02
2.501263100000000122e+04 7.035405273437500000e+02
2.501271399999999994e+04 7.035201416015625000e+02
2.501279699999999866e+04 7.035253295898437500e+02
2.501288000000000102e+04 7.035310058593750000e+02
2.501296299999999974e+04 7.035366821289062500e+02
2.501304599999999846e+04 7.035430297851562500e+02
2.501312900000000081e+04 7.035496215820312500e+02
2.501321199999999953e+04 7.035576782226562500e+02
2.501329499999999825e+04 7.035665893554687500e+02
2.501337800000000061e+04 7.035748901367187500e+02
2.501346099999999933e+04 7.035756835937500000e+02
2.501354400000000169e+04 7.035520629882812500e+02
2.501362700000000041e+04 7.035002441406250000e+02
2.501370999999999913e+04 7.034797973632812500e+02
2.501379300000000148e+04 7.034849853515625000e+02
2.501387600000000020e+04 7.034905395507812500e+02
2.501395899999999892e+04 7.034962768554687500e+02
2.501404200000000128e+04 7.035026245117187500e+02
2.501412500000000000e+04 7.035092773437500000e+02
2.501420799999999872e+04 7.035169677734375000e+02
2.501429100000000108e+04 7.035259399414062500e+02
2.501437399999999980e+04 7.035342407226562500e+02
2.501445699999999852e+04 7.035350341796875000e+02
2.501454000000000087e+04 7.035113525390625000e+02
2.501462299999999959e+04 7.034594726562500000e+02
2.501470599999999831e+04 7.034389648437500000e+02
2.501478900000000067e+04 7.034440917968750000e+02
2.501487199999999939e+04 7.034497070312500000e+02
2.501495500000000175e+04 7.034553833007812500e+02
2.501503800000000047e+04 7.034617919921875000e+02
2.501512099999999919e+04 7.034684448242187500e+02
2.501520400000000154e+04 7.034760742187500000e+02
2.501528700000000026e+04 7.034850463867187500e+02
2.501536999999999898e+04 7.034934082031250000e+02
2.501545300000000134e+04 7.034941406250000000e+02
2.501553600000000006e+04 7.034702758789062500e+02
2.501561899999999878e+04 7.034185180664062500e+02
2.501570200000000114e+04 7.033980102539062500e+02
2.501578499999999985e+04 7.034031982421875000e+02
2.501586799999999857e+04 7.034088134765625000e+02
2.501595100000000093e+04 7.034144897460937500e+02
2.501603399999999965e+04 7.034207763671875000e+02
2.501611699999999837e+04 7.034273681640625000e+02
2.501620000000000073e+04 7.034351196289062500e+02
2.501628299999999945e+04 7.034441528320312500e+02
2.501636600000000180e+04 7.034523925781250000e+02
2.501644900000000052e+04 7.034531860351562500e+02
2.501653199999999924e+04 7.034292602539062500e+02
2.501661500000000160e+04 7.033774414062500000e+02
2.501669800000000032e+04 7.033486328125000000e+02
2.501678099999999904e+04 7.033533935546875000e+02
2.501686400000000140e+04 7.033591918945312500e+02
2.501694700000000012e+04 7.033647460937500000e+02
2.501702999999999884e+04 7.033710937500000000e+02
2.501711300000000119e+04 7.033777465820312500e+02
2.501719599999999991e+04 7.033854980468750000e+02
2.501727899999999863e+04 7.033942871093750000e+02
2.501736200000000099e+04 7.034025878906250000e+02
2.501744499999999971e+04 7.034060668945312500e+02
2.501752799999999843e+04 7.033929443359375000e+02
2.501761100000000079e+04 7.033361816406250000e+02
2.501769399999999951e+04 7.033073730468750000e+02
2.501777699999999822e+04 7.033120117187500000e+02
2.501786000000000058e+04 7.033178710937500000e+02
2.501794299999999930e+04 7.033233642578125000e+02
2.501802600000000166e+04 7.033297729492187500e+02
2.501810900000000038e+04 7.033363037109375000e+02
2.501819199999999910e+04 7.033437500000000000e+02
2.501827500000000146e+04 7.033525390625000000e+02
2.501835800000000017e+04 7.033614501953125000e+02
2.501844099999999889e+04 7.033651733398437500e+02
2.501852400000000125e+04 7.033526611328125000e+02
2.501860699999999997e+04 7.032957763671875000e+02
2.501868999999999869e+04 7.032669067382812500e+02
2.501877300000000105e+04 7.032716064453125000e+02
2.501885599999999977e+04 7.032773437500000000e+02
2.501893899999999849e+04 7.032829589843750000e+02
2.501902200000000084e+04 7.032893676757812500e+02
2.501910499999999956e+04 7.032960815429687500e+02
2.501918799999999828e+04 7.033035278320312500e+02
2.501927100000000064e+04 7.033123779296875000e+02
2.501935399999999936e+04 7.033212890625000000e+02
2.501943700000000172e+04 7.033249511718750000e+02
2.501952000000000044e+04 7.033125610351562500e+02
2.501960299999999916e+04 7.032556762695312500e+02
2.501968600000000151e+04 7.032268066406250000e+02
2.501976900000000023e+04 7.032315063476562500e+02
2.501985199999999895e+04 7.032373046875000000e+02
2.501993500000000131e+04 7.032428588867187500e+02
