2.500009800000000178e+04 7.716296195983886719e+00
2.500018100000000049e+04 7.564485073089599609e+00
2.500026399999999921e+04 7.419592380523681641e+00
2.500034700000000157e+04 7.280816555023193359e+00
2.500043000000000029e+04 7.245769023895263672e+00
2.500051299999999901e+04 7.582382678985595703e+00
2.500059600000000137e+04 8.283657073974609375e+00
2.500067900000000009e+04 8.342519760131835938e+00
2.500076199999999881e+04 8.344182014465332031e+00
2.500084500000000116e+04 8.325069427490234375e+00
2.500092799999999988e+04 8.113051414489746094e+00
2.500101099999999860e+04 7.897158145904541016e+00
2.500109400000000096e+04 7.718297481536865234e+00
2.500117699999999968e+04 7.537210941314697266e+00
2.500125999999999840e+04 7.397790431976318359e+00
2.500134300000000076e+04 7.274387359619140625e+00
2.500142599999999948e+04 7.139168262481689453e+00
2.500150899999999820e+04 7.460872650146484375e+00
2.500159200000000055e+04 8.268386840820312500e+00
2.500167499999999927e+04 8.337253570556640625e+00
2.500175800000000163e+04 8.340052604675292969e+00
2.500184100000000035e+04 8.336966514587402344e+00
2.500192399999999907e+04 8.138582229614257812e+00
2.500200700000000143e+04 7.911015510559082031e+00
2.500209000000000015e+04 7.717616558074951172e+00
2.500217299999999886e+04 7.540361404418945312e+00
2.500225600000000122e+04 7.410483360290527344e+00
2.500233899999999994e+04 7.258854389190673828e+00
2.500242199999999866e+04 7.146131515502929688e+00
2.500250500000000102e+04 7.478930950164794922e+00
2.500258799999999974e+04 8.273874282836914062e+00
2.500267099999999846e+04 8.341194152832031250e+00
2.500275400000000081e+04 8.344861030578613281e+00
2.500283699999999953e+04 8.339264869689941406e+00
2.500291999999999825e+04 8.129051208496093750e+00
2.500300300000000061e+04 7.914351940155029297e+00
2.500308599999999933e+04 7.723743915557861328e+00
2.500316900000000169e+04 7.562356472015380859e+00
2.500325200000000041e+04 7.414136886596679688e+00
2.500333499999999913e+04 7.269594669342041016e+00
2.500341800000000148e+04 7.145889759063720703e+00
2.500350100000000020e+04 7.461668968200683594e+00
2.500358399999999892e+04 8.304590225219726562e+00
2.500366700000000128e+04 8.353446960449218750e+00
2.500375000000000000e+04 8.355868339538574219e+00
2.500383299999999872e+04 8.343742370605468750e+00
2.500391600000000108e+04 8.146627426147460938e+00
2.500399899999999980e+04 7.922512054443359375e+00
2.500408199999999852e+04 7.746480941772460938e+00
2.500416500000000087e+04 7.564048290252685547e+00
2.500424799999999959e+04 7.420398712158203125e+00
2.500433099999999831e+04 7.281980514526367188e+00
2.500441400000000067e+04 7.152142524719238281e+00
2.500449699999999939e+04 7.491092205047607422e+00
2.500458000000000175e+04 8.294530868530273438e+00
2.500466300000000047e+04 8.359822273254394531e+00
2.500474599999999919e+04 8.362881660461425781e+00
2.500482900000000154e+04 8.351073265075683594e+00
2.500491200000000026e+04 8.170386314392089844e+00
2.500499499999999898e+04 7.917610168457031250e+00
2.500507800000000134e+04 7.729612350463867188e+00
2.500516100000000006e+04 7.555926799774169922e+00
2.500524399999999878e+04 7.405921459197998047e+00
2.500532700000000114e+04 7.273947715759277344e+00
2.500540999999999985e+04 7.143936634063720703e+00
2.500549299999999857e+04 7.369314670562744141e+00
2.500557600000000093e+04 8.269495964050292969e+00
2.500565899999999965e+04 8.356156349182128906e+00
2.500574199999999837e+04 8.372544288635253906e+00
2.500582500000000073e+04 8.357730865478515625e+00
2.500590799999999945e+04 8.164478302001953125e+00
2.500599100000000180e+04 7.930800437927246094e+00
2.500607400000000052e+04 7.734789371490478516e+00
2.500615699999999924e+04 7.568522453308105469e+00
2.500624000000000160e+04 7.419720172882080078e+00
2.500632300000000032e+04 7.273702621459960938e+00
2.500640599999999904e+04 7.145415782928466797e+00
2.500648900000000140e+04 7.369001388549804688e+00
2.500657200000000012e+04 8.270314216613769531e+00
2.500665499999999884e+04 8.363350868225097656e+00
2.500673800000000119e+04 8.368968009948730469e+00
2.500682099999999991e+04 8.359161376953125000e+00
2.500690399999999863e+04 8.175608634948730469e+00
2.500698700000000099e+04 7.928056716918945312e+00
2.500706999999999971e+04 7.746289730072021484e+00
2.500715299999999843e+04 7.562399864196777344e+00
2.500723600000000079e+04 7.416038513183593750e+00
2.500731899999999951e+04 7.275253295898437500e+00
2.500740199999999822e+04 7.152063369750976562e+00
2.500748500000000058e+04 7.383995056152343750e+00
2.500756799999999930e+04 8.284050941467285156e+00
2.500765100000000166e+04 8.368700981140136719e+00
2.500773400000000038e+04 8.377733230590820312e+00
2.500781699999999910e+04 8.364875793457031250e+00
2.500790000000000146e+04 8.183835029602050781e+00
2.500798300000000017e+04 7.949963092803955078e+00
2.500806599999999889e+04 7.761934280395507812e+00
2.500814900000000125e+04 7.564808368682861328e+00
2.500823199999999997e+04 7.420582294464111328e+00
2.500831499999999869e+04 7.279154777526855469e+00
2.500839800000000105e+04 7.150736808776855469e+00
2.500848099999999977e+04 7.389884471893310547e+00
2.500856399999999849e+04 8.280253410339355469e+00
2.500864700000000084e+04 8.366021156311035156e+00
2.500872999999999956e+04 8.375393867492675781e+00
2.500881299999999828e+04 8.372320175170898438e+00
2.500889600000000064e+04 8.290068626403808594e+00
2.500897899999999936e+04 8.048680305480957031e+00
2.500906200000000172e+04 7.849399089813232422e+00
2.500914500000000044e+04 7.664276599884033203e+00
2.500922799999999916e+04 7.512675285339355469e+00
2.500931100000000151e+04 7.367242336273193359e+00
2.500939400000000023e+04 7.242563247680664062e+00
2.500947699999999895e+04 7.391039371490478516e+00
2.500956000000000131e+04 8.265598297119140625e+00
2.500964300000000003e+04 8.369555473327636719e+00
2.500972599999999875e+04 8.383049964904785156e+00
2.500980900000000111e+04 8.377999305725097656e+00
2.500989199999999983e+04 8.288389205932617188e+00
2.500997499999999854e+04 8.049516677856445312e+00
2.501005800000000090e+04 7.853367805480957031e+00
2.501014099999999962e+04 7.654415130615234375e+00
2.501022399999999834e+04 7.504221439361572266e+00
2.501030700000000070e+04 7.364671230316162109e+00
2.501038999999999942e+04 7.240664482116699219e+00
2.501047300000000178e+04 7.380673885345458984e+00
2.501055600000000049e+04 8.245559692382812500e+00
2.501063899999999921e+04 8.359667778015136719e+00
2.501072200000000157e+04 8.367301940917968750e+00
2.501080500000000029e+04 8.364206314086914062e+00
2.501088799999999901e+04 8.282281875610351562e+00
2.501097100000000137e+04 8.045304298400878906e+00
2.501105400000000009e+04 7.840192317962646484e+00
2.501113699999999881e+04 7.670144081115722656e+00
2.501122000000000116e+04 7.513247013092041016e+00
2.501130299999999988e+04 7.372358322143554688e+00
2.501138599999999860e+04 7.241839408874511719e+00
2.501146900000000096e+04 7.372510433197021484e+00
2.501155199999999968e+04 8.271569252014160156e+00
2.501163499999999840e+04 8.371307373046875000e+00
2.501171800000000076e+04 8.376532554626464844e+00
2.501180099999999948e+04 8.380364418029785156e+00
2.501188399999999820e+04 8.282488822937011719e+00
2.501196700000000055e+04 8.046540260314941406e+00
2.501204999999999927e+04 7.854950904846191406e+00
2.501213300000000163e+04 7.680490970611572266e+00
2.501221600000000035e+04 7.517096996307373047e+00
2.501229899999999907e+04 7.374503612518310547e+00
2.501238200000000143e+04 7.261681079864501953e+00
2.501246500000000015e+04 7.403920650482177734e+00
2.501254799999999886e+04 8.262274742126464844e+00
2.501263100000000122e+04 8.374176025390625000e+00
2.501271399999999994e+04 8.379562377929687500e+00
2.501279699999999866e+04 8.380700111389160156e+00
2.501288000000000102e+04 8.343205451965332031e+00
2.501296299999999974e+04 8.129985809326171875e+00
2.501304599999999846e+04 7.931913852691650391e+00
2.501312900000000081e+04 7.745356082916259766e+00
2.501321199999999953e+04 7.582715511322021484e+00
2.501329499999999825e+04 7.443212032318115234e+00
2.501337800000000061e+04 7.305245399475097656e+00
2.501346099999999933e+04 7.358479976654052734e+00
2.501354400000000169e+04 8.215525627136230469e+00
2.501362700000000041e+04 8.376367568969726562e+00
2.501370999999999913e+04 8.385976791381835938e+00
2.501379300000000148e+04 8.384317398071289062e+00
2.501387600000000020e+04 8.363354682922363281e+00
2.501395899999999892e+04 8.123945236206054688e+00
2.501404200000000128e+04 7.921635150909423828e+00
2.501412500000000000e+04 7.761058330535888672e+00
2.501420799999999872e+04 7.570409774780273438e+00
2.501429100000000108e+04 7.442591667175292969e+00
2.501437399999999980e+04 7.306506156921386719e+00
2.501445699999999852e+04 7.364442348480224609e+00
2.501454000000000087e+04 8.205090522766113281e+00
2.501462299999999959e+04 8.379142761230468750e+00
2.501470599999999831e+04 8.393813133239746094e+00
2.501478900000000067e+04 8.389628410339355469e+00
2.501487199999999939e+04 8.359358787536621094e+00
2.501495500000000175e+04 8.133329391479492188e+00
2.501503800000000047e+04 7.925885677337646484e+00
2.501512099999999919e+04 7.756327152252197266e+00
2.501520400000000154e+04 7.590058803558349609e+00
2.501528700000000026e+04 7.440049648284912109e+00
2.501536999999999898e+04 7.307946205139160156e+00
2.501545300000000134e+04 7.369589328765869141e+00
2.501553600000000006e+04 8.256410598754882812e+00
2.501561899999999878e+04 8.381403923034667969e+00
2.501570200000000114e+04 8.397709846496582031e+00
2.501578499999999985e+04 8.396365165710449219e+00
2.501586799999999857e+04 8.364289283752441406e+00
2.501595100000000093e+04 8.140632629394531250e+00
2.501603399999999965e+04 7.938489913940429688e+00
2.501611699999999837e+04 7.757741928100585938e+00
2.501620000000000073e+04 7.577637672424316406e+00
2.501628299999999945e+04 7.440041542053222656e+00
2.501636600000000180e+04 7.316188812255859375e+00
2.501644900000000052e+04 7.372997283935546875e+00
2.501653199999999924e+04 8.223722457885742188e+00
2.501661500000000160e+04 8.383771896362304688e+00
2.501669800000000032e+04 8.398736953735351562e+00
2.501678099999999904e+04 8.400938034057617188e+00
2.501686400000000140e+04 8.386196136474609375e+00
2.501694700000000012e+04 8.165120124816894531e+00
2.501702999999999884e+04 7.979938983917236328e+00
2.501711300000000119e+04 7.777593135833740234e+00
2.501719599999999991e+04 7.623737335205078125e+00
2.501727899999999863e+04 7.462225914001464844e+00
2.501736200000000099e+04 7.335309028625488281e+00
2.501744499999999971e+04 7.396711826324462891e+00
2.501752799999999843e+04 8.125347137451171875e+00
2.501761100000000079e+04 8.374772071838378906e+00
2.501769399999999951e+04 8.402398109436035156e+00
2.501777699999999822e+04 8.410823822021484375e+00
2.501786000000000058e+04 8.387224197387695312e+00
2.501794299999999930e+04 8.173074722290039062e+00
2.501802600000000166e+04 7.980564117431640625e+00
2.501810900000000038e+04 7.775285720825195312e+00
2.501819199999999910e+04 7.609640598297119141e+00
2.501827500000000146e+04 7.471726894378662109e+00
2.501835800000000017e+04 7.330344676971435547e+00
2.501844099999999889e+04 7.296215057373046875e+00
2.501852400000000125e+04 8.045344352722167969e+00
2.501860699999999997e+04 8.381776809692382812e+00
2.501868999999999869e+04 8.407701492309570312e+00
2.501877300000000105e+04 8.409550666809082031e+00
2.501885599999999977e+04 8.394895553588867188e+00
2.501893899999999849e+04 8.156813621520996094e+00
2.501902200000000084e+04 7.961510658264160156e+00
2.501910499999999956e+04 7.775604724884033203e+00
2.501918799999999828e+04 7.613862514495849609e+00
2.501927100000000064e+04 7.469160079956054688e+00
2.501935399999999936e+04 7.337045669555664062e+00
2.501943700000000172e+04 7.303329944610595703e+00
2.501952000000000044e+04 8.042959213256835938e+00
2.501960299999999916e+04 8.386955261230468750e+00
2.501968600000000151e+04 8.412428855895996094e+00
2.501976900000000023e+04 8.414919853210449219e+00
2.501985199999999895e+04 8.398516654968261719e+00
2.501993500000000131e+04 8.169519424438476562e+00
