2.500009800000000178e+04 6.937332630157470703e+00
2.500018100000000049e+04 6.816256523132324219e+00
2.500026399999999921e+04 6.689084053039550781e+00
2.500034700000000157e+04 6.575189590454101562e+00
2.500043000000000029e+04 6.550453186035156250e+00
2.500051299999999901e+04 6.804787158966064453e+00
2.500059600000000137e+04 7.360219955444335938e+00
2.500067900000000009e+04 7.403215408325195312e+00
2.500076199999999881e+04 7.408189773559570312e+00
2.500084500000000116e+04 7.395453453063964844e+00
2.500092799999999988e+04 7.238627910614013672e+00
2.500101099999999860e+04 7.082193851470947266e+00
2.500109400000000096e+04 6.945911884307861328e+00
2.500117699999999968e+04 6.792337894439697266e+00
2.500125999999999840e+04 6.676331996917724609e+00
2.500134300000000076e+04 6.567005157470703125e+00
2.500142599999999948e+04 6.458864212036132812e+00
2.500150899999999820e+04 6.705519199371337891e+00
2.500159200000000055e+04 7.340909481048583984e+00
2.500167499999999927e+04 7.400792598724365234e+00
2.500175800000000163e+04 7.404696464538574219e+00
2.500184100000000035e+04 7.401749134063720703e+00
2.500192399999999907e+04 7.258905410766601562e+00
2.500200700000000143e+04 7.091560363769531250e+00
2.500209000000000015e+04 6.942433357238769531e+00
2.500217299999999886e+04 6.798586368560791016e+00
2.500225600000000122e+04 6.695721626281738281e+00
2.500233899999999994e+04 6.561864376068115234e+00
2.500242199999999866e+04 6.466169834136962891e+00
2.500250500000000102e+04 6.721335887908935547e+00
2.500258799999999974e+04 7.347526550292968750e+00
2.500267099999999846e+04 7.400966644287109375e+00
2.500275400000000081e+04 7.402232170104980469e+00
2.500283699999999953e+04 7.400843143463134766e+00
2.500291999999999825e+04 7.249585151672363281e+00
2.500300300000000061e+04 7.098617553710937500e+00
2.500308599999999933e+04 6.938918590545654297e+00
2.500316900000000169e+04 6.811555385589599609e+00
2.500325200000000041e+04 6.690080165863037109e+00
2.500333499999999913e+04 6.576669692993164062e+00
2.500341800000000148e+04 6.467769622802734375e+00
2.500350100000000020e+04 6.711190223693847656e+00
2.500358399999999892e+04 7.377391815185546875e+00
2.500366700000000128e+04 7.414788246154785156e+00
2.500375000000000000e+04 7.417677402496337891e+00
2.500383299999999872e+04 7.410010814666748047e+00
2.500391600000000108e+04 7.268173694610595703e+00
2.500399899999999980e+04 7.097493648529052734e+00
2.500408199999999852e+04 6.955617904663085938e+00
2.500416500000000087e+04 6.816977977752685547e+00
2.500424799999999959e+04 6.693439960479736328e+00
2.500433099999999831e+04 6.575279235839843750e+00
2.500441400000000067e+04 6.473455429077148438e+00
2.500449699999999939e+04 6.736113071441650391e+00
2.500458000000000175e+04 7.372117042541503906e+00
2.500466300000000047e+04 7.415144443511962891e+00
2.500474599999999919e+04 7.419326305389404297e+00
2.500482900000000154e+04 7.415326595306396484e+00
2.500491200000000026e+04 7.279098510742187500e+00
2.500499499999999898e+04 7.093532085418701172e+00
2.500507800000000134e+04 6.943971633911132812e+00
2.500516100000000006e+04 6.806278228759765625e+00
2.500524399999999878e+04 6.685234069824218750e+00
2.500532700000000114e+04 6.575160026550292969e+00
2.500540999999999985e+04 6.460488796234130859e+00
2.500549299999999857e+04 6.634360790252685547e+00
2.500557600000000093e+04 7.351502418518066406e+00
2.500565899999999965e+04 7.418092250823974609e+00
2.500574199999999837e+04 7.419376373291015625e+00
2.500582500000000073e+04 7.416076660156250000e+00
2.500590799999999945e+04 7.282298564910888672e+00
2.500599100000000180e+04 7.104866981506347656e+00
2.500607400000000052e+04 6.941458702087402344e+00
2.500615699999999924e+04 6.812668800354003906e+00
2.500624000000000160e+04 6.688168048858642578e+00
2.500632300000000032e+04 6.574885845184326172e+00
2.500640599999999904e+04 6.471321582794189453e+00
2.500648900000000140e+04 6.639348983764648438e+00
2.500657200000000012e+04 7.354979991912841797e+00
2.500665499999999884e+04 7.417364120483398438e+00
2.500673800000000119e+04 7.423796653747558594e+00
2.500682099999999991e+04 7.429255962371826172e+00
2.500690399999999863e+04 7.280115604400634766e+00
2.500698700000000099e+04 7.105372905731201172e+00
2.500706999999999971e+04 6.960756301879882812e+00
2.500715299999999843e+04 6.816543579101562500e+00
2.500723600000000079e+04 6.700098514556884766e+00
2.500731899999999951e+04 6.581043720245361328e+00
2.500740199999999822e+04 6.470674991607666016e+00
2.500748500000000058e+04 6.646266937255859375e+00
2.500756799999999930e+04 7.359312534332275391e+00
2.500765100000000166e+04 7.425384521484375000e+00
2.500773400000000038e+04 7.430830478668212891e+00
2.500781699999999910e+04 7.429199218750000000e+00
2.500790000000000146e+04 7.294640064239501953e+00
2.500798300000000017e+04 7.115214347839355469e+00
2.500806599999999889e+04 6.976831912994384766e+00
2.500814900000000125e+04 6.821624279022216797e+00
2.500823199999999997e+04 6.697546958923339844e+00
2.500831499999999869e+04 6.578311920166015625e+00
2.500839800000000105e+04 6.476460933685302734e+00
2.500848099999999977e+04 6.660826206207275391e+00
2.500856399999999849e+04 7.364354133605957031e+00
2.500864700000000084e+04 7.420722961425781250e+00
2.500872999999999956e+04 7.427582740783691406e+00
2.500881299999999828e+04 7.436533927917480469e+00
2.500889600000000064e+04 7.364023685455322266e+00
2.500897899999999936e+04 7.191906929016113281e+00
2.500906200000000172e+04 7.046037197113037109e+00
2.500914500000000044e+04 6.897272586822509766e+00
2.500922799999999916e+04 6.777247428894042969e+00
2.500931100000000151e+04 6.656420230865478516e+00
2.500939400000000023e+04 6.551279544830322266e+00
2.500947699999999895e+04 6.650504589080810547e+00
2.500956000000000131e+04 7.341463565826416016e+00
2.500964300000000003e+04 7.431602478027343750e+00
2.500972599999999875e+04 7.434518337249755859e+00
2.500980900000000111e+04 7.437519073486328125e+00
2.500989199999999983e+04 7.375251293182373047e+00
2.500997499999999854e+04 7.198208332061767578e+00
2.501005800000000090e+04 7.040479183197021484e+00
2.501014099999999962e+04 6.889411926269531250e+00
2.501022399999999834e+04 6.765829563140869141e+00
2.501030700000000070e+04 6.652047634124755859e+00
2.501038999999999942e+04 6.543395042419433594e+00
2.501047300000000178e+04 6.645071029663085938e+00
2.501055600000000049e+04 7.331780910491943359e+00
2.501063899999999921e+04 7.419196128845214844e+00
2.501072200000000157e+04 7.422262668609619141e+00
2.501080500000000029e+04 7.422698497772216797e+00
2.501088799999999901e+04 7.371178150177001953e+00
2.501097100000000137e+04 7.192593574523925781e+00
2.501105400000000009e+04 7.036372184753417969e+00
2.501113699999999881e+04 6.899822235107421875e+00
2.501122000000000116e+04 6.770975589752197266e+00
2.501130299999999988e+04 6.653685569763183594e+00
2.501138599999999860e+04 6.548394680023193359e+00
2.501146900000000096e+04 6.651162147521972656e+00
2.501155199999999968e+04 7.361921310424804688e+00
2.501163499999999840e+04 7.431184768676757812e+00
2.501171800000000076e+04 7.433142185211181641e+00
2.501180099999999948e+04 7.430144309997558594e+00
2.501188399999999820e+04 7.372970104217529297e+00
2.501196700000000055e+04 7.195218086242675781e+00
2.501204999999999927e+04 7.050456047058105469e+00
2.501213300000000163e+04 6.911489009857177734e+00
2.501221600000000035e+04 6.780787467956542969e+00
2.501229899999999907e+04 6.657697200775146484e+00
2.501238200000000143e+04 6.555935382843017578e+00
2.501246500000000015e+04 6.665639400482177734e+00
2.501254799999999886e+04 7.347857952117919922e+00
2.501263100000000122e+04 7.431519985198974609e+00
2.501271399999999994e+04 7.438276290893554688e+00
2.501279699999999866e+04 7.440193653106689453e+00
2.501288000000000102e+04 7.418328762054443359e+00
2.501296299999999974e+04 7.256505489349365234e+00
2.501304599999999846e+04 7.106899261474609375e+00
2.501312900000000081e+04 6.962410449981689453e+00
2.501321199999999953e+04 6.835531711578369141e+00
2.501329499999999825e+04 6.715818881988525391e+00
2.501337800000000061e+04 6.596335411071777344e+00
2.501346099999999933e+04 6.633539199829101562e+00
2.501354400000000169e+04 7.312532901763916016e+00
2.501362700000000041e+04 7.435920238494873047e+00
2.501370999999999913e+04 7.440636157989501953e+00
2.501379300000000148e+04 7.443281650543212891e+00
2.501387600000000020e+04 7.423324108123779297e+00
2.501395899999999892e+04 7.255934715270996094e+00
2.501404200000000128e+04 7.098226070404052734e+00
2.501412500000000000e+04 6.971502780914306641e+00
2.501420799999999872e+04 6.821596622467041016e+00
2.501429100000000108e+04 6.721154212951660156e+00
2.501437399999999980e+04 6.602608680725097656e+00
2.501445699999999852e+04 6.640212535858154297e+00
2.501454000000000087e+04 7.315626144409179688e+00
2.501462299999999959e+04 7.432801246643066406e+00
2.501470599999999831e+04 7.448883056640625000e+00
2.501478900000000067e+04 7.448388576507568359e+00
2.501487199999999939e+04 7.428142070770263672e+00
2.501495500000000175e+04 7.264122962951660156e+00
2.501503800000000047e+04 7.103945255279541016e+00
2.501512099999999919e+04 6.968151092529296875e+00
2.501520400000000154e+04 6.832384586334228516e+00
2.501528700000000026e+04 6.719892978668212891e+00
2.501536999999999898e+04 6.604466915130615234e+00
2.501545300000000134e+04 6.643679141998291016e+00
2.501553600000000006e+04 7.343080043792724609e+00
2.501561899999999878e+04 7.439041137695312500e+00
2.501570200000000114e+04 7.451848030090332031e+00
2.501578499999999985e+04 7.450619220733642578e+00
2.501586799999999857e+04 7.422070503234863281e+00
2.501595100000000093e+04 7.261883735656738281e+00
2.501603399999999965e+04 7.111573219299316406e+00
2.501611699999999837e+04 6.970533847808837891e+00
2.501620000000000073e+04 6.832403182983398438e+00
2.501628299999999945e+04 6.718995094299316406e+00
2.501636600000000180e+04 6.611727237701416016e+00
2.501644900000000052e+04 6.648316860198974609e+00
2.501653199999999924e+04 7.315836906433105469e+00
2.501661500000000160e+04 7.441213607788085938e+00
2.501669800000000032e+04 7.449945449829101562e+00
2.501678099999999904e+04 7.453393936157226562e+00
2.501686400000000140e+04 7.449857234954833984e+00
2.501694700000000012e+04 7.291960239410400391e+00
2.501702999999999884e+04 7.140987396240234375e+00
2.501711300000000119e+04 6.987297058105468750e+00
2.501719599999999991e+04 6.856394767761230469e+00
2.501727899999999863e+04 6.726983547210693359e+00
2.501736200000000099e+04 6.615199089050292969e+00
2.501744499999999971e+04 6.652168750762939453e+00
2.501752799999999843e+04 7.248497962951660156e+00
2.501761100000000079e+04 7.433558464050292969e+00
2.501769399999999951e+04 7.455742835998535156e+00
2.501777699999999822e+04 7.458922386169433594e+00
2.501786000000000058e+04 7.446106433868408203e+00
2.501794299999999930e+04 7.284370422363281250e+00
2.501802600000000166e+04 7.142170906066894531e+00
2.501810900000000038e+04 6.979610919952392578e+00
2.501819199999999910e+04 6.853057861328125000e+00
2.501827500000000146e+04 6.735426902770996094e+00
2.501835800000000017e+04 6.625299930572509766e+00
2.501844099999999889e+04 6.580169200897216797e+00
2.501852400000000125e+04 7.177146911621093750e+00
2.501860699999999997e+04 7.433964729309082031e+00
2.501868999999999869e+04 7.457116603851318359e+00
2.501877300000000105e+04 7.464003086090087891e+00
2.501885599999999977e+04 7.455172061920166016e+00
2.501893899999999849e+04 7.282584190368652344e+00
2.501902200000000084e+04 7.134850502014160156e+00
2.501910499999999956e+04 6.995250225067138672e+00
2.501918799999999828e+04 6.860055923461914062e+00
2.501927100000000064e+04 6.738368034362792969e+00
2.501935399999999936e+04 6.623634815216064453e+00
2.501943700000000172e+04 6.588690280914306641e+00
2.501952000000000044e+04 7.187815666198730469e+00
2.501960299999999916e+04 7.451042652130126953e+00
2.501968600000000151e+04 7.462263107299804688e+00
2.501976900000000023e+04 7.467107295989990234e+00
2.501985199999999895e+04 7.461491107940673828e+00
2.501993500000000131e+04 7.287529468536376953e+00
