2.500009800000000178e+04 6.269661865234375000e+02
2.500018100000000049e+04 6.269736328125000000e+02
2.500026399999999921e+04 6.269825439453125000e+02
2.500034700000000157e+04 6.269914550781250000e+02
2.500043000000000029e+04 6.269980468750000000e+02
2.500051299999999901e+04 6.269877319335937500e+02
2.500059600000000137e+04 6.269295043945312500e+02
2.500067900000000009e+04 6.268927001953125000e+02
2.500076199999999881e+04 6.268970336914062500e+02
2.500084500000000116e+04 6.269030151367187500e+02
2.500092799999999988e+04 6.269082641601562500e+02
2.500101099999999860e+04 6.269146728515625000e+02
2.500109400000000096e+04 6.269212036132812500e+02
2.500117699999999968e+04 6.269282836914062500e+02
2.500125999999999840e+04 6.269370727539062500e+02
2.500134300000000076e+04 6.269465332031250000e+02
2.500142599999999948e+04 6.269531860351562500e+02
2.500150899999999820e+04 6.269453735351562500e+02
2.500159200000000055e+04 6.268914794921875000e+02
2.500167499999999927e+04 6.268546142578125000e+02
2.500175800000000163e+04 6.268589477539062500e+02
2.500184100000000035e+04 6.268648681640625000e+02
2.500192399999999907e+04 6.268701782226562500e+02
2.500200700000000143e+04 6.268765258789062500e+02
2.500209000000000015e+04 6.268829956054687500e+02
2.500217299999999886e+04 6.268901367187500000e+02
2.500225600000000122e+04 6.268988647460937500e+02
2.500233899999999994e+04 6.269083251953125000e+02
2.500242199999999866e+04 6.269150390625000000e+02
2.500250500000000102e+04 6.269072265625000000e+02
2.500258799999999974e+04 6.268532104492187500e+02
2.500267099999999846e+04 6.268163452148437500e+02
2.500275400000000081e+04 6.268206787109375000e+02
2.500283699999999953e+04 6.268266601562500000e+02
2.500291999999999825e+04 6.268319702148437500e+02
2.500300300000000061e+04 6.268383178710937500e+02
2.500308599999999933e+04 6.268447875976562500e+02
2.500316900000000169e+04 6.268518066406250000e+02
2.500325200000000041e+04 6.268604736328125000e+02
2.500333499999999913e+04 6.268699340820312500e+02
2.500341800000000148e+04 6.268765869140625000e+02
2.500350100000000020e+04 6.268688354492187500e+02
2.500358399999999892e+04 6.268148803710937500e+02
2.500366700000000128e+04 6.267779541015625000e+02
2.500375000000000000e+04 6.267822875976562500e+02
2.500383299999999872e+04 6.267882080078125000e+02
2.500391600000000108e+04 6.267934570312500000e+02
2.500399899999999980e+04 6.267998046875000000e+02
2.500408199999999852e+04 6.268062744140625000e+02
2.500416500000000087e+04 6.268131713867187500e+02
2.500424799999999959e+04 6.268218994140625000e+02
2.500433099999999831e+04 6.268313598632812500e+02
2.500441400000000067e+04 6.268380126953125000e+02
2.500449699999999939e+04 6.268302612304687500e+02
2.500458000000000175e+04 6.267762451171875000e+02
2.500466300000000047e+04 6.267344360351562500e+02
2.500474599999999919e+04 6.267305908203125000e+02
2.500482900000000154e+04 6.267366333007812500e+02
2.500491200000000026e+04 6.267418212890625000e+02
2.500499499999999898e+04 6.267478637695312500e+02
2.500507800000000134e+04 6.267541503906250000e+02
2.500516100000000006e+04 6.267609252929687500e+02
2.500524399999999878e+04 6.267691650390625000e+02
2.500532700000000114e+04 6.267783813476562500e+02
2.500540999999999985e+04 6.267854614257812500e+02
2.500549299999999857e+04 6.267804565429687500e+02
2.500557600000000093e+04 6.267341918945312500e+02
2.500565899999999965e+04 6.266924438476562500e+02
2.500574199999999837e+04 6.266885375976562500e+02
2.500582500000000073e+04 6.266946411132812500e+02
2.500590799999999945e+04 6.266998291015625000e+02
2.500599100000000180e+04 6.267058105468750000e+02
2.500607400000000052e+04 6.267120971679687500e+02
2.500615699999999924e+04 6.267188720703125000e+02
2.500624000000000160e+04 6.267270507812500000e+02
2.500632300000000032e+04 6.267362060546875000e+02
2.500640599999999904e+04 6.267432861328125000e+02
2.500648900000000140e+04 6.267382202148437500e+02
2.500657200000000012e+04 6.266918945312500000e+02
2.500665499999999884e+04 6.266501464843750000e+02
2.500673800000000119e+04 6.266461791992187500e+02
2.500682099999999991e+04 6.266522216796875000e+02
2.500690399999999863e+04 6.266574707031250000e+02
2.500698700000000099e+04 6.266634521484375000e+02
2.500706999999999971e+04 6.266698608398437500e+02
2.500715299999999843e+04 6.266766967773437500e+02
2.500723600000000079e+04 6.266849365234375000e+02
2.500731899999999951e+04 6.266940917968750000e+02
2.500740199999999822e+04 6.267011718750000000e+02
2.500748500000000058e+04 6.266961669921875000e+02
2.500756799999999930e+04 6.266498413085937500e+02
2.500765100000000166e+04 6.266080322265625000e+02
2.500773400000000038e+04 6.266041259765625000e+02
2.500781699999999910e+04 6.266101684570312500e+02
2.500790000000000146e+04 6.266154174804687500e+02
2.500798300000000017e+04 6.266213989257812500e+02
2.500806599999999889e+04 6.266277465820312500e+02
2.500814900000000125e+04 6.266344604492187500e+02
2.500823199999999997e+04 6.266427001953125000e+02
2.500831499999999869e+04 6.266518554687500000e+02
2.500839800000000105e+04 6.266589355468750000e+02
2.500848099999999977e+04 6.266538696289062500e+02
2.500856399999999849e+04 6.266074218750000000e+02
2.500864700000000084e+04 6.265606079101562500e+02
2.500872999999999956e+04 6.265484008789062500e+02
2.500881299999999828e+04 6.265540161132812500e+02
2.500889600000000064e+04 6.265593872070312500e+02
2.500897899999999936e+04 6.265652465820312500e+02
2.500906200000000172e+04 6.265714721679687500e+02
2.500914500000000044e+04 6.265781860351562500e+02
2.500922799999999916e+04 6.265861206054687500e+02
2.500931100000000151e+04 6.265950927734375000e+02
2.500939400000000023e+04 6.266027832031250000e+02
2.500947699999999895e+04 6.266007080078125000e+02
2.500956000000000131e+04 6.265659179687500000e+02
2.500964300000000003e+04 6.265192260742187500e+02
2.500972599999999875e+04 6.265070190429687500e+02
2.500980900000000111e+04 6.265126953125000000e+02
2.500989199999999983e+04 6.265180664062500000e+02
2.500997499999999854e+04 6.265239257812500000e+02
2.501005800000000090e+04 6.265302734375000000e+02
2.501014099999999962e+04 6.265369873046875000e+02
2.501022399999999834e+04 6.265449218750000000e+02
2.501030700000000070e+04 6.265539550781250000e+02
2.501038999999999942e+04 6.265615844726562500e+02
2.501047300000000178e+04 6.265593872070312500e+02
2.501055600000000049e+04 6.265245971679687500e+02
2.501063899999999921e+04 6.264777221679687500e+02
2.501072200000000157e+04 6.264655151367187500e+02
2.501080500000000029e+04 6.264711303710937500e+02
2.501088799999999901e+04 6.264765014648437500e+02
2.501097100000000137e+04 6.264823608398437500e+02
2.501105400000000009e+04 6.264886474609375000e+02
2.501113699999999881e+04 6.264953613281250000e+02
2.501122000000000116e+04 6.265032958984375000e+02
2.501130299999999988e+04 6.265122680664062500e+02
2.501138599999999860e+04 6.265198974609375000e+02
2.501146900000000096e+04 6.265177612304687500e+02
2.501155199999999968e+04 6.264829711914062500e+02
2.501163499999999840e+04 6.264361572265625000e+02
2.501171800000000076e+04 6.264239501953125000e+02
2.501180099999999948e+04 6.264296264648437500e+02
2.501188399999999820e+04 6.264350585937500000e+02
2.501196700000000055e+04 6.264408569335937500e+02
2.501204999999999927e+04 6.264471435546875000e+02
2.501213300000000163e+04 6.264537353515625000e+02
2.501221600000000035e+04 6.264616088867187500e+02
2.501229899999999907e+04 6.264706420898437500e+02
2.501238200000000143e+04 6.264782714843750000e+02
2.501246500000000015e+04 6.264761352539062500e+02
2.501254799999999886e+04 6.264411621093750000e+02
2.501263100000000122e+04 6.263943481445312500e+02
2.501271399999999994e+04 6.263738403320312500e+02
2.501279699999999866e+04 6.263789672851562500e+02
2.501288000000000102e+04 6.263846435546875000e+02
2.501296299999999974e+04 6.263903808593750000e+02
2.501304599999999846e+04 6.263967285156250000e+02
2.501312900000000081e+04 6.264033813476562500e+02
2.501321199999999953e+04 6.264114379882812500e+02
2.501329499999999825e+04 6.264203491210937500e+02
2.501337800000000061e+04 6.264287109375000000e+02
2.501346099999999933e+04 6.264295043945312500e+02
2.501354400000000169e+04 6.264059448242187500e+02
2.501362700000000041e+04 6.263541870117187500e+02
2.501370999999999913e+04 6.263336791992187500e+02
2.501379300000000148e+04 6.263388061523437500e+02
2.501387600000000020e+04 6.263444213867187500e+02
2.501395899999999892e+04 6.263500976562500000e+02
2.501404200000000128e+04 6.263564453125000000e+02
2.501412500000000000e+04 6.263631591796875000e+02
2.501420799999999872e+04 6.263707885742187500e+02
2.501429100000000108e+04 6.263798217773437500e+02
2.501437399999999980e+04 6.263880615234375000e+02
2.501445699999999852e+04 6.263889160156250000e+02
2.501454000000000087e+04 6.263651123046875000e+02
2.501462299999999959e+04 6.263132324218750000e+02
2.501470599999999831e+04 6.262927246093750000e+02
2.501478900000000067e+04 6.262979125976562500e+02
2.501487199999999939e+04 6.263035888671875000e+02
2.501495500000000175e+04 6.263092651367187500e+02
2.501503800000000047e+04 6.263156127929687500e+02
2.501512099999999919e+04 6.263222656250000000e+02
2.501520400000000154e+04 6.263299560546875000e+02
2.501528700000000026e+04 6.263389282226562500e+02
2.501536999999999898e+04 6.263472900390625000e+02
2.501545300000000134e+04 6.263480834960937500e+02
2.501553600000000006e+04 6.263242187500000000e+02
2.501561899999999878e+04 6.262724609375000000e+02
2.501570200000000114e+04 6.262519531250000000e+02
2.501578499999999985e+04 6.262570800781250000e+02
2.501586799999999857e+04 6.262626953125000000e+02
2.501595100000000093e+04 6.262683715820312500e+02
2.501603399999999965e+04 6.262746582031250000e+02
2.501611699999999837e+04 6.262812500000000000e+02
2.501620000000000073e+04 6.262890014648437500e+02
2.501628299999999945e+04 6.262979736328125000e+02
2.501636600000000180e+04 6.263062744140625000e+02
2.501644900000000052e+04 6.263070678710937500e+02
2.501653199999999924e+04 6.262830810546875000e+02
2.501661500000000160e+04 6.262312011718750000e+02
2.501669800000000032e+04 6.262023315429687500e+02
2.501678099999999904e+04 6.262069702148437500e+02
2.501686400000000140e+04 6.262127685546875000e+02
2.501694700000000012e+04 6.262183227539062500e+02
2.501702999999999884e+04 6.262246093750000000e+02
2.501711300000000119e+04 6.262312011718750000e+02
2.501719599999999991e+04 6.262389526367187500e+02
2.501727899999999863e+04 6.262478027343750000e+02
2.501736200000000099e+04 6.262561645507812500e+02
2.501744499999999971e+04 6.262598266601562500e+02
2.501752799999999843e+04 6.262467041015625000e+02
2.501761100000000079e+04 6.261898803710937500e+02
2.501769399999999951e+04 6.261610717773437500e+02
2.501777699999999822e+04 6.261656494140625000e+02
2.501786000000000058e+04 6.261715087890625000e+02
2.501794299999999930e+04 6.261771240234375000e+02
2.501802600000000166e+04 6.261835327148437500e+02
2.501810900000000038e+04 6.261901855468750000e+02
2.501819199999999910e+04 6.261975708007812500e+02
2.501827500000000146e+04 6.262064208984375000e+02
2.501835800000000017e+04 6.262153930664062500e+02
2.501844099999999889e+04 6.262191162109375000e+02
2.501852400000000125e+04 6.262066040039062500e+02
2.501860699999999997e+04 6.261497802734375000e+02
2.501868999999999869e+04 6.261209716796875000e+02
2.501877300000000105e+04 6.261256103515625000e+02
2.501885599999999977e+04 6.261314086914062500e+02
2.501893899999999849e+04 6.261369018554687500e+02
2.501902200000000084e+04 6.261431884765625000e+02
2.501910499999999956e+04 6.261498413085937500e+02
2.501918799999999828e+04 6.261572265625000000e+02
2.501927100000000064e+04 6.261660766601562500e+02
2.501935399999999936e+04 6.261749877929687500e+02
2.501943700000000172e+04 6.261787109375000000e+02
2.501952000000000044e+04 6.261661987304687500e+02
2.501960299999999916e+04 6.261093750000000000e+02
2.501968600000000151e+04 6.260805053710937500e+02
2.501976900000000023e+04 6.260852050781250000e+02
2.501985199999999895e+04 6.260910034179687500e+02
2.501993500000000131e+04 6.260965576171875000e+02
