2.500009800000000178e+04 6.276376953125000000e+02
2.500018100000000049e+04 6.276450195312500000e+02
2.500026399999999921e+04 6.276538696289062500e+02
2.500034700000000157e+04 6.276627197265625000e+02
2.500043000000000029e+04 6.276692504882812500e+02
2.500051299999999901e+04 6.276589355468750000e+02
2.500059600000000137e+04 6.276006469726562500e+02
2.500067900000000009e+04 6.275639038085937500e+02
2.500076199999999881e+04 6.275682373046875000e+02
2.500084500000000116e+04 6.275740966796875000e+02
2.500092799999999988e+04 6.275794067382812500e+02
2.500101099999999860e+04 6.275857543945312500e+02
2.500109400000000096e+04 6.275922241210937500e+02
2.500117699999999968e+04 6.275992431640625000e+02
2.500125999999999840e+04 6.276079101562500000e+02
2.500134300000000076e+04 6.276173095703125000e+02
2.500142599999999948e+04 6.276240234375000000e+02
2.500150899999999820e+04 6.276162719726562500e+02
2.500159200000000055e+04 6.275624389648437500e+02
2.500167499999999927e+04 6.275256347656250000e+02
2.500175800000000163e+04 6.275299682617187500e+02
2.500184100000000035e+04 6.275359497070312500e+02
2.500192399999999907e+04 6.275411987304687500e+02
2.500200700000000143e+04 6.275474853515625000e+02
2.500209000000000015e+04 6.275539550781250000e+02
2.500217299999999886e+04 6.275609741210937500e+02
2.500225600000000122e+04 6.275696411132812500e+02
2.500233899999999994e+04 6.275790405273437500e+02
2.500242199999999866e+04 6.275856933593750000e+02
2.500250500000000102e+04 6.275779418945312500e+02
2.500258799999999974e+04 6.275240478515625000e+02
2.500267099999999846e+04 6.274872436523437500e+02
2.500275400000000081e+04 6.274915771484375000e+02
2.500283699999999953e+04 6.274974975585937500e+02
2.500291999999999825e+04 6.275027465820312500e+02
2.500300300000000061e+04 6.275090942382812500e+02
2.500308599999999933e+04 6.275156250000000000e+02
2.500316900000000169e+04 6.275227050781250000e+02
2.500325200000000041e+04 6.275313720703125000e+02
2.500333499999999913e+04 6.275408325195312500e+02
2.500341800000000148e+04 6.275474853515625000e+02
2.500350100000000020e+04 6.275396118164062500e+02
2.500358399999999892e+04 6.274857177734375000e+02
2.500366700000000128e+04 6.274489135742187500e+02
2.500375000000000000e+04 6.274533081054687500e+02
2.500383299999999872e+04 6.274592895507812500e+02
2.500391600000000108e+04 6.274645996093750000e+02
2.500399899999999980e+04 6.274709472656250000e+02
2.500408199999999852e+04 6.274774169921875000e+02
2.500416500000000087e+04 6.274843750000000000e+02
2.500424799999999959e+04 6.274931030273437500e+02
2.500433099999999831e+04 6.275025024414062500e+02
2.500441400000000067e+04 6.275091552734375000e+02
2.500449699999999939e+04 6.275014648437500000e+02
2.500458000000000175e+04 6.274474487304687500e+02
2.500466300000000047e+04 6.274056396484375000e+02
2.500474599999999919e+04 6.274016723632812500e+02
2.500482900000000154e+04 6.274077758789062500e+02
2.500491200000000026e+04 6.274130249023437500e+02
2.500499499999999898e+04 6.274190063476562500e+02
2.500507800000000134e+04 6.274252319335937500e+02
2.500516100000000006e+04 6.274319458007812500e+02
2.500524399999999878e+04 6.274401245117187500e+02
2.500532700000000114e+04 6.274492797851562500e+02
2.500540999999999985e+04 6.274564208984375000e+02
2.500549299999999857e+04 6.274514160156250000e+02
2.500557600000000093e+04 6.274050903320312500e+02
2.500565899999999965e+04 6.273634033203125000e+02
2.500574199999999837e+04 6.273594360351562500e+02
2.500582500000000073e+04 6.273655395507812500e+02
2.500590799999999945e+04 6.273707885742187500e+02
2.500599100000000180e+04 6.273767700195312500e+02
2.500607400000000052e+04 6.273830566406250000e+02
2.500615699999999924e+04 6.273898925781250000e+02
2.500624000000000160e+04 6.273981323242187500e+02
2.500632300000000032e+04 6.274072875976562500e+02
2.500640599999999904e+04 6.274143676757812500e+02
2.500648900000000140e+04 6.274093017578125000e+02
2.500657200000000012e+04 6.273629150390625000e+02
2.500665499999999884e+04 6.273211059570312500e+02
2.500673800000000119e+04 6.273172607421875000e+02
2.500682099999999991e+04 6.273233642578125000e+02
2.500690399999999863e+04 6.273285522460937500e+02
2.500698700000000099e+04 6.273345336914062500e+02
2.500706999999999971e+04 6.273408203125000000e+02
2.500715299999999843e+04 6.273475341796875000e+02
2.500723600000000079e+04 6.273557739257812500e+02
2.500731899999999951e+04 6.273649291992187500e+02
2.500740199999999822e+04 6.273720703125000000e+02
2.500748500000000058e+04 6.273670043945312500e+02
2.500756799999999930e+04 6.273206176757812500e+02
2.500765100000000166e+04 6.272787475585937500e+02
2.500773400000000038e+04 6.272748413085937500e+02
2.500781699999999910e+04 6.272808837890625000e+02
2.500790000000000146e+04 6.272861328125000000e+02
2.500798300000000017e+04 6.272921142578125000e+02
2.500806599999999889e+04 6.272984008789062500e+02
2.500814900000000125e+04 6.273051147460937500e+02
2.500823199999999997e+04 6.273134155273437500e+02
2.500831499999999869e+04 6.273225097656250000e+02
2.500839800000000105e+04 6.273295898437500000e+02
2.500848099999999977e+04 6.273245239257812500e+02
2.500856399999999849e+04 6.272780761718750000e+02
2.500864700000000084e+04 6.272313232421875000e+02
2.500872999999999956e+04 6.272191772460937500e+02
2.500881299999999828e+04 6.272248535156250000e+02
2.500889600000000064e+04 6.272302856445312500e+02
2.500897899999999936e+04 6.272360229492187500e+02
2.500906200000000172e+04 6.272422485351562500e+02
2.500914500000000044e+04 6.272489624023437500e+02
2.500922799999999916e+04 6.272568969726562500e+02
2.500931100000000151e+04 6.272658691406250000e+02
2.500939400000000023e+04 6.272734985351562500e+02
2.500947699999999895e+04 6.272713623046875000e+02
2.500956000000000131e+04 6.272365722656250000e+02
2.500964300000000003e+04 6.271898803710937500e+02
2.500972599999999875e+04 6.271777343750000000e+02
2.500980900000000111e+04 6.271834106445312500e+02
2.500989199999999983e+04 6.271888427734375000e+02
2.500997499999999854e+04 6.271946411132812500e+02
2.501005800000000090e+04 6.272008666992187500e+02
2.501014099999999962e+04 6.272075805664062500e+02
2.501022399999999834e+04 6.272155151367187500e+02
2.501030700000000070e+04 6.272245483398437500e+02
2.501038999999999942e+04 6.272321777343750000e+02
2.501047300000000178e+04 6.272301025390625000e+02
2.501055600000000049e+04 6.271953125000000000e+02
2.501063899999999921e+04 6.271485595703125000e+02
2.501072200000000157e+04 6.271364135742187500e+02
2.501080500000000029e+04 6.271420898437500000e+02
2.501088799999999901e+04 6.271475219726562500e+02
2.501097100000000137e+04 6.271533813476562500e+02
2.501105400000000009e+04 6.271596069335937500e+02
2.501113699999999881e+04 6.271662597656250000e+02
2.501122000000000116e+04 6.271741333007812500e+02
2.501130299999999988e+04 6.271831665039062500e+02
2.501138599999999860e+04 6.271907348632812500e+02
2.501146900000000096e+04 6.271885986328125000e+02
2.501155199999999968e+04 6.271538085937500000e+02
2.501163499999999840e+04 6.271070556640625000e+02
2.501171800000000076e+04 6.270948486328125000e+02
2.501180099999999948e+04 6.271004638671875000e+02
2.501188399999999820e+04 6.271059570312500000e+02
2.501196700000000055e+04 6.271116333007812500e+02
2.501204999999999927e+04 6.271179199218750000e+02
2.501213300000000163e+04 6.271245117187500000e+02
2.501221600000000035e+04 6.271323852539062500e+02
2.501229899999999907e+04 6.271413574218750000e+02
2.501238200000000143e+04 6.271490478515625000e+02
2.501246500000000015e+04 6.271469116210937500e+02
2.501254799999999886e+04 6.271119995117187500e+02
2.501263100000000122e+04 6.270651245117187500e+02
2.501271399999999994e+04 6.270446777343750000e+02
2.501279699999999866e+04 6.270498046875000000e+02
2.501288000000000102e+04 6.270554199218750000e+02
2.501296299999999974e+04 6.270610961914062500e+02
2.501304599999999846e+04 6.270673828125000000e+02
2.501312900000000081e+04 6.270740966796875000e+02
2.501321199999999953e+04 6.270820922851562500e+02
2.501329499999999825e+04 6.270910644531250000e+02
2.501337800000000061e+04 6.270993652343750000e+02
2.501346099999999933e+04 6.271001586914062500e+02
2.501354400000000169e+04 6.270765991210937500e+02
2.501362700000000041e+04 6.270248413085937500e+02
2.501370999999999913e+04 6.270043334960937500e+02
2.501379300000000148e+04 6.270095214843750000e+02
2.501387600000000020e+04 6.270151367187500000e+02
2.501395899999999892e+04 6.270208129882812500e+02
2.501404200000000128e+04 6.270270385742187500e+02
2.501412500000000000e+04 6.270336914062500000e+02
2.501420799999999872e+04 6.270413208007812500e+02
2.501429100000000108e+04 6.270502319335937500e+02
2.501437399999999980e+04 6.270585327148437500e+02
2.501445699999999852e+04 6.270593261718750000e+02
2.501454000000000087e+04 6.270354614257812500e+02
2.501462299999999959e+04 6.269837036132812500e+02
2.501470599999999831e+04 6.269631347656250000e+02
2.501478900000000067e+04 6.269682617187500000e+02
2.501487199999999939e+04 6.269739379882812500e+02
2.501495500000000175e+04 6.269795532226562500e+02
2.501503800000000047e+04 6.269858398437500000e+02
2.501512099999999919e+04 6.269924926757812500e+02
2.501520400000000154e+04 6.270001220703125000e+02
2.501528700000000026e+04 6.270090942382812500e+02
2.501536999999999898e+04 6.270173339843750000e+02
2.501545300000000134e+04 6.270181884765625000e+02
2.501553600000000006e+04 6.269943847656250000e+02
2.501561899999999878e+04 6.269425659179687500e+02
2.501570200000000114e+04 6.269220581054687500e+02
2.501578499999999985e+04 6.269272460937500000e+02
2.501586799999999857e+04 6.269329223632812500e+02
2.501595100000000093e+04 6.269385986328125000e+02
2.501603399999999965e+04 6.269449462890625000e+02
2.501611699999999837e+04 6.269515380859375000e+02
2.501620000000000073e+04 6.269592285156250000e+02
2.501628299999999945e+04 6.269682006835937500e+02
2.501636600000000180e+04 6.269765014648437500e+02
2.501644900000000052e+04 6.269773559570312500e+02
2.501653199999999924e+04 6.269534301757812500e+02
2.501661500000000160e+04 6.269016113281250000e+02
2.501669800000000032e+04 6.268728637695312500e+02
2.501678099999999904e+04 6.268776245117187500e+02
2.501686400000000140e+04 6.268834228515625000e+02
2.501694700000000012e+04 6.268889160156250000e+02
2.501702999999999884e+04 6.268952636718750000e+02
2.501711300000000119e+04 6.269017944335937500e+02
2.501719599999999991e+04 6.269095458984375000e+02
2.501727899999999863e+04 6.269183959960937500e+02
2.501736200000000099e+04 6.269266967773437500e+02
2.501744499999999971e+04 6.269302368164062500e+02
2.501752799999999843e+04 6.269171752929687500e+02
2.501761100000000079e+04 6.268604736328125000e+02
2.501769399999999951e+04 6.268316650390625000e+02
2.501777699999999822e+04 6.268364257812500000e+02
2.501786000000000058e+04 6.268422851562500000e+02
2.501794299999999930e+04 6.268477783203125000e+02
2.501802600000000166e+04 6.268541259765625000e+02
2.501810900000000038e+04 6.268607177734375000e+02
2.501819199999999910e+04 6.268681030273437500e+02
2.501827500000000146e+04 6.268768920898437500e+02
2.501835800000000017e+04 6.268857421875000000e+02
2.501844099999999889e+04 6.268895874023437500e+02
2.501852400000000125e+04 6.268771362304687500e+02
2.501860699999999997e+04 6.268203125000000000e+02
2.501868999999999869e+04 6.267915649414062500e+02
2.501877300000000105e+04 6.267962646484375000e+02
2.501885599999999977e+04 6.268021240234375000e+02
2.501893899999999849e+04 6.268076782226562500e+02
2.501902200000000084e+04 6.268139648437500000e+02
2.501910499999999956e+04 6.268205566406250000e+02
2.501918799999999828e+04 6.268280029296875000e+02
2.501927100000000064e+04 6.268368530273437500e+02
2.501935399999999936e+04 6.268457031250000000e+02
2.501943700000000172e+04 6.268494873046875000e+02
2.501952000000000044e+04 6.268370971679687500e+02
2.501960299999999916e+04 6.267803344726562500e+02
2.501968600000000151e+04 6.267514648437500000e+02
2.501976900000000023e+04 6.267562255859375000e+02
2.501985199999999895e+04 6.267620239257812500e+02
2.501993500000000131e+04 6.267675781250000000e+02
