2.500009800000000178e+04 7.045233764648437500e+02
2.500018100000000049e+04 7.045307617187500000e+02
2.500026399999999921e+04 7.045395507812500000e+02
2.500034700000000157e+04 7.045484619140625000e+02
2.500043000000000029e+04 7.045549316406250000e+02
2.500051299999999901e+04 7.045446777343750000e+02
2.500059600000000137e+04 7.044863891601562500e+02
2.500067900000000009e+04 7.044496459960937500e+02
2.500076199999999881e+04 7.044539794921875000e+02
2.500084500000000116e+04 7.044598388671875000e+02
2.500092799999999988e+04 7.044650878906250000e+02
2.500101099999999860e+04 7.044714355468750000e+02
2.500109400000000096e+04 7.044779663085937500e+02
2.500117699999999968e+04 7.044849853515625000e+02
2.500125999999999840e+04 7.044936523437500000e+02
2.500134300000000076e+04 7.045030517578125000e+02
2.500142599999999948e+04 7.045097656250000000e+02
2.500150899999999820e+04 7.045020141601562500e+02
2.500159200000000055e+04 7.044481811523437500e+02
2.500167499999999927e+04 7.044113769531250000e+02
2.500175800000000163e+04 7.044157104492187500e+02
2.500184100000000035e+04 7.044216308593750000e+02
2.500192399999999907e+04 7.044268798828125000e+02
2.500200700000000143e+04 7.044331665039062500e+02
2.500209000000000015e+04 7.044396972656250000e+02
2.500217299999999886e+04 7.044467163085937500e+02
2.500225600000000122e+04 7.044553833007812500e+02
2.500233899999999994e+04 7.044647827148437500e+02
2.500242199999999866e+04 7.044714355468750000e+02
2.500250500000000102e+04 7.044636840820312500e+02
2.500258799999999974e+04 7.044097900390625000e+02
2.500267099999999846e+04 7.043729248046875000e+02
2.500275400000000081e+04 7.043772583007812500e+02
2.500283699999999953e+04 7.043831787109375000e+02
2.500291999999999825e+04 7.043884887695312500e+02
2.500300300000000061e+04 7.043948364257812500e+02
2.500308599999999933e+04 7.044013061523437500e+02
2.500316900000000169e+04 7.044083862304687500e+02
2.500325200000000041e+04 7.044171142578125000e+02
2.500333499999999913e+04 7.044265136718750000e+02
2.500341800000000148e+04 7.044331665039062500e+02
2.500350100000000020e+04 7.044253540039062500e+02
2.500358399999999892e+04 7.043713989257812500e+02
2.500366700000000128e+04 7.043346557617187500e+02
2.500375000000000000e+04 7.043389892578125000e+02
2.500383299999999872e+04 7.043449707031250000e+02
2.500391600000000108e+04 7.043502807617187500e+02
2.500399899999999980e+04 7.043566284179687500e+02
2.500408199999999852e+04 7.043631591796875000e+02
2.500416500000000087e+04 7.043701171875000000e+02
2.500424799999999959e+04 7.043787841796875000e+02
2.500433099999999831e+04 7.043882446289062500e+02
2.500441400000000067e+04 7.043948974609375000e+02
2.500449699999999939e+04 7.043872070312500000e+02
2.500458000000000175e+04 7.043331909179687500e+02
2.500466300000000047e+04 7.042913208007812500e+02
2.500474599999999919e+04 7.042874145507812500e+02
2.500482900000000154e+04 7.042934570312500000e+02
2.500491200000000026e+04 7.042987060546875000e+02
2.500499499999999898e+04 7.043046875000000000e+02
2.500507800000000134e+04 7.043109130859375000e+02
2.500516100000000006e+04 7.043176879882812500e+02
2.500524399999999878e+04 7.043258056640625000e+02
2.500532700000000114e+04 7.043349609375000000e+02
2.500540999999999985e+04 7.043421020507812500e+02
2.500549299999999857e+04 7.043370971679687500e+02
2.500557600000000093e+04 7.042908325195312500e+02
2.500565899999999965e+04 7.042490844726562500e+02
2.500574199999999837e+04 7.042451782226562500e+02
2.500582500000000073e+04 7.042512207031250000e+02
2.500590799999999945e+04 7.042565307617187500e+02
2.500599100000000180e+04 7.042625122070312500e+02
2.500607400000000052e+04 7.042687988281250000e+02
2.500615699999999924e+04 7.042755737304687500e+02
2.500624000000000160e+04 7.042838134765625000e+02
2.500632300000000032e+04 7.042930297851562500e+02
2.500640599999999904e+04 7.043001098632812500e+02
2.500648900000000140e+04 7.042949829101562500e+02
2.500657200000000012e+04 7.042485961914062500e+02
2.500665499999999884e+04 7.042068481445312500e+02
2.500673800000000119e+04 7.042029418945312500e+02
2.500682099999999991e+04 7.042090454101562500e+02
2.500690399999999863e+04 7.042142944335937500e+02
2.500698700000000099e+04 7.042202148437500000e+02
2.500706999999999971e+04 7.042265014648437500e+02
2.500715299999999843e+04 7.042332763671875000e+02
2.500723600000000079e+04 7.042414550781250000e+02
2.500731899999999951e+04 7.042506713867187500e+02
2.500740199999999822e+04 7.042577514648437500e+02
2.500748500000000058e+04 7.042526855468750000e+02
2.500756799999999930e+04 7.042062988281250000e+02
2.500765100000000166e+04 7.041644897460937500e+02
2.500773400000000038e+04 7.041605834960937500e+02
2.500781699999999910e+04 7.041666259765625000e+02
2.500790000000000146e+04 7.041718139648437500e+02
2.500798300000000017e+04 7.041777954101562500e+02
2.500806599999999889e+04 7.041841430664062500e+02
2.500814900000000125e+04 7.041908569335937500e+02
2.500823199999999997e+04 7.041990966796875000e+02
2.500831499999999869e+04 7.042082519531250000e+02
2.500839800000000105e+04 7.042153320312500000e+02
2.500848099999999977e+04 7.042102661132812500e+02
2.500856399999999849e+04 7.041637573242187500e+02
2.500864700000000084e+04 7.041170654296875000e+02
2.500872999999999956e+04 7.041049194335937500e+02
2.500881299999999828e+04 7.041105346679687500e+02
2.500889600000000064e+04 7.041159667968750000e+02
2.500897899999999936e+04 7.041217041015625000e+02
2.500906200000000172e+04 7.041279907226562500e+02
2.500914500000000044e+04 7.041347045898437500e+02
2.500922799999999916e+04 7.041425781250000000e+02
2.500931100000000151e+04 7.041515502929687500e+02
2.500939400000000023e+04 7.041591796875000000e+02
2.500947699999999895e+04 7.041570434570312500e+02
2.500956000000000131e+04 7.041223144531250000e+02
2.500964300000000003e+04 7.040755615234375000e+02
2.500972599999999875e+04 7.040634765625000000e+02
2.500980900000000111e+04 7.040690917968750000e+02
2.500989199999999983e+04 7.040745239257812500e+02
2.500997499999999854e+04 7.040803833007812500e+02
2.501005800000000090e+04 7.042049560546875000e+02
2.501014099999999962e+04 7.042116699218750000e+02
2.501022399999999834e+04 7.042196044921875000e+02
2.501030700000000070e+04 7.042285766601562500e+02
2.501038999999999942e+04 7.042362060546875000e+02
2.501047300000000178e+04 7.042341308593750000e+02
2.501055600000000049e+04 7.041994018554687500e+02
2.501063899999999921e+04 7.041526489257812500e+02
2.501072200000000157e+04 7.041404418945312500e+02
2.501080500000000029e+04 7.041461181640625000e+02
2.501088799999999901e+04 7.041516113281250000e+02
2.501097100000000137e+04 7.041574096679687500e+02
2.501105400000000009e+04 7.041636352539062500e+02
2.501113699999999881e+04 7.041702880859375000e+02
2.501122000000000116e+04 7.041781616210937500e+02
2.501130299999999988e+04 7.041871948242187500e+02
2.501138599999999860e+04 7.041948242187500000e+02
2.501146900000000096e+04 7.041926879882812500e+02
2.501155199999999968e+04 7.041578369140625000e+02
2.501163499999999840e+04 7.041110839843750000e+02
2.501171800000000076e+04 7.040988769531250000e+02
2.501180099999999948e+04 7.041044921875000000e+02
2.501188399999999820e+04 7.041099853515625000e+02
2.501196700000000055e+04 7.041157226562500000e+02
2.501204999999999927e+04 7.041219482421875000e+02
2.501213300000000163e+04 7.041285400390625000e+02
2.501221600000000035e+04 7.041364746093750000e+02
2.501229899999999907e+04 7.041453857421875000e+02
2.501238200000000143e+04 7.041530761718750000e+02
2.501246500000000015e+04 7.041509399414062500e+02
2.501254799999999886e+04 7.041160278320312500e+02
2.501263100000000122e+04 7.040691528320312500e+02
2.501271399999999994e+04 7.040487060546875000e+02
2.501279699999999866e+04 7.040538330078125000e+02
2.501288000000000102e+04 7.040594482421875000e+02
2.501296299999999974e+04 7.040651245117187500e+02
2.501304599999999846e+04 7.040714721679687500e+02
2.501312900000000081e+04 7.040781250000000000e+02
2.501321199999999953e+04 7.040861816406250000e+02
2.501329499999999825e+04 7.040950927734375000e+02
2.501337800000000061e+04 7.041033935546875000e+02
2.501346099999999933e+04 7.041042480468750000e+02
2.501354400000000169e+04 7.040806274414062500e+02
2.501362700000000041e+04 7.040289306640625000e+02
2.501370999999999913e+04 7.040083618164062500e+02
2.501379300000000148e+04 7.040136108398437500e+02
2.501387600000000020e+04 7.040191650390625000e+02
2.501395899999999892e+04 7.040248413085937500e+02
2.501404200000000128e+04 7.040311279296875000e+02
2.501412500000000000e+04 7.040377197265625000e+02
2.501420799999999872e+04 7.040453491210937500e+02
2.501429100000000108e+04 7.040543212890625000e+02
2.501437399999999980e+04 7.040625610351562500e+02
2.501445699999999852e+04 7.040633544921875000e+02
2.501454000000000087e+04 7.040394897460937500e+02
2.501462299999999959e+04 7.039877319335937500e+02
2.501470599999999831e+04 7.039672241210937500e+02
2.501478900000000067e+04 7.039723510742187500e+02
2.501487199999999939e+04 7.039779663085937500e+02
2.501495500000000175e+04 7.039836425781250000e+02
2.501503800000000047e+04 7.039898681640625000e+02
2.501512099999999919e+04 7.039965209960937500e+02
2.501520400000000154e+04 7.040042114257812500e+02
2.501528700000000026e+04 7.040131225585937500e+02
2.501536999999999898e+04 7.040214233398437500e+02
2.501545300000000134e+04 7.040222167968750000e+02
2.501553600000000006e+04 7.039984130859375000e+02
2.501561899999999878e+04 7.039465942382812500e+02
2.501570200000000114e+04 7.039261474609375000e+02
2.501578499999999985e+04 7.039313354492187500e+02
2.501586799999999857e+04 7.039369506835937500e+02
2.501595100000000093e+04 7.039426269531250000e+02
2.501603399999999965e+04 7.039489746093750000e+02
2.501611699999999837e+04 7.039555664062500000e+02
2.501620000000000073e+04 7.039632568359375000e+02
2.501628299999999945e+04 7.039722290039062500e+02
2.501636600000000180e+04 7.039805908203125000e+02
2.501644900000000052e+04 7.039813842773437500e+02
2.501653199999999924e+04 7.039574584960937500e+02
2.501661500000000160e+04 7.039057006835937500e+02
2.501669800000000032e+04 7.038769531250000000e+02
2.501678099999999904e+04 7.038816528320312500e+02
2.501686400000000140e+04 7.038875122070312500e+02
2.501694700000000012e+04 7.038929443359375000e+02
2.501702999999999884e+04 7.038992919921875000e+02
2.501711300000000119e+04 7.039058227539062500e+02
2.501719599999999991e+04 7.039135742187500000e+02
2.501727899999999863e+04 7.039224243164062500e+02
2.501736200000000099e+04 7.039307861328125000e+02
2.501744499999999971e+04 7.039342651367187500e+02
2.501752799999999843e+04 7.039212036132812500e+02
2.501761100000000079e+04 7.038645019531250000e+02
2.501769399999999951e+04 7.038357543945312500e+02
2.501777699999999822e+04 7.038405151367187500e+02
2.501786000000000058e+04 7.038463134765625000e+02
2.501794299999999930e+04 7.038518676757812500e+02
2.501802600000000166e+04 7.038582153320312500e+02
2.501810900000000038e+04 7.038647460937500000e+02
2.501819199999999910e+04 7.038721313476562500e+02
2.501827500000000146e+04 7.038809814453125000e+02
2.501835800000000017e+04 7.038897705078125000e+02
2.501844099999999889e+04 7.038936157226562500e+02
2.501852400000000125e+04 7.038811645507812500e+02
2.501860699999999997e+04 7.038244018554687500e+02
2.501868999999999869e+04 7.037955932617187500e+02
2.501877300000000105e+04 7.038003540039062500e+02
2.501885599999999977e+04 7.038061523437500000e+02
2.501893899999999849e+04 7.038117065429687500e+02
2.501902200000000084e+04 7.038179931640625000e+02
2.501910499999999956e+04 7.038246459960937500e+02
2.501918799999999828e+04 7.038320312500000000e+02
2.501927100000000064e+04 7.038409423828125000e+02
2.501935399999999936e+04 7.038497924804687500e+02
2.501943700000000172e+04 7.038535156250000000e+02
2.501952000000000044e+04 7.038411254882812500e+02
2.501960299999999916e+04 7.037843627929687500e+02
2.501968600000000151e+04 7.037555541992187500e+02
2.501976900000000023e+04 7.037602539062500000e+02
2.501985199999999895e+04 7.037661132812500000e+02
2.501993500000000131e+04 7.037716064453125000e+02
