2.500009800000000178e+04 7.040372924804687500e+02
2.500018100000000049e+04 7.040447387695312500e+02
2.500026399999999921e+04 7.040535888671875000e+02
2.500034700000000157e+04 7.040625610351562500e+02
2.500043000000000029e+04 7.040690917968750000e+02
2.500051299999999901e+04 7.040588378906250000e+02
2.500059600000000137e+04 7.040005493164062500e+02
2.500067900000000009e+04 7.039638061523437500e+02
2.500076199999999881e+04 7.039681396484375000e+02
2.500084500000000116e+04 7.039740600585937500e+02
2.500092799999999988e+04 7.039793701171875000e+02
2.500101099999999860e+04 7.039857788085937500e+02
2.500109400000000096e+04 7.039922485351562500e+02
2.500117699999999968e+04 7.039993896484375000e+02
2.500125999999999840e+04 7.040081176757812500e+02
2.500134300000000076e+04 7.040175781250000000e+02
2.500142599999999948e+04 7.040242919921875000e+02
2.500150899999999820e+04 7.040164794921875000e+02
2.500159200000000055e+04 7.039625854492187500e+02
2.500167499999999927e+04 7.039257202148437500e+02
2.500175800000000163e+04 7.039300537109375000e+02
2.500184100000000035e+04 7.039359130859375000e+02
2.500192399999999907e+04 7.039412231445312500e+02
2.500200700000000143e+04 7.039475708007812500e+02
2.500209000000000015e+04 7.039541015625000000e+02
2.500217299999999886e+04 7.039611816406250000e+02
2.500225600000000122e+04 7.039699096679687500e+02
2.500233899999999994e+04 7.039794311523437500e+02
2.500242199999999866e+04 7.039860839843750000e+02
2.500250500000000102e+04 7.039782714843750000e+02
2.500258799999999974e+04 7.039243164062500000e+02
2.500267099999999846e+04 7.038874511718750000e+02
2.500275400000000081e+04 7.038917846679687500e+02
2.500283699999999953e+04 7.038977050781250000e+02
2.500291999999999825e+04 7.039030151367187500e+02
2.500300300000000061e+04 7.039093627929687500e+02
2.500308599999999933e+04 7.039158325195312500e+02
2.500316900000000169e+04 7.039229125976562500e+02
2.500325200000000041e+04 7.039315795898437500e+02
2.500333499999999913e+04 7.039410400390625000e+02
2.500341800000000148e+04 7.039476928710937500e+02
2.500350100000000020e+04 7.039398803710937500e+02
2.500358399999999892e+04 7.038859252929687500e+02
2.500366700000000128e+04 7.038490600585937500e+02
2.500375000000000000e+04 7.038533325195312500e+02
2.500383299999999872e+04 7.038593139648437500e+02
2.500391600000000108e+04 7.038645019531250000e+02
2.500399899999999980e+04 7.038708496093750000e+02
2.500408199999999852e+04 7.038773193359375000e+02
2.500416500000000087e+04 7.038842773437500000e+02
2.500424799999999959e+04 7.038930053710937500e+02
2.500433099999999831e+04 7.039024658203125000e+02
2.500441400000000067e+04 7.039091186523437500e+02
2.500449699999999939e+04 7.039013061523437500e+02
2.500458000000000175e+04 7.038473510742187500e+02
2.500466300000000047e+04 7.038055419921875000e+02
2.500474599999999919e+04 7.038016357421875000e+02
2.500482900000000154e+04 7.038076782226562500e+02
2.500491200000000026e+04 7.038129272460937500e+02
2.500499499999999898e+04 7.038189086914062500e+02
2.500507800000000134e+04 7.038251953125000000e+02
2.500516100000000006e+04 7.038319702148437500e+02
2.500524399999999878e+04 7.038402099609375000e+02
2.500532700000000114e+04 7.038494262695312500e+02
2.500540999999999985e+04 7.038565673828125000e+02
2.500549299999999857e+04 7.038515625000000000e+02
2.500557600000000093e+04 7.038052368164062500e+02
2.500565899999999965e+04 7.037635498046875000e+02
2.500574199999999837e+04 7.037596435546875000e+02
2.500582500000000073e+04 7.037656860351562500e+02
2.500590799999999945e+04 7.037709350585937500e+02
2.500599100000000180e+04 7.037769165039062500e+02
2.500607400000000052e+04 7.037832031250000000e+02
2.500615699999999924e+04 7.037899780273437500e+02
2.500624000000000160e+04 7.037981567382812500e+02
2.500632300000000032e+04 7.038072509765625000e+02
2.500640599999999904e+04 7.038143920898437500e+02
2.500648900000000140e+04 7.038092651367187500e+02
2.500657200000000012e+04 7.037630004882812500e+02
2.500665499999999884e+04 7.037211914062500000e+02
2.500673800000000119e+04 7.037172851562500000e+02
2.500682099999999991e+04 7.037233276367187500e+02
2.500690399999999863e+04 7.037285766601562500e+02
2.500698700000000099e+04 7.037345581054687500e+02
2.500706999999999971e+04 7.037409057617187500e+02
2.500715299999999843e+04 7.037477416992187500e+02
2.500723600000000079e+04 7.037560424804687500e+02
2.500731899999999951e+04 7.037651977539062500e+02
2.500740199999999822e+04 7.037722778320312500e+02
2.500748500000000058e+04 7.037672729492187500e+02
2.500756799999999930e+04 7.037208862304687500e+02
2.500765100000000166e+04 7.036790771484375000e+02
2.500773400000000038e+04 7.036751708984375000e+02
2.500781699999999910e+04 7.036812133789062500e+02
2.500790000000000146e+04 7.036865234375000000e+02
2.500798300000000017e+04 7.036925048828125000e+02
2.500806599999999889e+04 7.036987915039062500e+02
2.500814900000000125e+04 7.037055664062500000e+02
2.500823199999999997e+04 7.037138061523437500e+02
2.500831499999999869e+04 7.037229614257812500e+02
2.500839800000000105e+04 7.037299804687500000e+02
2.500848099999999977e+04 7.037249145507812500e+02
2.500856399999999849e+04 7.036784667968750000e+02
2.500864700000000084e+04 7.036316528320312500e+02
2.500872999999999956e+04 7.036194458007812500e+02
2.500881299999999828e+04 7.036251220703125000e+02
2.500889600000000064e+04 7.036304931640625000e+02
2.500897899999999936e+04 7.036362915039062500e+02
2.500906200000000172e+04 7.036425170898437500e+02
2.500914500000000044e+04 7.036492309570312500e+02
2.500922799999999916e+04 7.036571655273437500e+02
2.500931100000000151e+04 7.036661987304687500e+02
2.500939400000000023e+04 7.036738891601562500e+02
2.500947699999999895e+04 7.036717529296875000e+02
2.500956000000000131e+04 7.036370239257812500e+02
2.500964300000000003e+04 7.035902709960937500e+02
2.500972599999999875e+04 7.035781250000000000e+02
2.500980900000000111e+04 7.035837402343750000e+02
2.500989199999999983e+04 7.035891723632812500e+02
2.500997499999999854e+04 7.035949707031250000e+02
2.501005800000000090e+04 7.037194213867187500e+02
2.501014099999999962e+04 7.037261352539062500e+02
2.501022399999999834e+04 7.037340698242187500e+02
2.501030700000000070e+04 7.037431030273437500e+02
2.501038999999999942e+04 7.037507324218750000e+02
2.501047300000000178e+04 7.037485961914062500e+02
2.501055600000000049e+04 7.037137451171875000e+02
2.501063899999999921e+04 7.036668701171875000e+02
2.501072200000000157e+04 7.036546630859375000e+02
2.501080500000000029e+04 7.036602783203125000e+02
2.501088799999999901e+04 7.036657104492187500e+02
2.501097100000000137e+04 7.036715087890625000e+02
2.501105400000000009e+04 7.036777954101562500e+02
2.501113699999999881e+04 7.036845092773437500e+02
2.501122000000000116e+04 7.036924438476562500e+02
2.501130299999999988e+04 7.037014770507812500e+02
2.501138599999999860e+04 7.037090454101562500e+02
2.501146900000000096e+04 7.037069091796875000e+02
2.501155199999999968e+04 7.036721191406250000e+02
2.501163499999999840e+04 7.036253051757812500e+02
2.501171800000000076e+04 7.036131591796875000e+02
2.501180099999999948e+04 7.036187744140625000e+02
2.501188399999999820e+04 7.036242065429687500e+02
2.501196700000000055e+04 7.036300048828125000e+02
2.501204999999999927e+04 7.036362915039062500e+02
2.501213300000000163e+04 7.036428833007812500e+02
2.501221600000000035e+04 7.036508178710937500e+02
2.501229899999999907e+04 7.036597900390625000e+02
2.501238200000000143e+04 7.036674804687500000e+02
2.501246500000000015e+04 7.036652832031250000e+02
2.501254799999999886e+04 7.036303710937500000e+02
2.501263100000000122e+04 7.035834960937500000e+02
2.501271399999999994e+04 7.035629882812500000e+02
2.501279699999999866e+04 7.035681762695312500e+02
2.501288000000000102e+04 7.035737915039062500e+02
2.501296299999999974e+04 7.035795288085937500e+02
2.501304599999999846e+04 7.035858764648437500e+02
2.501312900000000081e+04 7.035925903320312500e+02
2.501321199999999953e+04 7.036005859375000000e+02
2.501329499999999825e+04 7.036094970703125000e+02
2.501337800000000061e+04 7.036178588867187500e+02
2.501346099999999933e+04 7.036187133789062500e+02
2.501354400000000169e+04 7.035950927734375000e+02
2.501362700000000041e+04 7.035433349609375000e+02
2.501370999999999913e+04 7.035228271484375000e+02
2.501379300000000148e+04 7.035280151367187500e+02
2.501387600000000020e+04 7.035335693359375000e+02
2.501395899999999892e+04 7.035392456054687500e+02
2.501404200000000128e+04 7.035456542968750000e+02
2.501412500000000000e+04 7.035523071289062500e+02
2.501420799999999872e+04 7.035599975585937500e+02
2.501429100000000108e+04 7.035689697265625000e+02
2.501437399999999980e+04 7.035772705078125000e+02
2.501445699999999852e+04 7.035780639648437500e+02
2.501454000000000087e+04 7.035542602539062500e+02
2.501462299999999959e+04 7.035023803710937500e+02
2.501470599999999831e+04 7.034819335937500000e+02
2.501478900000000067e+04 7.034871215820312500e+02
2.501487199999999939e+04 7.034927368164062500e+02
2.501495500000000175e+04 7.034984130859375000e+02
2.501503800000000047e+04 7.035047607421875000e+02
2.501512099999999919e+04 7.035114746093750000e+02
2.501520400000000154e+04 7.035191040039062500e+02
2.501528700000000026e+04 7.035280761718750000e+02
2.501536999999999898e+04 7.035364379882812500e+02
2.501545300000000134e+04 7.035372314453125000e+02
2.501553600000000006e+04 7.035133666992187500e+02
2.501561899999999878e+04 7.034616088867187500e+02
2.501570200000000114e+04 7.034411010742187500e+02
2.501578499999999985e+04 7.034462890625000000e+02
2.501586799999999857e+04 7.034519042968750000e+02
2.501595100000000093e+04 7.034575195312500000e+02
2.501603399999999965e+04 7.034638061523437500e+02
2.501611699999999837e+04 7.034704589843750000e+02
2.501620000000000073e+04 7.034781494140625000e+02
2.501628299999999945e+04 7.034871215820312500e+02
2.501636600000000180e+04 7.034954223632812500e+02
2.501644900000000052e+04 7.034962158203125000e+02
2.501653199999999924e+04 7.034722290039062500e+02
2.501661500000000160e+04 7.034204101562500000e+02
2.501669800000000032e+04 7.033914794921875000e+02
2.501678099999999904e+04 7.033961791992187500e+02
2.501686400000000140e+04 7.034019165039062500e+02
2.501694700000000012e+04 7.034074707031250000e+02
2.501702999999999884e+04 7.034137573242187500e+02
2.501711300000000119e+04 7.034204101562500000e+02
2.501719599999999991e+04 7.034281616210937500e+02
2.501727899999999863e+04 7.034369506835937500e+02
2.501736200000000099e+04 7.034453125000000000e+02
2.501744499999999971e+04 7.034489746093750000e+02
2.501752799999999843e+04 7.034358520507812500e+02
2.501761100000000079e+04 7.033790893554687500e+02
2.501769399999999951e+04 7.033502197265625000e+02
2.501777699999999822e+04 7.033548583984375000e+02
2.501786000000000058e+04 7.033606567382812500e+02
2.501794299999999930e+04 7.033662719726562500e+02
2.501802600000000166e+04 7.033726806640625000e+02
2.501810900000000038e+04 7.033793334960937500e+02
2.501819199999999910e+04 7.033867187500000000e+02
2.501827500000000146e+04 7.033956298828125000e+02
2.501835800000000017e+04 7.034045410156250000e+02
2.501844099999999889e+04 7.034083251953125000e+02
2.501852400000000125e+04 7.033958129882812500e+02
2.501860699999999997e+04 7.033389892578125000e+02
2.501868999999999869e+04 7.033101196289062500e+02
2.501877300000000105e+04 7.033147583007812500e+02
2.501885599999999977e+04 7.033205566406250000e+02
2.501893899999999849e+04 7.033261108398437500e+02
2.501902200000000084e+04 7.033323364257812500e+02
2.501910499999999956e+04 7.033389892578125000e+02
2.501918799999999828e+04 7.033463745117187500e+02
2.501927100000000064e+04 7.033552246093750000e+02
2.501935399999999936e+04 7.033641357421875000e+02
2.501943700000000172e+04 7.033678588867187500e+02
2.501952000000000044e+04 7.033553466796875000e+02
2.501960299999999916e+04 7.032985229492187500e+02
2.501968600000000151e+04 7.032696533203125000e+02
2.501976900000000023e+04 7.032744140625000000e+02
2.501985199999999895e+04 7.032802124023437500e+02
2.501993500000000131e+04 7.032857666015625000e+02
