2.500009800000000178e+04 7.563104629516601562e+00
2.500018100000000049e+04 7.418531417846679688e+00
2.500026399999999921e+04 7.267852306365966797e+00
2.500034700000000157e+04 7.131123065948486328e+00
2.500043000000000029e+04 7.102343082427978516e+00
2.500051299999999901e+04 7.436616897583007812e+00
2.500059600000000137e+04 8.076536178588867188e+00
2.500067900000000009e+04 8.129223823547363281e+00
2.500076199999999881e+04 8.134433746337890625e+00
2.500084500000000116e+04 8.137452125549316406e+00
2.500092799999999988e+04 7.944104671478271484e+00
2.500101099999999860e+04 7.727146625518798828e+00
2.500109400000000096e+04 7.549934864044189453e+00
2.500117699999999968e+04 7.388668537139892578e+00
2.500125999999999840e+04 7.252357006072998047e+00
2.500134300000000076e+04 7.123476028442382812e+00
2.500142599999999948e+04 6.992561817169189453e+00
2.500150899999999820e+04 7.294848918914794922e+00
2.500159200000000055e+04 8.083920478820800781e+00
2.500167499999999927e+04 8.140040397644042969e+00
2.500175800000000163e+04 8.142691612243652344e+00
2.500184100000000035e+04 8.137927055358886719e+00
2.500192399999999907e+04 7.951209068298339844e+00
2.500200700000000143e+04 7.733145236968994141e+00
2.500209000000000015e+04 7.559904575347900391e+00
2.500217299999999886e+04 7.402064323425292969e+00
2.500225600000000122e+04 7.256816864013671875e+00
2.500233899999999994e+04 7.138518333435058594e+00
2.500242199999999866e+04 7.009623527526855469e+00
2.500250500000000102e+04 7.303778171539306641e+00
2.500258799999999974e+04 8.087771415710449219e+00
2.500267099999999846e+04 8.148420333862304688e+00
2.500275400000000081e+04 8.147186279296875000e+00
2.500283699999999953e+04 8.144314765930175781e+00
2.500291999999999825e+04 7.953396797180175781e+00
2.500300300000000061e+04 7.737334251403808594e+00
2.500308599999999933e+04 7.556852817535400391e+00
2.500316900000000169e+04 7.405195236206054688e+00
2.500325200000000041e+04 7.251634597778320312e+00
2.500333499999999913e+04 7.122009277343750000e+00
2.500341800000000148e+04 7.001762866973876953e+00
2.500350100000000020e+04 7.312950134277343750e+00
2.500358399999999892e+04 8.091238975524902344e+00
2.500366700000000128e+04 8.149223327636718750e+00
2.500375000000000000e+04 8.151708602905273438e+00
2.500383299999999872e+04 8.147606849670410156e+00
2.500391600000000108e+04 7.954021930694580078e+00
2.500399899999999980e+04 7.746548175811767578e+00
2.500408199999999852e+04 7.559419631958007812e+00
2.500416500000000087e+04 7.402637481689453125e+00
2.500424799999999959e+04 7.256028652191162109e+00
2.500433099999999831e+04 7.135157108306884766e+00
2.500441400000000067e+04 7.008131027221679688e+00
2.500449699999999939e+04 7.304831027984619141e+00
2.500458000000000175e+04 8.093684196472167969e+00
2.500466300000000047e+04 8.160719871520996094e+00
2.500474599999999919e+04 8.162124633789062500e+00
2.500482900000000154e+04 8.151502609252929688e+00
2.500491200000000026e+04 7.978134632110595703e+00
2.500499499999999898e+04 7.751131057739257812e+00
2.500507800000000134e+04 7.585353374481201172e+00
2.500516100000000006e+04 7.410649299621582031e+00
2.500524399999999878e+04 7.271138668060302734e+00
2.500532700000000114e+04 7.124416351318359375e+00
2.500540999999999985e+04 6.995547771453857422e+00
2.500549299999999857e+04 7.212234497070312500e+00
2.500557600000000093e+04 8.073169708251953125e+00
2.500565899999999965e+04 8.152603149414062500e+00
2.500574199999999837e+04 8.167609214782714844e+00
2.500582500000000073e+04 8.156216621398925781e+00
2.500590799999999945e+04 7.997020244598388672e+00
2.500599100000000180e+04 7.750913619995117188e+00
2.500607400000000052e+04 7.569285392761230469e+00
2.500615699999999924e+04 7.405404090881347656e+00
2.500624000000000160e+04 7.264201164245605469e+00
2.500632300000000032e+04 7.121100902557373047e+00
2.500640599999999904e+04 7.002942562103271484e+00
2.500648900000000140e+04 7.233991622924804688e+00
2.500657200000000012e+04 8.080140113830566406e+00
2.500665499999999884e+04 8.161801338195800781e+00
2.500673800000000119e+04 8.164455413818359375e+00
2.500682099999999991e+04 8.156800270080566406e+00
2.500690399999999863e+04 8.008028030395507812e+00
2.500698700000000099e+04 7.760900020599365234e+00
2.500706999999999971e+04 7.571548461914062500e+00
2.500715299999999843e+04 7.415020942687988281e+00
2.500723600000000079e+04 7.264709949493408203e+00
2.500731899999999951e+04 7.123233318328857422e+00
2.500740199999999822e+04 7.006035804748535156e+00
2.500748500000000058e+04 7.223839759826660156e+00
2.500756799999999930e+04 8.080842018127441406e+00
2.500765100000000166e+04 8.167486190795898438e+00
2.500773400000000038e+04 8.172670364379882812e+00
2.500781699999999910e+04 8.171345710754394531e+00
2.500790000000000146e+04 8.009681701660156250e+00
2.500798300000000017e+04 7.769304752349853516e+00
2.500806599999999889e+04 7.580466270446777344e+00
2.500814900000000125e+04 7.407575130462646484e+00
2.500823199999999997e+04 7.260188102722167969e+00
2.500831499999999869e+04 7.138309001922607422e+00
2.500839800000000105e+04 7.012151718139648438e+00
2.500848099999999977e+04 7.229928493499755859e+00
2.500856399999999849e+04 8.086762428283691406e+00
2.500864700000000084e+04 8.168043136596679688e+00
2.500872999999999956e+04 8.174072265625000000e+00
2.500881299999999828e+04 8.171438217163085938e+00
2.500889600000000064e+04 8.092218399047851562e+00
2.500897899999999936e+04 7.872634887695312500e+00
2.500906200000000172e+04 7.689863204956054688e+00
2.500914500000000044e+04 7.515641689300537109e+00
2.500922799999999916e+04 7.355743408203125000e+00
2.500931100000000151e+04 7.231623649597167969e+00
2.500939400000000023e+04 7.102119922637939453e+00
2.500947699999999895e+04 7.232567310333251953e+00
2.500956000000000131e+04 8.060037612915039062e+00
2.500964300000000003e+04 8.165816307067871094e+00
2.500972599999999875e+04 8.174543380737304688e+00
2.500980900000000111e+04 8.176343917846679688e+00
2.500989199999999983e+04 8.095853805541992188e+00
2.500997499999999854e+04 7.866542816162109375e+00
2.501005800000000090e+04 7.689183235168457031e+00
2.501014099999999962e+04 7.506246089935302734e+00
2.501022399999999834e+04 7.357460975646972656e+00
2.501030700000000070e+04 7.216883182525634766e+00
2.501038999999999942e+04 7.085906982421875000e+00
2.501047300000000178e+04 7.214865207672119141e+00
2.501055600000000049e+04 8.045989990234375000e+00
2.501063899999999921e+04 8.159876823425292969e+00
2.501072200000000157e+04 8.164984703063964844e+00
2.501080500000000029e+04 8.160272598266601562e+00
2.501088799999999901e+04 8.090973854064941406e+00
2.501097100000000137e+04 7.861987590789794922e+00
2.501105400000000009e+04 7.683360576629638672e+00
2.501113699999999881e+04 7.524024963378906250e+00
2.501122000000000116e+04 7.361659526824951172e+00
2.501130299999999988e+04 7.225642681121826172e+00
2.501138599999999860e+04 7.095060348510742188e+00
2.501146900000000096e+04 7.228046894073486328e+00
2.501155199999999968e+04 8.051773071289062500e+00
2.501163499999999840e+04 8.164401054382324219e+00
2.501171800000000076e+04 8.173192977905273438e+00
2.501180099999999948e+04 8.174589157104492188e+00
2.501188399999999820e+04 8.084296226501464844e+00
2.501196700000000055e+04 7.869408607482910156e+00
2.501204999999999927e+04 7.683913230895996094e+00
2.501213300000000163e+04 7.502675056457519531e+00
2.501221600000000035e+04 7.356017589569091797e+00
2.501229899999999907e+04 7.226202964782714844e+00
2.501238200000000143e+04 7.098488330841064453e+00
2.501246500000000015e+04 7.227777957916259766e+00
2.501254799999999886e+04 8.061283111572265625e+00
2.501263100000000122e+04 8.173578262329101562e+00
2.501271399999999994e+04 8.177221298217773438e+00
2.501279699999999866e+04 8.185288429260253906e+00
2.501288000000000102e+04 8.151980400085449219e+00
2.501296299999999974e+04 7.947868824005126953e+00
2.501304599999999846e+04 7.752500057220458984e+00
2.501312900000000081e+04 7.565778255462646484e+00
2.501321199999999953e+04 7.415565490722656250e+00
2.501329499999999825e+04 7.278598785400390625e+00
2.501337800000000061e+04 7.162991046905517578e+00
2.501346099999999933e+04 7.200002193450927734e+00
2.501354400000000169e+04 8.050319671630859375e+00
2.501362700000000041e+04 8.171648979187011719e+00
2.501370999999999913e+04 8.186674118041992188e+00
2.501379300000000148e+04 8.182852745056152344e+00
2.501387600000000020e+04 8.161286354064941406e+00
2.501395899999999892e+04 7.938879489898681641e+00
2.501404200000000128e+04 7.764370441436767578e+00
2.501412500000000000e+04 7.588701248168945312e+00
2.501420799999999872e+04 7.421545028686523438e+00
2.501429100000000108e+04 7.281280994415283203e+00
2.501437399999999980e+04 7.158509731292724609e+00
2.501445699999999852e+04 7.208654403686523438e+00
2.501454000000000087e+04 8.058013916015625000e+00
2.501462299999999959e+04 8.176915168762207031e+00
2.501470599999999831e+04 8.194337844848632812e+00
2.501478900000000067e+04 8.194700241088867188e+00
2.501487199999999939e+04 8.153506278991699219e+00
2.501495500000000175e+04 7.948393344879150391e+00
2.501503800000000047e+04 7.771435260772705078e+00
2.501512099999999919e+04 7.583346843719482422e+00
2.501520400000000154e+04 7.422117233276367188e+00
2.501528700000000026e+04 7.283525466918945312e+00
2.501536999999999898e+04 7.164718151092529297e+00
2.501545300000000134e+04 7.213976860046386719e+00
2.501553600000000006e+04 8.028829574584960938e+00
2.501561899999999878e+04 8.182590484619140625e+00
2.501570200000000114e+04 8.194654464721679688e+00
2.501578499999999985e+04 8.193791389465332031e+00
2.501586799999999857e+04 8.164595603942871094e+00
2.501595100000000093e+04 7.946231365203857422e+00
2.501603399999999965e+04 7.769513130187988281e+00
2.501611699999999837e+04 7.589376449584960938e+00
2.501620000000000073e+04 7.432230949401855469e+00
2.501628299999999945e+04 7.294978141784667969e+00
2.501636600000000180e+04 7.162368774414062500e+00
2.501644900000000052e+04 7.214673995971679688e+00
2.501653199999999924e+04 8.061684608459472656e+00
2.501661500000000160e+04 8.184835433959960938e+00
2.501669800000000032e+04 8.196471214294433594e+00
2.501678099999999904e+04 8.200455665588378906e+00
2.501686400000000140e+04 8.186078071594238281e+00
2.501694700000000012e+04 7.984336376190185547e+00
2.501702999999999884e+04 7.797085285186767578e+00
2.501711300000000119e+04 7.599251747131347656e+00
2.501719599999999991e+04 7.443516254425048828e+00
2.501727899999999863e+04 7.312472343444824219e+00
2.501736200000000099e+04 7.176058769226074219e+00
2.501744499999999971e+04 7.240392684936523438e+00
2.501752799999999843e+04 7.935207843780517578e+00
2.501761100000000079e+04 8.171958923339843750e+00
2.501769399999999951e+04 8.201951026916503906e+00
2.501777699999999822e+04 8.204459190368652344e+00
2.501786000000000058e+04 8.185925483703613281e+00
2.501794299999999930e+04 7.982884407043457031e+00
2.501802600000000166e+04 7.793010711669921875e+00
2.501810900000000038e+04 7.610872745513916016e+00
2.501819199999999910e+04 7.452205657958984375e+00
2.501827500000000146e+04 7.306453227996826172e+00
2.501835800000000017e+04 7.179930686950683594e+00
2.501844099999999889e+04 7.136211872100830078e+00
2.501852400000000125e+04 7.897722244262695312e+00
2.501860699999999997e+04 8.174651145935058594e+00
2.501868999999999869e+04 8.204759597778320312e+00
2.501877300000000105e+04 8.208163261413574219e+00
2.501885599999999977e+04 8.192330360412597656e+00
2.501893899999999849e+04 7.986958980560302734e+00
2.501902200000000084e+04 7.811961650848388672e+00
2.501910499999999956e+04 7.604059696197509766e+00
2.501918799999999828e+04 7.452871322631835938e+00
2.501927100000000064e+04 7.308617591857910156e+00
2.501935399999999936e+04 7.188617229461669922e+00
2.501943700000000172e+04 7.149964332580566406e+00
2.501952000000000044e+04 7.855915069580078125e+00
2.501960299999999916e+04 8.175528526306152344e+00
2.501968600000000151e+04 8.208425521850585938e+00
2.501976900000000023e+04 8.211311340332031250e+00
2.501985199999999895e+04 8.193511962890625000e+00
2.501993500000000131e+04 8.005119323730468750e+00
