2.500009800000000178e+04 7.724289894104003906e+00
2.500018100000000049e+04 7.569079875946044922e+00
2.500026399999999921e+04 7.415253639221191406e+00
2.500034700000000157e+04 7.274795532226562500e+00
2.500043000000000029e+04 7.238516807556152344e+00
2.500051299999999901e+04 7.595834732055664062e+00
2.500059600000000137e+04 8.265884399414062500e+00
2.500067900000000009e+04 8.326695442199707031e+00
2.500076199999999881e+04 8.331591606140136719e+00
2.500084500000000116e+04 8.325078964233398438e+00
2.500092799999999988e+04 8.128345489501953125e+00
2.500101099999999860e+04 7.895195007324218750e+00
2.500109400000000096e+04 7.715684890747070312e+00
2.500117699999999968e+04 7.538033008575439453e+00
2.500125999999999840e+04 7.394756317138671875e+00
2.500134300000000076e+04 7.263963699340820312e+00
2.500142599999999948e+04 7.134274482727050781e+00
2.500150899999999820e+04 7.456414222717285156e+00
2.500159200000000055e+04 8.278717994689941406e+00
2.500167499999999927e+04 8.339784622192382812e+00
2.500175800000000163e+04 8.338957786560058594e+00
2.500184100000000035e+04 8.335456848144531250e+00
2.500192399999999907e+04 8.128753662109375000e+00
2.500200700000000143e+04 7.901385784149169922e+00
2.500209000000000015e+04 7.725849628448486328e+00
2.500217299999999886e+04 7.552654743194580078e+00
2.500225600000000122e+04 7.406495571136474609e+00
2.500233899999999994e+04 7.274269104003906250e+00
2.500242199999999866e+04 7.147485733032226562e+00
2.500250500000000102e+04 7.466186523437500000e+00
2.500258799999999974e+04 8.289159774780273438e+00
2.500267099999999846e+04 8.340707778930664062e+00
2.500275400000000081e+04 8.342543601989746094e+00
2.500283699999999953e+04 8.333957672119140625e+00
2.500291999999999825e+04 8.137455940246582031e+00
2.500300300000000061e+04 7.913002014160156250e+00
2.500308599999999933e+04 7.728766441345214844e+00
2.500316900000000169e+04 7.572186470031738281e+00
2.500325200000000041e+04 7.404664039611816406e+00
2.500333499999999913e+04 7.265697479248046875e+00
2.500341800000000148e+04 7.142904281616210938e+00
2.500350100000000020e+04 7.464576244354248047e+00
2.500358399999999892e+04 8.286898612976074219e+00
2.500366700000000128e+04 8.349166870117187500e+00
2.500375000000000000e+04 8.351177215576171875e+00
2.500383299999999872e+04 8.339321136474609375e+00
2.500391600000000108e+04 8.150791168212890625e+00
2.500399899999999980e+04 7.925582408905029297e+00
2.500408199999999852e+04 7.726990699768066406e+00
2.500416500000000087e+04 7.561913490295410156e+00
2.500424799999999959e+04 7.407153606414794922e+00
2.500433099999999831e+04 7.275702953338623047e+00
2.500441400000000067e+04 7.147813320159912109e+00
2.500449699999999939e+04 7.471273422241210938e+00
2.500458000000000175e+04 8.289113998413085938e+00
2.500466300000000047e+04 8.354500770568847656e+00
2.500474599999999919e+04 8.354042053222656250e+00
2.500482900000000154e+04 8.348238945007324219e+00
2.500491200000000026e+04 8.167937278747558594e+00
2.500499499999999898e+04 7.924409866333007812e+00
2.500507800000000134e+04 7.746355056762695312e+00
2.500516100000000006e+04 7.565448760986328125e+00
2.500524399999999878e+04 7.417022228240966797e+00
2.500532700000000114e+04 7.269066333770751953e+00
2.500540999999999985e+04 7.141160011291503906e+00
2.500549299999999857e+04 7.361749649047851562e+00
2.500557600000000093e+04 8.259705543518066406e+00
2.500565899999999965e+04 8.347608566284179688e+00
2.500574199999999837e+04 8.364146232604980469e+00
2.500582500000000073e+04 8.357226371765136719e+00
2.500590799999999945e+04 8.191746711730957031e+00
2.500599100000000180e+04 7.929034709930419922e+00
2.500607400000000052e+04 7.733560085296630859e+00
2.500615699999999924e+04 7.569580078125000000e+00
2.500624000000000160e+04 7.424132823944091797e+00
2.500632300000000032e+04 7.273194313049316406e+00
2.500640599999999904e+04 7.142473220825195312e+00
2.500648900000000140e+04 7.381218910217285156e+00
2.500657200000000012e+04 8.267253875732421875e+00
2.500665499999999884e+04 8.356374740600585938e+00
2.500673800000000119e+04 8.363282203674316406e+00
2.500682099999999991e+04 8.359648704528808594e+00
2.500690399999999863e+04 8.189152717590332031e+00
2.500698700000000099e+04 7.931518077850341797e+00
2.500706999999999971e+04 7.724857807159423828e+00
2.500715299999999843e+04 7.565000057220458984e+00
2.500723600000000079e+04 7.412477016448974609e+00
2.500731899999999951e+04 7.269656181335449219e+00
2.500740199999999822e+04 7.151413440704345703e+00
2.500748500000000058e+04 7.372259616851806641e+00
2.500756799999999930e+04 8.275712966918945312e+00
2.500765100000000166e+04 8.357246398925781250e+00
2.500773400000000038e+04 8.367671012878417969e+00
2.500781699999999910e+04 8.365178108215332031e+00
2.500790000000000146e+04 8.190572738647460938e+00
2.500798300000000017e+04 7.943268299102783203e+00
2.500806599999999889e+04 7.748672008514404297e+00
2.500814900000000125e+04 7.564592838287353516e+00
2.500823199999999997e+04 7.412952423095703125e+00
2.500831499999999869e+04 7.280287742614746094e+00
2.500839800000000105e+04 7.156436443328857422e+00
2.500848099999999977e+04 7.380416393280029297e+00
2.500856399999999849e+04 8.276738166809082031e+00
2.500864700000000084e+04 8.368303298950195312e+00
2.500872999999999956e+04 8.371848106384277344e+00
2.500881299999999828e+04 8.367572784423828125e+00
2.500889600000000064e+04 8.283291816711425781e+00
2.500897899999999936e+04 8.045356750488281250e+00
2.500906200000000172e+04 7.860666275024414062e+00
2.500914500000000044e+04 7.678486347198486328e+00
2.500922799999999916e+04 7.509545803070068359e+00
2.500931100000000151e+04 7.380524635314941406e+00
2.500939400000000023e+04 7.240764141082763672e+00
2.500947699999999895e+04 7.378363132476806641e+00
2.500956000000000131e+04 8.251180648803710938e+00
2.500964300000000003e+04 8.364866256713867188e+00
2.500972599999999875e+04 8.375616073608398438e+00
2.500980900000000111e+04 8.374640464782714844e+00
2.500989199999999983e+04 8.289799690246582031e+00
2.500997499999999854e+04 8.047273635864257812e+00
2.501005800000000090e+04 7.848280906677246094e+00
2.501014099999999962e+04 7.666906833648681641e+00
2.501022399999999834e+04 7.517899513244628906e+00
2.501030700000000070e+04 7.361825466156005859e+00
2.501038999999999942e+04 7.228619575500488281e+00
2.501047300000000178e+04 7.374784469604492188e+00
2.501055600000000049e+04 8.242446899414062500e+00
2.501063899999999921e+04 8.363666534423828125e+00
2.501072200000000157e+04 8.368670463562011719e+00
2.501080500000000029e+04 8.361243247985839844e+00
2.501088799999999901e+04 8.289299011230468750e+00
2.501097100000000137e+04 8.043876647949218750e+00
2.501105400000000009e+04 7.849397659301757812e+00
2.501113699999999881e+04 7.682791233062744141e+00
2.501122000000000116e+04 7.515344142913818359e+00
2.501130299999999988e+04 7.374784469604492188e+00
2.501138599999999860e+04 7.241076469421386719e+00
2.501146900000000096e+04 7.379919052124023438e+00
2.501155199999999968e+04 8.244027137756347656e+00
2.501163499999999840e+04 8.358250617980957031e+00
2.501171800000000076e+04 8.365832328796386719e+00
2.501180099999999948e+04 8.366052627563476562e+00
2.501188399999999820e+04 8.279208183288574219e+00
2.501196700000000055e+04 8.041740417480468750e+00
2.501204999999999927e+04 7.855036258697509766e+00
2.501213300000000163e+04 7.667925834655761719e+00
2.501221600000000035e+04 7.513140201568603516e+00
2.501229899999999907e+04 7.370875358581542969e+00
2.501238200000000143e+04 7.244410037994384766e+00
2.501246500000000015e+04 7.384202480316162109e+00
2.501254799999999886e+04 8.250741004943847656e+00
2.501263100000000122e+04 8.368219375610351562e+00
2.501271399999999994e+04 8.375418663024902344e+00
2.501279699999999866e+04 8.376551628112792969e+00
2.501288000000000102e+04 8.341851234436035156e+00
2.501296299999999974e+04 8.125847816467285156e+00
2.501304599999999846e+04 7.924859046936035156e+00
2.501312900000000081e+04 7.732968807220458984e+00
2.501321199999999953e+04 7.578327655792236328e+00
2.501329499999999825e+04 7.435577392578125000e+00
2.501337800000000061e+04 7.304683685302734375e+00
2.501346099999999933e+04 7.349607467651367188e+00
2.501354400000000169e+04 8.238977432250976562e+00
2.501362700000000041e+04 8.367735862731933594e+00
2.501370999999999913e+04 8.384451866149902344e+00
2.501379300000000148e+04 8.380542755126953125e+00
2.501387600000000020e+04 8.349517822265625000e+00
2.501395899999999892e+04 8.119948387145996094e+00
2.501404200000000128e+04 7.928664207458496094e+00
2.501412500000000000e+04 7.747188091278076172e+00
2.501420799999999872e+04 7.579354286193847656e+00
2.501429100000000108e+04 7.432209968566894531e+00
2.501437399999999980e+04 7.302991390228271484e+00
2.501445699999999852e+04 7.358293533325195312e+00
2.501454000000000087e+04 8.247080802917480469e+00
2.501462299999999959e+04 8.379584312438964844e+00
2.501470599999999831e+04 8.386181831359863281e+00
2.501478900000000067e+04 8.384812355041503906e+00
2.501487199999999939e+04 8.352406501770019531e+00
2.501495500000000175e+04 8.130602836608886719e+00
2.501503800000000047e+04 7.935303211212158203e+00
2.501512099999999919e+04 7.743798732757568359e+00
2.501520400000000154e+04 7.581777095794677734e+00
2.501528700000000026e+04 7.437314987182617188e+00
2.501536999999999898e+04 7.303783893585205078e+00
2.501545300000000134e+04 7.358396530151367188e+00
2.501553600000000006e+04 8.215173721313476562e+00
2.501561899999999878e+04 8.374043464660644531e+00
2.501570200000000114e+04 8.390419960021972656e+00
2.501578499999999985e+04 8.392588615417480469e+00
2.501586799999999857e+04 8.361091613769531250e+00
2.501595100000000093e+04 8.131426811218261719e+00
2.501603399999999965e+04 7.951445579528808594e+00
2.501611699999999837e+04 7.753851890563964844e+00
2.501620000000000073e+04 7.584761142730712891e+00
2.501628299999999945e+04 7.449865341186523438e+00
2.501636600000000180e+04 7.312919139862060547e+00
2.501644900000000052e+04 7.368010520935058594e+00
2.501653199999999924e+04 8.254976272583007812e+00
2.501661500000000160e+04 8.380722045898437500e+00
2.501669800000000032e+04 8.398443222045898438e+00
2.501678099999999904e+04 8.400764465332031250e+00
2.501686400000000140e+04 8.379938125610351562e+00
2.501694700000000012e+04 8.162274360656738281e+00
2.501702999999999884e+04 7.974862098693847656e+00
2.501711300000000119e+04 7.762817859649658203e+00
2.501719599999999991e+04 7.604285717010498047e+00
2.501727899999999863e+04 7.471381187438964844e+00
2.501736200000000099e+04 7.319567680358886719e+00
2.501744499999999971e+04 7.377074718475341797e+00
2.501752799999999843e+04 8.123950958251953125e+00
2.501761100000000079e+04 8.370784759521484375e+00
2.501769399999999951e+04 8.398572921752929688e+00
2.501777699999999822e+04 8.409281730651855469e+00
2.501786000000000058e+04 8.380918502807617188e+00
2.501794299999999930e+04 8.156682014465332031e+00
2.501802600000000166e+04 7.960398674011230469e+00
2.501810900000000038e+04 7.767521858215332031e+00
2.501819199999999910e+04 7.606539249420166016e+00
2.501827500000000146e+04 7.456115245819091797e+00
2.501835800000000017e+04 7.317642688751220703e+00
2.501844099999999889e+04 7.289361000061035156e+00
2.501852400000000125e+04 8.081381797790527344e+00
2.501860699999999997e+04 8.373315811157226562e+00
2.501868999999999869e+04 8.402989387512207031e+00
2.501877300000000105e+04 8.410089492797851562e+00
2.501885599999999977e+04 8.387175559997558594e+00
2.501893899999999849e+04 8.178876876831054688e+00
2.501902200000000084e+04 7.990952968597412109e+00
2.501910499999999956e+04 7.774991989135742188e+00
2.501918799999999828e+04 7.613598823547363281e+00
2.501927100000000064e+04 7.470646858215332031e+00
2.501935399999999936e+04 7.331941127777099609e+00
2.501943700000000172e+04 7.299239635467529297e+00
2.501952000000000044e+04 8.048614501953125000e+00
2.501960299999999916e+04 8.374522209167480469e+00
2.501968600000000151e+04 8.406063079833984375e+00
2.501976900000000023e+04 8.408867835998535156e+00
2.501985199999999895e+04 8.395472526550292969e+00
2.501993500000000131e+04 8.185537338256835938e+00
