2.500003199999999924e+04 6.600504150390625000e+02
2.500005119999999806e+04 6.600518798828125000e+02
2.500007039999999688e+04 6.600532836914062500e+02
2.500008959999999934e+04 6.600547485351562500e+02
2.500010879999999815e+04 6.600562744140625000e+02
2.500012800000000061e+04 6.600578002929687500e+02
2.500014719999999943e+04 6.600593261718750000e+02
2.500016639999999825e+04 6.600609130859375000e+02
2.500018560000000070e+04 6.600628051757812500e+02
2.500020479999999588e+04 6.600647583007812500e+02
2.500022399999999834e+04 6.600666503906250000e+02
2.500024319999999716e+04 6.600685424804687500e+02
2.500026239999999598e+04 6.600704956054687500e+02
2.500028159999999843e+04 6.600725708007812500e+02
2.500030079999999725e+04 6.600747070312500000e+02
2.500031999999999971e+04 6.600767822265625000e+02
2.500033919999999853e+04 6.600789184570312500e+02
2.500035839999999735e+04 6.600803833007812500e+02
2.500037759999999980e+04 6.600818481445312500e+02
2.500039679999999862e+04 6.600833740234375000e+02
2.500041600000000108e+04 6.600848388671875000e+02
2.500043519999999990e+04 6.600831298828125000e+02
2.500045439999999871e+04 6.600815429687500000e+02
2.500047359999999753e+04 6.600798950195312500e+02
2.500049279999999635e+04 6.600785522460937500e+02
2.500051199999999881e+04 6.600771484375000000e+02
2.500053119999999763e+04 6.600659179687500000e+02
2.500055039999999644e+04 6.600521850585937500e+02
2.500056959999999890e+04 6.600382080078125000e+02
2.500058879999999772e+04 6.600245361328125000e+02
2.500060800000000017e+04 6.600164184570312500e+02
2.500062719999999899e+04 6.600081787109375000e+02
2.500064639999999781e+04 6.600001220703125000e+02
2.500066560000000027e+04 6.599919433593750000e+02
2.500068479999999909e+04 6.599838256835937500e+02
2.500070400000000154e+04 6.599852294921875000e+02
2.500072319999999672e+04 6.599862060546875000e+02
2.500074239999999554e+04 6.599872436523437500e+02
2.500076159999999800e+04 6.599882202148437500e+02
2.500078079999999682e+04 6.599897460937500000e+02
2.500079999999999927e+04 6.599912719726562500e+02
2.500081919999999809e+04 6.599927368164062500e+02
2.500083839999999691e+04 6.599942626953125000e+02
2.500085759999999937e+04 6.599954833984375000e+02
2.500087679999999818e+04 6.599967651367187500e+02
2.500089600000000064e+04 6.599980468750000000e+02
2.500091519999999946e+04 6.599992675781250000e+02
2.500093439999999828e+04 6.600006713867187500e+02
2.500095360000000073e+04 6.600021362304687500e+02
2.500097279999999591e+04 6.600035400390625000e+02
2.500099199999999837e+04 6.600049438476562500e+02
2.500101119999999719e+04 6.600064086914062500e+02
2.500103039999999601e+04 6.600078125000000000e+02
2.500104959999999846e+04 6.600092163085937500e+02
2.500106879999999728e+04 6.600106811523437500e+02
2.500108799999999974e+04 6.600120849609375000e+02
2.500110719999999856e+04 6.600136108398437500e+02
2.500112639999999737e+04 6.600151977539062500e+02
2.500114559999999983e+04 6.600167236328125000e+02
2.500116479999999865e+04 6.600182495117187500e+02
2.500118400000000111e+04 6.600202026367187500e+02
2.500120319999999992e+04 6.600220947265625000e+02
2.500122239999999510e+04 6.600240478515625000e+02
2.500124159999999756e+04 6.600259399414062500e+02
2.500126079999999638e+04 6.600278930664062500e+02
2.500127999999999884e+04 6.600299682617187500e+02
2.500129919999999765e+04 6.600321044921875000e+02
2.500131839999999647e+04 6.600341796875000000e+02
2.500133759999999893e+04 6.600362548828125000e+02
2.500135679999999775e+04 6.600377807617187500e+02
2.500137600000000020e+04 6.600392456054687500e+02
2.500139519999999902e+04 6.600407714843750000e+02
2.500141439999999784e+04 6.600422363281250000e+02
2.500143360000000030e+04 6.600405273437500000e+02
2.500145279999999912e+04 6.600389404296875000e+02
2.500147200000000157e+04 6.600372924804687500e+02
2.500149119999999675e+04 6.600359497070312500e+02
2.500151039999999557e+04 6.600344848632812500e+02
2.500152959999999803e+04 6.600233154296875000e+02
2.500154879999999685e+04 6.600095214843750000e+02
2.500156799999999930e+04 6.599955444335937500e+02
2.500158719999999812e+04 6.599818725585937500e+02
2.500160639999999694e+04 6.599737548828125000e+02
2.500162559999999939e+04 6.599655151367187500e+02
2.500164479999999821e+04 6.599574584960937500e+02
2.500166400000000067e+04 6.599492797851562500e+02
2.500168319999999949e+04 6.599411621093750000e+02
2.500170239999999831e+04 6.599425659179687500e+02
2.500172160000000076e+04 6.599435424804687500e+02
2.500174079999999594e+04 6.599445800781250000e+02
2.500175999999999840e+04 6.599455566406250000e+02
2.500177919999999722e+04 6.599470825195312500e+02
2.500179839999999604e+04 6.599485473632812500e+02
2.500181759999999849e+04 6.599500732421875000e+02
2.500183679999999731e+04 6.599515991210937500e+02
2.500185599999999977e+04 6.599528198242187500e+02
2.500187519999999859e+04 6.599541015625000000e+02
2.500189439999999740e+04 6.599553222656250000e+02
2.500191359999999986e+04 6.599566040039062500e+02
2.500193279999999868e+04 6.599578857421875000e+02
2.500195200000000114e+04 6.599592895507812500e+02
2.500197119999999995e+04 6.599606933593750000e+02
2.500199039999999513e+04 6.599621582031250000e+02
2.500200959999999759e+04 6.599635620117187500e+02
2.500202879999999641e+04 6.599649658203125000e+02
2.500204799999999886e+04 6.599664306640625000e+02
2.500206719999999768e+04 6.599678344726562500e+02
2.500208639999999650e+04 6.599692382812500000e+02
2.500210559999999896e+04 6.599708251953125000e+02
2.500212479999999778e+04 6.599723510742187500e+02
2.500214400000000023e+04 6.599738769531250000e+02
2.500216319999999905e+04 6.599754028320312500e+02
2.500218239999999787e+04 6.599773559570312500e+02
2.500220160000000033e+04 6.599793090820312500e+02
2.500222079999999914e+04 6.599812011718750000e+02
2.500224000000000160e+04 6.599830932617187500e+02
2.500225919999999678e+04 6.599850463867187500e+02
2.500227839999999560e+04 6.599871215820312500e+02
2.500229759999999806e+04 6.599892578125000000e+02
2.500231679999999687e+04 6.599913330078125000e+02
2.500233599999999933e+04 6.599934692382812500e+02
2.500235519999999815e+04 6.599949340820312500e+02
2.500237439999999697e+04 6.599964599609375000e+02
2.500239359999999942e+04 6.599979248046875000e+02
2.500241279999999824e+04 6.599993896484375000e+02
2.500243200000000070e+04 6.600008544921875000e+02
2.500245119999999952e+04 6.599991455078125000e+02
2.500247039999999834e+04 6.599973754882812500e+02
2.500248960000000079e+04 6.599958496093750000e+02
2.500250879999999597e+04 6.599944458007812500e+02
2.500252799999999843e+04 6.599887084960937500e+02
2.500254719999999725e+04 6.599749145507812500e+02
2.500256639999999607e+04 6.599608154296875000e+02
2.500258559999999852e+04 6.599471435546875000e+02
2.500260479999999734e+04 6.599389648437500000e+02
2.500262399999999980e+04 6.599307861328125000e+02
2.500264319999999861e+04 6.599226074218750000e+02
2.500266239999999743e+04 6.599144897460937500e+02
2.500268159999999989e+04 6.599063110351562500e+02
2.500270079999999871e+04 6.599077148437500000e+02
2.500272000000000116e+04 6.599087524414062500e+02
2.500273919999999998e+04 6.599097290039062500e+02
2.500275839999999516e+04 6.599107666015625000e+02
2.500277759999999762e+04 6.599122314453125000e+02
2.500279679999999644e+04 6.599137573242187500e+02
2.500281599999999889e+04 6.599152832031250000e+02
2.500283519999999771e+04 6.599167480468750000e+02
2.500285439999999653e+04 6.599180297851562500e+02
2.500287359999999899e+04 6.599192504882812500e+02
2.500289279999999781e+04 6.599205322265625000e+02
2.500291200000000026e+04 6.599217529296875000e+02
2.500293119999999908e+04 6.599230346679687500e+02
2.500295039999999790e+04 6.599244384765625000e+02
2.500296960000000036e+04 6.599259033203125000e+02
2.500298879999999917e+04 6.599273071289062500e+02
2.500300800000000163e+04 6.599287109375000000e+02
2.500302719999999681e+04 6.599301757812500000e+02
2.500304639999999563e+04 6.599315795898437500e+02
2.500306559999999808e+04 6.599329833984375000e+02
2.500308479999999690e+04 6.599344482421875000e+02
2.500310399999999936e+04 6.599358520507812500e+02
2.500312319999999818e+04 6.599374389648437500e+02
2.500314239999999700e+04 6.599389648437500000e+02
2.500316159999999945e+04 6.599404907226562500e+02
2.500318079999999827e+04 6.599420166015625000e+02
2.500320000000000073e+04 6.599439697265625000e+02
2.500321919999999955e+04 6.599458618164062500e+02
2.500323839999999836e+04 6.599478149414062500e+02
2.500325760000000082e+04 6.599497070312500000e+02
2.500327679999999600e+04 6.599518432617187500e+02
2.500329599999999846e+04 6.599539184570312500e+02
2.500331519999999728e+04 6.599560546875000000e+02
2.500333439999999609e+04 6.599581298828125000e+02
2.500335359999999855e+04 6.599596557617187500e+02
2.500337279999999737e+04 6.599611206054687500e+02
2.500339199999999983e+04 6.599625854492187500e+02
2.500341119999999864e+04 6.599641113281250000e+02
2.500343039999999746e+04 6.599655761718750000e+02
2.500344959999999992e+04 6.599638671875000000e+02
2.500346879999999874e+04 6.599620971679687500e+02
2.500348800000000119e+04 6.599605102539062500e+02
2.500350720000000001e+04 6.599591674804687500e+02
2.500352639999999519e+04 6.599530639648437500e+02
2.500354559999999765e+04 6.599392089843750000e+02
2.500356479999999647e+04 6.599251098632812500e+02
2.500358399999999892e+04 6.599114990234375000e+02
2.500360319999999774e+04 6.599032592773437500e+02
2.500362239999999656e+04 6.598950805664062500e+02
2.500364159999999902e+04 6.598869628906250000e+02
2.500366079999999783e+04 6.598787841796875000e+02
2.500368000000000029e+04 6.598706665039062500e+02
2.500369919999999911e+04 6.598720092773437500e+02
2.500371839999999793e+04 6.598730468750000000e+02
2.500373760000000038e+04 6.598740234375000000e+02
2.500375679999999920e+04 6.598750610351562500e+02
2.500377600000000166e+04 6.598765258789062500e+02
2.500379519999999684e+04 6.598780517578125000e+02
2.500381439999999566e+04 6.598795776367187500e+02
2.500383359999999811e+04 6.598810424804687500e+02
2.500385279999999693e+04 6.598823242187500000e+02
2.500387199999999939e+04 6.598835449218750000e+02
2.500389119999999821e+04 6.598848266601562500e+02
2.500391039999999703e+04 6.598861083984375000e+02
2.500392959999999948e+04 6.598873291015625000e+02
2.500394879999999830e+04 6.598887939453125000e+02
2.500396800000000076e+04 6.598901977539062500e+02
2.500398719999999958e+04 6.598916015625000000e+02
2.500400639999999839e+04 6.598930053710937500e+02
2.500402560000000085e+04 6.598944702148437500e+02
2.500404479999999603e+04 6.598958740234375000e+02
2.500406399999999849e+04 6.598973388671875000e+02
2.500408319999999730e+04 6.598987426757812500e+02
2.500410239999999612e+04 6.599001464843750000e+02
2.500412159999999858e+04 6.599017333984375000e+02
2.500414079999999740e+04 6.599032592773437500e+02
2.500415999999999985e+04 6.599047851562500000e+02
2.500417919999999867e+04 6.599063720703125000e+02
2.500419839999999749e+04 6.599082641601562500e+02
2.500421759999999995e+04 6.599102172851562500e+02
2.500423679999999877e+04 6.599121093750000000e+02
2.500425600000000122e+04 6.599140625000000000e+02
2.500427520000000004e+04 6.599161376953125000e+02
2.500429439999999522e+04 6.599182739257812500e+02
2.500431359999999768e+04 6.599203491210937500e+02
2.500433279999999650e+04 6.599224853515625000e+02
2.500435199999999895e+04 6.599239501953125000e+02
2.500437119999999777e+04 6.599254150390625000e+02
2.500439039999999659e+04 6.599269409179687500e+02
2.500440959999999905e+04 6.599284057617187500e+02
2.500442879999999786e+04 6.599298706054687500e+02
2.500444800000000032e+04 6.599281616210937500e+02
2.500446719999999914e+04 6.599263916015625000e+02
2.500448639999999796e+04 6.599248046875000000e+02
2.500450560000000041e+04 6.599234619140625000e+02
2.500452479999999923e+04 6.599173583984375000e+02
2.500454400000000169e+04 6.599035034179687500e+02
2.500456319999999687e+04 6.598894042968750000e+02
2.500458239999999569e+04 6.598757324218750000e+02
2.500460159999999814e+04 6.598675537109375000e+02
2.500462079999999696e+04 6.598593750000000000e+02
2.500463999999999942e+04 6.598511962890625000e+02
2.500465919999999824e+04 6.598430175781250000e+02
2.500467839999999705e+04 6.598348999023437500e+02
2.500469759999999951e+04 6.598363037109375000e+02
2.500471679999999833e+04 6.598372802734375000e+02
2.500473600000000079e+04 6.598383178710937500e+02
2.500475519999999960e+04 6.598392944335937500e+02
2.500477439999999842e+04 6.598407592773437500e+02
2.500479360000000088e+04 6.598422851562500000e+02
2.500481279999999606e+04 6.598438110351562500e+02
2.500483199999999852e+04 6.598453369140625000e+02
2.500485119999999733e+04 6.598468017578125000e+02
2.500487039999999615e+04 6.598480834960937500e+02
2.500488959999999861e+04 6.598493652343750000e+02
2.500490879999999743e+04 6.598505859375000000e+02
2.500492799999999988e+04 6.598518676757812500e+02
2.500494719999999870e+04 6.598532714843750000e+02
2.500496639999999752e+04 6.598546752929687500e+02
2.500498559999999998e+04 6.598561401367187500e+02
2.500500479999999880e+04 6.598575439453125000e+02
2.500502400000000125e+04 6.598589477539062500e+02
2.500504320000000007e+04 6.598604125976562500e+02
2.500506239999999525e+04 6.598618164062500000e+02
2.500508159999999771e+04 6.598632812500000000e+02
2.500510079999999653e+04 6.598646850585937500e+02
2.500511999999999898e+04 6.598662109375000000e+02
2.500513919999999780e+04 6.598677978515625000e+02
2.500515839999999662e+04 6.598693237304687500e+02
2.500517759999999907e+04 6.598708496093750000e+02
2.500519679999999789e+04 6.598728027343750000e+02
2.500521600000000035e+04 6.598746948242187500e+02
2.500523519999999917e+04 6.598766479492187500e+02
2.500525439999999799e+04 6.598785400390625000e+02
2.500527360000000044e+04 6.598806762695312500e+02
2.500529279999999926e+04 6.598827514648437500e+02
2.500531200000000172e+04 6.598848876953125000e+02
2.500533119999999690e+04 6.598869628906250000e+02
2.500535039999999572e+04 6.598884887695312500e+02
2.500536959999999817e+04 6.598899536132812500e+02
2.500538879999999699e+04 6.598914184570312500e+02
2.500540799999999945e+04 6.598929443359375000e+02
2.500542719999999827e+04 6.598944091796875000e+02
2.500544639999999708e+04 6.598927001953125000e+02
2.500546559999999954e+04 6.598909301757812500e+02
2.500548479999999836e+04 6.598893432617187500e+02
2.500550400000000081e+04 6.598880004882812500e+02
2.500552319999999963e+04 6.598820190429687500e+02
2.500554239999999845e+04 6.598681640625000000e+02
2.500556160000000091e+04 6.598540649414062500e+02
2.500558079999999609e+04 6.598403930664062500e+02
2.500559999999999854e+04 6.598264770507812500e+02
2.500561919999999736e+04 6.598185424804687500e+02
2.500563839999999618e+04 6.598102416992187500e+02
2.500565759999999864e+04 6.598021850585937500e+02
2.500567679999999746e+04 6.597939453125000000e+02
2.500569599999999991e+04 6.597954711914062500e+02
2.500571519999999873e+04 6.597964477539062500e+02
2.500573439999999755e+04 6.597974853515625000e+02
2.500575360000000001e+04 6.597984619140625000e+02
2.500577279999999882e+04 6.597999877929687500e+02
2.500579200000000128e+04 6.598014526367187500e+02
2.500581120000000010e+04 6.598029785156250000e+02
2.500583039999999528e+04 6.598045043945312500e+02
2.500584959999999774e+04 6.598060302734375000e+02
2.500586879999999655e+04 6.598072509765625000e+02
2.500588799999999901e+04 6.598085327148437500e+02
2.500590719999999783e+04 6.598097534179687500e+02
2.500592639999999665e+04 6.598110351562500000e+02
2.500594559999999910e+04 6.598124389648437500e+02
2.500596479999999792e+04 6.598139038085937500e+02
2.500598400000000038e+04 6.598153076171875000e+02
2.500600319999999920e+04 6.598167114257812500e+02
2.500602239999999802e+04 6.598181762695312500e+02
2.500604160000000047e+04 6.598195800781250000e+02
2.500606079999999929e+04 6.598209838867187500e+02
2.500608000000000175e+04 6.598224487304687500e+02
2.500609919999999693e+04 6.598238525390625000e+02
2.500611839999999575e+04 6.598254394531250000e+02
2.500613759999999820e+04 6.598269653320312500e+02
2.500615679999999702e+04 6.598284912109375000e+02
2.500617599999999948e+04 6.598300781250000000e+02
2.500619519999999829e+04 6.598319702148437500e+02
2.500621439999999711e+04 6.598339233398437500e+02
2.500623359999999957e+04 6.598358154296875000e+02
2.500625279999999839e+04 6.598377685546875000e+02
2.500627200000000084e+04 6.598398437500000000e+02
2.500629119999999966e+04 6.598419799804687500e+02
2.500631039999999848e+04 6.598440551757812500e+02
2.500632960000000094e+04 6.598461914062500000e+02
2.500634879999999612e+04 6.598476562500000000e+02
2.500636799999999857e+04 6.598491210937500000e+02
2.500638719999999739e+04 6.598506469726562500e+02
2.500640639999999621e+04 6.598521118164062500e+02
2.500642559999999867e+04 6.598535766601562500e+02
2.500644479999999749e+04 6.598518676757812500e+02
2.500646399999999994e+04 6.598500976562500000e+02
2.500648319999999876e+04 6.598485107421875000e+02
2.500650239999999758e+04 6.598471679687500000e+02
2.500652160000000003e+04 6.598411865234375000e+02
2.500654079999999885e+04 6.598273315429687500e+02
2.500656000000000131e+04 6.598132324218750000e+02
2.500657920000000013e+04 6.597995605468750000e+02
2.500659839999999531e+04 6.597856445312500000e+02
2.500661759999999776e+04 6.597776489257812500e+02
2.500663679999999658e+04 6.597693481445312500e+02
2.500665599999999904e+04 6.597613525390625000e+02
2.500667519999999786e+04 6.597531127929687500e+02
2.500669439999999668e+04 6.597545776367187500e+02
2.500671359999999913e+04 6.597555541992187500e+02
2.500673279999999795e+04 6.597565917968750000e+02
2.500675200000000041e+04 6.597575683593750000e+02
2.500677119999999923e+04 6.597590942382812500e+02
2.500679039999999804e+04 6.597605590820312500e+02
2.500680960000000050e+04 6.597620849609375000e+02
2.500682879999999932e+04 6.597636108398437500e+02
2.500684800000000178e+04 6.597651367187500000e+02
2.500686719999999696e+04 6.597663574218750000e+02
2.500688639999999577e+04 6.597676391601562500e+02
2.500690559999999823e+04 6.597688598632812500e+02
2.500692479999999705e+04 6.597701416015625000e+02
2.500694399999999951e+04 6.597715454101562500e+02
2.500696319999999832e+04 6.597729492187500000e+02
2.500698239999999714e+04 6.597744140625000000e+02
2.500700159999999960e+04 6.597758178710937500e+02
2.500702079999999842e+04 6.597772827148437500e+02
2.500704000000000087e+04 6.597786865234375000e+02
2.500705919999999969e+04 6.597800903320312500e+02
2.500707839999999851e+04 6.597815551757812500e+02
2.500709760000000097e+04 6.597829589843750000e+02
2.500711679999999615e+04 6.597845458984375000e+02
2.500713599999999860e+04 6.597860717773437500e+02
2.500715519999999742e+04 6.597875976562500000e+02
2.500717439999999624e+04 6.597891235351562500e+02
2.500719359999999870e+04 6.597910766601562500e+02
2.500721279999999751e+04 6.597930297851562500e+02
2.500723199999999997e+04 6.597949218750000000e+02
2.500725119999999879e+04 6.597968750000000000e+02
2.500727039999999761e+04 6.597989501953125000e+02
2.500728960000000006e+04 6.598010864257812500e+02
2.500730879999999888e+04 6.598031616210937500e+02
2.500732800000000134e+04 6.598052978515625000e+02
2.500734720000000016e+04 6.598073730468750000e+02
2.500736639999999534e+04 6.598088378906250000e+02
2.500738559999999779e+04 6.598103637695312500e+02
2.500740479999999661e+04 6.598118286132812500e+02
2.500742399999999907e+04 6.598132934570312500e+02
2.500744319999999789e+04 6.598115844726562500e+02
2.500746239999999671e+04 6.598099975585937500e+02
2.500748159999999916e+04 6.598083496093750000e+02
2.500750079999999798e+04 6.598070068359375000e+02
2.500752000000000044e+04 6.598021240234375000e+02
2.500753919999999925e+04 6.597882690429687500e+02
2.500755839999999807e+04 6.597741088867187500e+02
2.500757760000000053e+04 6.597604980468750000e+02
2.500759679999999935e+04 6.597465820312500000e+02
2.500761600000000180e+04 6.597385864257812500e+02
2.500763519999999698e+04 6.597302856445312500e+02
2.500765439999999580e+04 6.597222290039062500e+02
2.500767359999999826e+04 6.597139892578125000e+02
2.500769279999999708e+04 6.597154541015625000e+02
2.500771199999999953e+04 6.597164916992187500e+02
2.500773119999999835e+04 6.597174682617187500e+02
2.500775039999999717e+04 6.597185058593750000e+02
2.500776959999999963e+04 6.597199707031250000e+02
2.500778879999999845e+04 6.597214965820312500e+02
2.500780800000000090e+04 6.597229614257812500e+02
2.500782719999999972e+04 6.597244873046875000e+02
2.500784639999999854e+04 6.597260131835937500e+02
2.500786560000000100e+04 6.597272338867187500e+02
2.500788479999999618e+04 6.597285156250000000e+02
2.500790399999999863e+04 6.597297973632812500e+02
2.500792319999999745e+04 6.597310180664062500e+02
2.500794239999999627e+04 6.597324829101562500e+02
2.500796159999999873e+04 6.597338867187500000e+02
2.500798079999999754e+04 6.597352905273437500e+02
2.500800000000000000e+04 6.597367553710937500e+02
2.500801919999999882e+04 6.597381591796875000e+02
2.500803839999999764e+04 6.597395629882812500e+02
2.500805760000000009e+04 6.597410278320312500e+02
2.500807679999999891e+04 6.597424316406250000e+02
2.500809600000000137e+04 6.597438964843750000e+02
2.500811520000000019e+04 6.597454223632812500e+02
2.500813439999999537e+04 6.597469482421875000e+02
2.500815359999999782e+04 6.597485351562500000e+02
2.500817279999999664e+04 6.597500610351562500e+02
2.500819199999999910e+04 6.597519531250000000e+02
2.500821119999999792e+04 6.597539062500000000e+02
2.500823039999999673e+04 6.597558593750000000e+02
2.500824959999999919e+04 6.597577514648437500e+02
2.500826879999999801e+04 6.597598876953125000e+02
2.500828800000000047e+04 6.597619628906250000e+02
2.500830719999999928e+04 6.597640991210937500e+02
2.500832639999999810e+04 6.597661743164062500e+02
2.500834560000000056e+04 6.597683105468750000e+02
2.500836479999999938e+04 6.597697753906250000e+02
2.500838399999999820e+04 6.597712402343750000e+02
2.500840319999999701e+04 6.597727661132812500e+02
2.500842239999999583e+04 6.597742309570312500e+02
2.500844159999999829e+04 6.597725219726562500e+02
2.500846079999999711e+04 6.597709350585937500e+02
2.500847999999999956e+04 6.597692871093750000e+02
2.500849919999999838e+04 6.597679443359375000e+02
2.500851839999999720e+04 6.597630615234375000e+02
2.500853759999999966e+04 6.597492065429687500e+02
2.500855679999999847e+04 6.597350463867187500e+02
2.500857600000000093e+04 6.597213745117187500e+02
2.500859519999999975e+04 6.597074584960937500e+02
2.500861439999999857e+04 6.596994628906250000e+02
2.500863360000000102e+04 6.596911621093750000e+02
2.500865279999999620e+04 6.596831054687500000e+02
2.500867199999999866e+04 6.596748657226562500e+02
2.500869119999999748e+04 6.596763305664062500e+02
2.500871039999999630e+04 6.596773681640625000e+02
2.500872959999999875e+04 6.596783447265625000e+02
2.500874879999999757e+04 6.596793212890625000e+02
2.500876800000000003e+04 6.596808471679687500e+02
2.500878719999999885e+04 6.596823730468750000e+02
2.500880639999999767e+04 6.596838378906250000e+02
2.500882560000000012e+04 6.596853637695312500e+02
2.500884479999999894e+04 6.596868896484375000e+02
2.500886400000000140e+04 6.596881713867187500e+02
2.500888320000000022e+04 6.596893920898437500e+02
2.500890239999999540e+04 6.596906738281250000e+02
2.500892159999999785e+04 6.596918945312500000e+02
2.500894079999999667e+04 6.596933593750000000e+02
2.500895999999999913e+04 6.596947631835937500e+02
2.500897919999999795e+04 6.596961669921875000e+02
2.500899839999999676e+04 6.596976318359375000e+02
2.500901759999999922e+04 6.596990356445312500e+02
2.500903679999999804e+04 6.597005004882812500e+02
2.500905600000000049e+04 6.597019042968750000e+02
2.500907519999999931e+04 6.597033081054687500e+02
2.500909439999999813e+04 6.597047729492187500e+02
2.500911360000000059e+04 6.597062988281250000e+02
2.500913279999999941e+04 6.597078857421875000e+02
2.500915199999999822e+04 6.597094116210937500e+02
2.500917119999999704e+04 6.597109375000000000e+02
2.500919039999999586e+04 6.597128906250000000e+02
2.500920959999999832e+04 6.597147827148437500e+02
2.500922879999999714e+04 6.597167358398437500e+02
2.500924799999999959e+04 6.597186279296875000e+02
2.500926719999999841e+04 6.597207641601562500e+02
2.500928639999999723e+04 6.597229003906250000e+02
2.500930559999999969e+04 6.597249755859375000e+02
2.500932479999999850e+04 6.597271118164062500e+02
2.500934400000000096e+04 6.597291870117187500e+02
2.500936319999999978e+04 6.597306518554687500e+02
2.500938239999999860e+04 6.597321777343750000e+02
2.500940159999999742e+04 6.597336425781250000e+02
2.500942079999999623e+04 6.597351074218750000e+02
2.500943999999999869e+04 6.597334594726562500e+02
2.500945919999999751e+04 6.597318115234375000e+02
2.500947839999999633e+04 6.597301635742187500e+02
2.500949759999999878e+04 6.597288208007812500e+02
2.500951679999999760e+04 6.597239379882812500e+02
2.500953600000000006e+04 6.597100219726562500e+02
2.500955519999999888e+04 6.596959228515625000e+02
2.500957439999999769e+04 6.596822509765625000e+02
2.500959360000000015e+04 6.596682739257812500e+02
2.500961279999999897e+04 6.596603393554687500e+02
2.500963200000000143e+04 6.596519775390625000e+02
2.500965120000000024e+04 6.596439208984375000e+02
2.500967039999999542e+04 6.596356811523437500e+02
2.500968959999999788e+04 6.596371459960937500e+02
2.500970879999999670e+04 6.596381835937500000e+02
2.500972799999999916e+04 6.596391601562500000e+02
2.500974719999999797e+04 6.596401977539062500e+02
2.500976639999999679e+04 6.596411743164062500e+02
2.500978559999999925e+04 6.596427001953125000e+02
2.500980479999999807e+04 6.596441650390625000e+02
2.500982400000000052e+04 6.596456909179687500e+02
2.500984319999999934e+04 6.596472167968750000e+02
2.500986239999999816e+04 6.596484375000000000e+02
2.500988160000000062e+04 6.596497192382812500e+02
2.500990079999999944e+04 6.596510009765625000e+02
2.500991999999999825e+04 6.596522216796875000e+02
2.500993919999999707e+04 6.596536865234375000e+02
2.500995839999999589e+04 6.596550903320312500e+02
2.500997759999999835e+04 6.596564941406250000e+02
2.500999679999999717e+04 6.596579589843750000e+02
2.501001599999999962e+04 6.596593627929687500e+02
2.501003519999999844e+04 6.596607666015625000e+02
2.501005439999999726e+04 6.596622314453125000e+02
2.501007359999999971e+04 6.596636352539062500e+02
2.501009279999999853e+04 6.596651000976562500e+02
2.501011200000000099e+04 6.596666259765625000e+02
2.501013119999999981e+04 6.596681518554687500e+02
2.501015039999999863e+04 6.596697387695312500e+02
2.501016959999999744e+04 6.596712646484375000e+02
2.501018879999999626e+04 6.596732177734375000e+02
2.501020799999999872e+04 6.596751098632812500e+02
2.501022719999999754e+04 6.596770629882812500e+02
2.501024639999999636e+04 6.596789550781250000e+02
2.501026559999999881e+04 6.596809082031250000e+02
2.501028479999999763e+04 6.596829833984375000e+02
2.501030400000000009e+04 6.596851196289062500e+02
2.501032319999999891e+04 6.596871948242187500e+02
2.501034239999999772e+04 6.596893310546875000e+02
2.501036160000000018e+04 6.596907958984375000e+02
2.501038079999999900e+04 6.596923217773437500e+02
2.501040000000000146e+04 6.596937866210937500e+02
2.501041919999999664e+04 6.596952514648437500e+02
2.501043839999999545e+04 6.596936035156250000e+02
2.501045759999999791e+04 6.596919555664062500e+02
2.501047679999999673e+04 6.596903076171875000e+02
2.501049599999999919e+04 6.596889648437500000e+02
2.501051519999999800e+04 6.596829833984375000e+02
2.501053439999999682e+04 6.596691284179687500e+02
2.501055359999999928e+04 6.596550292968750000e+02
2.501057279999999810e+04 6.596413574218750000e+02
2.501059200000000055e+04 6.596274414062500000e+02
2.501061119999999937e+04 6.596194458007812500e+02
2.501063039999999819e+04 6.596110839843750000e+02
2.501064960000000065e+04 6.596030273437500000e+02
2.501066879999999946e+04 6.595947875976562500e+02
2.501068799999999828e+04 6.595962524414062500e+02
2.501070719999999710e+04 6.595972900390625000e+02
2.501072639999999592e+04 6.595982666015625000e+02
2.501074559999999838e+04 6.595993041992187500e+02
2.501076479999999719e+04 6.596002807617187500e+02
2.501078399999999965e+04 6.596018066406250000e+02
2.501080319999999847e+04 6.596032714843750000e+02
2.501082239999999729e+04 6.596047973632812500e+02
2.501084159999999974e+04 6.596063232421875000e+02
2.501086079999999856e+04 6.596075439453125000e+02
2.501088000000000102e+04 6.596088256835937500e+02
2.501089919999999984e+04 6.596101074218750000e+02
2.501091839999999866e+04 6.596113281250000000e+02
2.501093759999999747e+04 6.596127929687500000e+02
2.501095679999999629e+04 6.596141967773437500e+02
2.501097599999999875e+04 6.596156005859375000e+02
2.501099519999999757e+04 6.596170654296875000e+02
2.501101439999999639e+04 6.596184692382812500e+02
2.501103359999999884e+04 6.596198730468750000e+02
2.501105279999999766e+04 6.596213378906250000e+02
2.501107200000000012e+04 6.596227416992187500e+02
2.501109119999999893e+04 6.596242065429687500e+02
2.501111039999999775e+04 6.596257324218750000e+02
2.501112960000000021e+04 6.596272583007812500e+02
2.501114879999999903e+04 6.596288452148437500e+02
2.501116800000000148e+04 6.596303710937500000e+02
2.501118719999999666e+04 6.596323242187500000e+02
2.501120639999999548e+04 6.596342163085937500e+02
2.501122559999999794e+04 6.596361694335937500e+02
2.501124479999999676e+04 6.596380615234375000e+02
2.501126399999999921e+04 6.596400146484375000e+02
2.501128319999999803e+04 6.596420898437500000e+02
2.501130239999999685e+04 6.596442260742187500e+02
2.501132159999999931e+04 6.596463012695312500e+02
2.501134079999999813e+04 6.596484375000000000e+02
2.501136000000000058e+04 6.596499023437500000e+02
2.501137919999999940e+04 6.596514282226562500e+02
2.501139839999999822e+04 6.596528930664062500e+02
2.501141760000000068e+04 6.596543579101562500e+02
2.501143679999999949e+04 6.596526489257812500e+02
2.501145599999999831e+04 6.596510620117187500e+02
2.501147519999999713e+04 6.596494140625000000e+02
2.501149439999999595e+04 6.596480712890625000e+02
2.501151359999999841e+04 6.596466064453125000e+02
2.501153279999999722e+04 6.596352539062500000e+02
2.501155199999999968e+04 6.596213989257812500e+02
2.501157119999999850e+04 6.596073608398437500e+02
2.501159039999999732e+04 6.595936279296875000e+02
2.501160959999999977e+04 6.595854492187500000e+02
2.501162879999999859e+04 6.595772094726562500e+02
2.501164800000000105e+04 6.595690917968750000e+02
2.501166719999999987e+04 6.595608520507812500e+02
2.501168639999999868e+04 6.595622558593750000e+02
2.501170559999999750e+04 6.595632934570312500e+02
2.501172479999999632e+04 6.595642700195312500e+02
2.501174399999999878e+04 6.595652465820312500e+02
2.501176319999999760e+04 6.595662841796875000e+02
2.501178239999999641e+04 6.595677490234375000e+02
2.501180159999999887e+04 6.595692749023437500e+02
2.501182079999999769e+04 6.595708007812500000e+02
2.501184000000000015e+04 6.595723266601562500e+02
2.501185919999999896e+04 6.595735473632812500e+02
2.501187839999999778e+04 6.595748291015625000e+02
2.501189760000000024e+04 6.595760498046875000e+02
2.501191679999999906e+04 6.595773315429687500e+02
2.501193600000000151e+04 6.595787353515625000e+02
2.501195519999999669e+04 6.595802001953125000e+02
2.501197439999999551e+04 6.595816040039062500e+02
2.501199359999999797e+04 6.595830078125000000e+02
2.501201279999999679e+04 6.595844726562500000e+02
2.501203199999999924e+04 6.595858764648437500e+02
2.501205119999999806e+04 6.595873413085937500e+02
2.501207039999999688e+04 6.595887451171875000e+02
2.501208959999999934e+04 6.595902099609375000e+02
2.501210879999999815e+04 6.595917358398437500e+02
2.501212800000000061e+04 6.595932617187500000e+02
2.501214719999999943e+04 6.595948486328125000e+02
2.501216639999999825e+04 6.595963745117187500e+02
2.501218560000000070e+04 6.595983276367187500e+02
2.501220479999999588e+04 6.596002197265625000e+02
2.501222399999999834e+04 6.596021728515625000e+02
2.501224319999999716e+04 6.596040649414062500e+02
2.501226239999999598e+04 6.596060180664062500e+02
2.501228159999999843e+04 6.596080932617187500e+02
2.501230079999999725e+04 6.596102294921875000e+02
2.501231999999999971e+04 6.596123046875000000e+02
2.501233919999999853e+04 6.596144409179687500e+02
2.501235839999999735e+04 6.596159057617187500e+02
2.501237759999999980e+04 6.596174316406250000e+02
2.501239679999999862e+04 6.596188964843750000e+02
2.501241600000000108e+04 6.596203613281250000e+02
2.501243519999999990e+04 6.596186523437500000e+02
2.501245439999999871e+04 6.596170654296875000e+02
2.501247359999999753e+04 6.596154174804687500e+02
2.501249279999999635e+04 6.596140747070312500e+02
2.501251199999999881e+04 6.596126098632812500e+02
2.501253119999999763e+04 6.596011962890625000e+02
2.501255039999999644e+04 6.595873413085937500e+02
2.501256959999999890e+04 6.595733032226562500e+02
2.501258879999999772e+04 6.595595703125000000e+02
2.501260800000000017e+04 6.595513916015625000e+02
2.501262719999999899e+04 6.595431518554687500e+02
2.501264639999999781e+04 6.595350341796875000e+02
2.501266560000000027e+04 6.595267944335937500e+02
2.501268479999999909e+04 6.595186767578125000e+02
2.501270400000000154e+04 6.595200805664062500e+02
2.501272319999999672e+04 6.595210571289062500e+02
2.501274239999999554e+04 6.595220336914062500e+02
2.501276159999999800e+04 6.595230712890625000e+02
2.501278079999999682e+04 6.595245361328125000e+02
2.501279999999999927e+04 6.595260620117187500e+02
2.501281919999999809e+04 6.595275878906250000e+02
2.501283839999999691e+04 6.595291137695312500e+02
2.501285759999999937e+04 6.595303344726562500e+02
2.501287679999999818e+04 6.595316162109375000e+02
2.501289600000000064e+04 6.595328369140625000e+02
2.501291519999999946e+04 6.595341186523437500e+02
2.501293439999999828e+04 6.595355224609375000e+02
2.501295360000000073e+04 6.595369873046875000e+02
2.501297279999999591e+04 6.595383911132812500e+02
2.501299199999999837e+04 6.595397949218750000e+02
2.501301119999999719e+04 6.595412597656250000e+02
2.501303039999999601e+04 6.595426635742187500e+02
2.501304959999999846e+04 6.595441284179687500e+02
2.501306879999999728e+04 6.595455322265625000e+02
2.501308799999999974e+04 6.595469970703125000e+02
2.501310719999999856e+04 6.595485229492187500e+02
2.501312639999999737e+04 6.595500488281250000e+02
2.501314559999999983e+04 6.595516357421875000e+02
2.501316479999999865e+04 6.595531616210937500e+02
2.501318400000000111e+04 6.595551147460937500e+02
2.501320319999999992e+04 6.595570068359375000e+02
2.501322239999999510e+04 6.595589599609375000e+02
2.501324159999999756e+04 6.595608520507812500e+02
2.501326079999999638e+04 6.595628051757812500e+02
2.501327999999999884e+04 6.595648803710937500e+02
2.501329919999999765e+04 6.595670166015625000e+02
2.501331839999999647e+04 6.595690917968750000e+02
2.501333759999999893e+04 6.595712280273437500e+02
2.501335679999999775e+04 6.595726928710937500e+02
2.501337600000000020e+04 6.595742187500000000e+02
2.501339519999999902e+04 6.595756835937500000e+02
2.501341439999999784e+04 6.595771484375000000e+02
2.501343360000000030e+04 6.595754394531250000e+02
2.501345279999999912e+04 6.595738525390625000e+02
2.501347200000000157e+04 6.595722045898437500e+02
2.501349119999999675e+04 6.595708618164062500e+02
2.501351039999999557e+04 6.595693969726562500e+02
2.501352959999999803e+04 6.595579833984375000e+02
2.501354879999999685e+04 6.595441284179687500e+02
2.501356799999999930e+04 6.595300292968750000e+02
2.501358719999999812e+04 6.595163574218750000e+02
2.501360639999999694e+04 6.595081787109375000e+02
2.501362559999999939e+04 6.594998779296875000e+02
2.501364479999999821e+04 6.594917602539062500e+02
2.501366400000000067e+04 6.594835205078125000e+02
2.501368319999999949e+04 6.594753417968750000e+02
2.501370239999999831e+04 6.594767456054687500e+02
2.501372160000000076e+04 6.594777832031250000e+02
2.501374079999999594e+04 6.594787597656250000e+02
2.501375999999999840e+04 6.594797973632812500e+02
2.501377919999999722e+04 6.594812622070312500e+02
2.501379839999999604e+04 6.594827880859375000e+02
2.501381759999999849e+04 6.594843139648437500e+02
2.501383679999999731e+04 6.594858398437500000e+02
2.501385599999999977e+04 6.594870605468750000e+02
2.501387519999999859e+04 6.594883422851562500e+02
2.501389439999999740e+04 6.594895629882812500e+02
2.501391359999999986e+04 6.594908447265625000e+02
2.501393279999999868e+04 6.594921264648437500e+02
2.501395200000000114e+04 6.594935302734375000e+02
2.501397119999999995e+04 6.594949951171875000e+02
2.501399039999999513e+04 6.594963989257812500e+02
2.501400959999999759e+04 6.594978027343750000e+02
2.501402879999999641e+04 6.594992675781250000e+02
2.501404799999999886e+04 6.595006713867187500e+02
2.501406719999999768e+04 6.595021362304687500e+02
2.501408639999999650e+04 6.595035400390625000e+02
2.501410559999999896e+04 6.595051269531250000e+02
2.501412479999999778e+04 6.595066528320312500e+02
2.501414400000000023e+04 6.595081787109375000e+02
2.501416319999999905e+04 6.595097656250000000e+02
2.501418239999999787e+04 6.595116577148437500e+02
2.501420160000000033e+04 6.595136108398437500e+02
2.501422079999999914e+04 6.595155029296875000e+02
2.501424000000000160e+04 6.595174560546875000e+02
2.501425919999999678e+04 6.595193481445312500e+02
2.501427839999999560e+04 6.595214843750000000e+02
2.501429759999999806e+04 6.595235595703125000e+02
2.501431679999999687e+04 6.595256958007812500e+02
2.501433599999999933e+04 6.595278320312500000e+02
2.501435519999999815e+04 6.595292968750000000e+02
2.501437439999999697e+04 6.595307617187500000e+02
2.501439359999999942e+04 6.595322875976562500e+02
2.501441279999999824e+04 6.595337524414062500e+02
2.501443200000000070e+04 6.595352172851562500e+02
2.501445119999999952e+04 6.595335083007812500e+02
2.501447039999999834e+04 6.595317382812500000e+02
2.501448960000000079e+04 6.595303955078125000e+02
2.501450879999999597e+04 6.595288696289062500e+02
2.501452799999999843e+04 6.595230102539062500e+02
2.501454719999999725e+04 6.595090332031250000e+02
2.501456639999999607e+04 6.594948730468750000e+02
2.501458559999999852e+04 6.594811401367187500e+02
2.501460479999999734e+04 6.594729614257812500e+02
2.501462399999999980e+04 6.594647216796875000e+02
2.501464319999999861e+04 6.594564819335937500e+02
2.501466239999999743e+04 6.594483032226562500e+02
2.501468159999999989e+04 6.594401245117187500e+02
2.501470079999999871e+04 6.594415283203125000e+02
2.501472000000000116e+04 6.594425048828125000e+02
2.501473919999999998e+04 6.594434814453125000e+02
2.501475839999999516e+04 6.594445190429687500e+02
2.501477759999999762e+04 6.594459838867187500e+02
2.501479679999999644e+04 6.594475097656250000e+02
2.501481599999999889e+04 6.594490356445312500e+02
2.501483519999999771e+04 6.594505615234375000e+02
2.501485439999999653e+04 6.594517822265625000e+02
2.501487359999999899e+04 6.594530639648437500e+02
2.501489279999999781e+04 6.594542846679687500e+02
2.501491200000000026e+04 6.594555664062500000e+02
2.501493119999999908e+04 6.594568481445312500e+02
2.501495039999999790e+04 6.594582519531250000e+02
2.501496960000000036e+04 6.594597167968750000e+02
2.501498879999999917e+04 6.594611206054687500e+02
2.501500800000000163e+04 6.594625244140625000e+02
2.501502719999999681e+04 6.594639892578125000e+02
2.501504639999999563e+04 6.594653930664062500e+02
2.501506559999999808e+04 6.594668579101562500e+02
2.501508479999999690e+04 6.594682617187500000e+02
2.501510399999999936e+04 6.594697265625000000e+02
2.501512319999999818e+04 6.594712524414062500e+02
2.501514239999999700e+04 6.594727783203125000e+02
2.501516159999999945e+04 6.594743652343750000e+02
2.501518079999999827e+04 6.594758911132812500e+02
2.501520000000000073e+04 6.594778442382812500e+02
2.501521919999999955e+04 6.594797363281250000e+02
2.501523839999999836e+04 6.594816894531250000e+02
2.501525760000000082e+04 6.594835815429687500e+02
2.501527679999999600e+04 6.594857177734375000e+02
2.501529599999999846e+04 6.594878540039062500e+02
2.501531519999999728e+04 6.594899291992187500e+02
2.501533439999999609e+04 6.594920654296875000e+02
2.501535359999999855e+04 6.594935302734375000e+02
2.501537279999999737e+04 6.594950561523437500e+02
2.501539199999999983e+04 6.594965209960937500e+02
2.501541119999999864e+04 6.594979858398437500e+02
2.501543039999999746e+04 6.594994506835937500e+02
2.501544959999999992e+04 6.594977416992187500e+02
2.501546879999999874e+04 6.594959716796875000e+02
2.501548800000000119e+04 6.594946289062500000e+02
2.501550720000000001e+04 6.594931640625000000e+02
2.501552639999999519e+04 6.594868774414062500e+02
2.501554559999999765e+04 6.594729003906250000e+02
2.501556479999999647e+04 6.594588012695312500e+02
2.501558399999999892e+04 6.594450683593750000e+02
2.501560319999999774e+04 6.594368286132812500e+02
2.501562239999999656e+04 6.594285888671875000e+02
2.501564159999999902e+04 6.594204101562500000e+02
2.501566079999999783e+04 6.594121704101562500e+02
2.501568000000000029e+04 6.594039916992187500e+02
2.501569919999999911e+04 6.594053955078125000e+02
2.501571839999999793e+04 6.594063720703125000e+02
2.501573760000000038e+04 6.594074096679687500e+02
2.501575679999999920e+04 6.594083862304687500e+02
2.501577600000000166e+04 6.594099121093750000e+02
2.501579519999999684e+04 6.594113769531250000e+02
2.501581439999999566e+04 6.594129028320312500e+02
2.501583359999999811e+04 6.594144287109375000e+02
2.501585279999999693e+04 6.594157104492187500e+02
2.501587199999999939e+04 6.594169311523437500e+02
2.501589119999999821e+04 6.594182128906250000e+02
2.501591039999999703e+04 6.594194946289062500e+02
2.501592959999999948e+04 6.594207153320312500e+02
2.501594879999999830e+04 6.594221801757812500e+02
2.501596800000000076e+04 6.594235839843750000e+02
2.501598719999999958e+04 6.594249877929687500e+02
2.501600639999999839e+04 6.594264526367187500e+02
2.501602560000000085e+04 6.594278564453125000e+02
2.501604479999999603e+04 6.594293212890625000e+02
2.501606399999999849e+04 6.594307250976562500e+02
2.501608319999999730e+04 6.594321899414062500e+02
2.501610239999999612e+04 6.594335937500000000e+02
2.501612159999999858e+04 6.594351806640625000e+02
2.501614079999999740e+04 6.594367065429687500e+02
2.501615999999999985e+04 6.594382324218750000e+02
2.501617919999999867e+04 6.594398193359375000e+02
2.501619839999999749e+04 6.594417114257812500e+02
2.501621759999999995e+04 6.594436645507812500e+02
2.501623679999999877e+04 6.594456176757812500e+02
2.501625600000000122e+04 6.594475097656250000e+02
2.501627520000000004e+04 6.594496459960937500e+02
2.501629439999999522e+04 6.594517211914062500e+02
2.501631359999999768e+04 6.594538574218750000e+02
2.501633279999999650e+04 6.594559326171875000e+02
2.501635199999999895e+04 6.594574584960937500e+02
2.501637119999999777e+04 6.594589233398437500e+02
2.501639039999999659e+04 6.594604492187500000e+02
2.501640959999999905e+04 6.594619140625000000e+02
2.501642879999999786e+04 6.594633789062500000e+02
2.501644800000000032e+04 6.594616699218750000e+02
2.501646719999999914e+04 6.594598999023437500e+02
2.501648639999999796e+04 6.594584960937500000e+02
2.501650560000000041e+04 6.594570312500000000e+02
2.501652479999999923e+04 6.594507446289062500e+02
2.501654400000000169e+04 6.594367675781250000e+02
2.501656319999999687e+04 6.594226684570312500e+02
2.501658239999999569e+04 6.594088745117187500e+02
2.501660159999999814e+04 6.594006958007812500e+02
2.501662079999999696e+04 6.593923950195312500e+02
2.501663999999999942e+04 6.593842163085937500e+02
2.501665919999999824e+04 6.593760375976562500e+02
2.501667839999999705e+04 6.593677978515625000e+02
2.501669759999999951e+04 6.593692016601562500e+02
2.501671679999999833e+04 6.593702392578125000e+02
2.501673600000000079e+04 6.593712158203125000e+02
2.501675519999999960e+04 6.593721923828125000e+02
2.501677439999999842e+04 6.593737182617187500e+02
2.501679360000000088e+04 6.593752441406250000e+02
2.501681279999999606e+04 6.593767089843750000e+02
2.501683199999999852e+04 6.593782348632812500e+02
2.501685119999999733e+04 6.593797607421875000e+02
2.501687039999999615e+04 6.593810424804687500e+02
2.501688959999999861e+04 6.593822631835937500e+02
2.501690879999999743e+04 6.593835449218750000e+02
2.501692799999999988e+04 6.593848266601562500e+02
2.501694719999999870e+04 6.593862304687500000e+02
2.501696639999999752e+04 6.593876953125000000e+02
2.501698559999999998e+04 6.593890991210937500e+02
2.501700479999999880e+04 6.593905029296875000e+02
2.501702400000000125e+04 6.593919677734375000e+02
2.501704320000000007e+04 6.593933715820312500e+02
2.501706239999999525e+04 6.593948364257812500e+02
2.501708159999999771e+04 6.593962402343750000e+02
2.501710079999999653e+04 6.593977050781250000e+02
2.501711999999999898e+04 6.593992309570312500e+02
2.501713919999999780e+04 6.594008178710937500e+02
2.501715839999999662e+04 6.594023437500000000e+02
2.501717759999999907e+04 6.594038696289062500e+02
2.501719679999999789e+04 6.594058227539062500e+02
2.501721600000000035e+04 6.594077148437500000e+02
2.501723519999999917e+04 6.594096679687500000e+02
2.501725439999999799e+04 6.594116210937500000e+02
2.501727360000000044e+04 6.594136962890625000e+02
2.501729279999999926e+04 6.594158325195312500e+02
2.501731200000000172e+04 6.594179077148437500e+02
2.501733119999999690e+04 6.594200439453125000e+02
2.501735039999999572e+04 6.594215087890625000e+02
2.501736959999999817e+04 6.594230346679687500e+02
2.501738879999999699e+04 6.594244995117187500e+02
2.501740799999999945e+04 6.594259643554687500e+02
2.501742719999999827e+04 6.594274291992187500e+02
2.501744639999999708e+04 6.594257202148437500e+02
2.501746559999999954e+04 6.594239501953125000e+02
2.501748479999999836e+04 6.594225463867187500e+02
2.501750400000000081e+04 6.594210815429687500e+02
2.501752319999999963e+04 6.594149780273437500e+02
2.501754239999999845e+04 6.594010009765625000e+02
2.501756160000000091e+04 6.593868408203125000e+02
2.501758079999999609e+04 6.593731079101562500e+02
2.501759999999999854e+04 6.593591308593750000e+02
2.501761919999999736e+04 6.593511352539062500e+02
2.501763839999999618e+04 6.593427734375000000e+02
2.501765759999999864e+04 6.593347167968750000e+02
2.501767679999999746e+04 6.593264160156250000e+02
2.501769599999999991e+04 6.593278808593750000e+02
2.501771519999999873e+04 6.593289184570312500e+02
2.501773439999999755e+04 6.593298950195312500e+02
2.501775360000000001e+04 6.593309326171875000e+02
2.501777279999999882e+04 6.593323974609375000e+02
2.501779200000000128e+04 6.593339233398437500e+02
2.501781120000000010e+04 6.593354492187500000e+02
2.501783039999999528e+04 6.593369750976562500e+02
2.501784959999999774e+04 6.593384399414062500e+02
2.501786879999999655e+04 6.593397216796875000e+02
2.501788799999999901e+04 6.593410034179687500e+02
2.501790719999999783e+04 6.593422241210937500e+02
2.501792639999999665e+04 6.593435058593750000e+02
2.501794559999999910e+04 6.593449096679687500e+02
2.501796479999999792e+04 6.593463745117187500e+02
2.501798400000000038e+04 6.593477783203125000e+02
2.501800319999999920e+04 6.593492431640625000e+02
2.501802239999999802e+04 6.593506469726562500e+02
2.501804160000000047e+04 6.593521118164062500e+02
2.501806079999999929e+04 6.593535156250000000e+02
2.501808000000000175e+04 6.593549804687500000e+02
2.501809919999999693e+04 6.593563842773437500e+02
2.501811839999999575e+04 6.593579711914062500e+02
2.501813759999999820e+04 6.593594970703125000e+02
2.501815679999999702e+04 6.593610229492187500e+02
2.501817599999999948e+04 6.593626098632812500e+02
2.501819519999999829e+04 6.593645019531250000e+02
2.501821439999999711e+04 6.593664550781250000e+02
2.501823359999999957e+04 6.593683471679687500e+02
2.501825279999999839e+04 6.593703002929687500e+02
2.501827200000000084e+04 6.593724365234375000e+02
2.501829119999999966e+04 6.593745117187500000e+02
2.501831039999999848e+04 6.593766479492187500e+02
2.501832960000000094e+04 6.593787231445312500e+02
2.501834879999999612e+04 6.593802490234375000e+02
2.501836799999999857e+04 6.593817138671875000e+02
2.501838719999999739e+04 6.593832397460937500e+02
2.501840639999999621e+04 6.593847045898437500e+02
2.501842559999999867e+04 6.593861694335937500e+02
2.501844479999999749e+04 6.593844604492187500e+02
2.501846399999999994e+04 6.593826904296875000e+02
2.501848319999999876e+04 6.593812866210937500e+02
2.501850239999999758e+04 6.593798217773437500e+02
2.501852160000000003e+04 6.593736572265625000e+02
2.501854079999999885e+04 6.593596801757812500e+02
2.501856000000000131e+04 6.593455200195312500e+02
2.501857920000000013e+04 6.593317871093750000e+02
2.501859839999999531e+04 6.593178710937500000e+02
2.501861759999999776e+04 6.593098144531250000e+02
2.501863679999999658e+04 6.593014526367187500e+02
2.501865599999999904e+04 6.592933959960937500e+02
2.501867519999999786e+04 6.592850952148437500e+02
2.501869439999999668e+04 6.592865600585937500e+02
2.501871359999999913e+04 6.592875366210937500e+02
2.501873279999999795e+04 6.592885742187500000e+02
2.501875200000000041e+04 6.592895507812500000e+02
2.501877119999999923e+04 6.592910766601562500e+02
2.501879039999999804e+04 6.592925415039062500e+02
2.501880960000000050e+04 6.592940673828125000e+02
2.501882879999999932e+04 6.592955932617187500e+02
2.501884800000000178e+04 6.592971191406250000e+02
2.501886719999999696e+04 6.592983398437500000e+02
2.501888639999999577e+04 6.592996215820312500e+02
2.501890559999999823e+04 6.593009033203125000e+02
2.501892479999999705e+04 6.593021850585937500e+02
2.501894399999999951e+04 6.593035888671875000e+02
2.501896319999999832e+04 6.593049926757812500e+02
2.501898239999999714e+04 6.593064575195312500e+02
2.501900159999999960e+04 6.593078613281250000e+02
2.501902079999999842e+04 6.593093261718750000e+02
2.501904000000000087e+04 6.593107299804687500e+02
2.501905919999999969e+04 6.593121948242187500e+02
2.501907839999999851e+04 6.593135986328125000e+02
2.501909760000000097e+04 6.593150634765625000e+02
2.501911679999999615e+04 6.593165893554687500e+02
2.501913599999999860e+04 6.593181152343750000e+02
2.501915519999999742e+04 6.593197021484375000e+02
2.501917439999999624e+04 6.593212280273437500e+02
2.501919359999999870e+04 6.593231811523437500e+02
2.501921279999999751e+04 6.593250732421875000e+02
2.501923199999999997e+04 6.593270263671875000e+02
2.501925119999999879e+04 6.593289794921875000e+02
2.501927039999999761e+04 6.593310546875000000e+02
2.501928960000000006e+04 6.593331909179687500e+02
2.501930879999999888e+04 6.593352661132812500e+02
2.501932800000000134e+04 6.593374023437500000e+02
2.501934720000000016e+04 6.593394775390625000e+02
2.501936639999999534e+04 6.593410034179687500e+02
2.501938559999999779e+04 6.593424682617187500e+02
2.501940479999999661e+04 6.593439941406250000e+02
2.501942399999999907e+04 6.593454589843750000e+02
2.501944319999999789e+04 6.593437500000000000e+02
2.501946239999999671e+04 6.593421020507812500e+02
2.501948159999999916e+04 6.593404541015625000e+02
2.501950079999999798e+04 6.593391113281250000e+02
2.501952000000000044e+04 6.593340454101562500e+02
2.501953919999999925e+04 6.593201293945312500e+02
2.501955839999999807e+04 6.593059082031250000e+02
2.501957760000000053e+04 6.592921752929687500e+02
2.501959679999999935e+04 6.592781982421875000e+02
2.501961600000000180e+04 6.592701416015625000e+02
2.501963519999999698e+04 6.592618408203125000e+02
2.501965439999999580e+04 6.592537231445312500e+02
2.501967359999999826e+04 6.592454223632812500e+02
2.501969279999999708e+04 6.592468872070312500e+02
2.501971199999999953e+04 6.592479248046875000e+02
2.501973119999999835e+04 6.592489013671875000e+02
2.501975039999999717e+04 6.592499389648437500e+02
2.501976959999999963e+04 6.592514038085937500e+02
2.501978879999999845e+04 6.592529296875000000e+02
2.501980800000000090e+04 6.592544555664062500e+02
2.501982719999999972e+04 6.592559814453125000e+02
2.501984639999999854e+04 6.592574462890625000e+02
2.501986560000000100e+04 6.592587280273437500e+02
2.501988479999999618e+04 6.592600097656250000e+02
2.501990399999999863e+04 6.592612304687500000e+02
2.501992319999999745e+04 6.592625122070312500e+02
2.501994239999999627e+04 6.592639160156250000e+02
2.501996159999999873e+04 6.592653808593750000e+02
2.501998079999999754e+04 6.592667846679687500e+02
2.502000000000000000e+04 6.592682495117187500e+02
