2.500003199999999924e+04 7.175636596679687500e+02
2.500005119999999806e+04 7.175656127929687500e+02
2.500007039999999688e+04 7.175676269531250000e+02
2.500008959999999934e+04 7.175695800781250000e+02
2.500010879999999815e+04 7.175715942382812500e+02
2.500012800000000061e+04 7.175736694335937500e+02
2.500014719999999943e+04 7.175757446289062500e+02
2.500016639999999825e+04 7.175778198242187500e+02
2.500018560000000070e+04 7.175802612304687500e+02
2.500020479999999588e+04 7.175827026367187500e+02
2.500022399999999834e+04 7.175851440429687500e+02
2.500024319999999716e+04 7.175875244140625000e+02
2.500026239999999598e+04 7.175899658203125000e+02
2.500028159999999843e+04 7.175925292968750000e+02
2.500030079999999725e+04 7.175951538085937500e+02
2.500031999999999971e+04 7.175976562500000000e+02
2.500033919999999853e+04 7.176002807617187500e+02
2.500035839999999735e+04 7.176021728515625000e+02
2.500037759999999980e+04 7.176040649414062500e+02
2.500039679999999862e+04 7.176058959960937500e+02
2.500041600000000108e+04 7.176077270507812500e+02
2.500043519999999990e+04 7.176063232421875000e+02
2.500045439999999871e+04 7.176050415039062500e+02
2.500047359999999753e+04 7.176038818359375000e+02
2.500049279999999635e+04 7.176026611328125000e+02
2.500051199999999881e+04 7.176015014648437500e+02
2.500053119999999763e+04 7.175910644531250000e+02
2.500055039999999644e+04 7.175773315429687500e+02
2.500056959999999890e+04 7.175636596679687500e+02
2.500058879999999772e+04 7.175499267578125000e+02
2.500060800000000017e+04 7.175418090820312500e+02
2.500062719999999899e+04 7.175338134765625000e+02
2.500064639999999781e+04 7.175258178710937500e+02
2.500066560000000027e+04 7.175177612304687500e+02
2.500068479999999909e+04 7.175097656250000000e+02
2.500070400000000154e+04 7.175112304687500000e+02
2.500072319999999672e+04 7.175126953125000000e+02
2.500074239999999554e+04 7.175141601562500000e+02
2.500076159999999800e+04 7.175156860351562500e+02
2.500078079999999682e+04 7.175176391601562500e+02
2.500079999999999927e+04 7.175197143554687500e+02
2.500081919999999809e+04 7.175217285156250000e+02
2.500083839999999691e+04 7.175237426757812500e+02
2.500085759999999937e+04 7.175255126953125000e+02
2.500087679999999818e+04 7.175273437500000000e+02
2.500089600000000064e+04 7.175291137695312500e+02
2.500091519999999946e+04 7.175309448242187500e+02
2.500093439999999828e+04 7.175328979492187500e+02
2.500095360000000073e+04 7.175348510742187500e+02
2.500097279999999591e+04 7.175368041992187500e+02
2.500099199999999837e+04 7.175388183593750000e+02
2.500101119999999719e+04 7.175407714843750000e+02
2.500103039999999601e+04 7.175427856445312500e+02
2.500104959999999846e+04 7.175447387695312500e+02
2.500106879999999728e+04 7.175466918945312500e+02
2.500108799999999974e+04 7.175487060546875000e+02
2.500110719999999856e+04 7.175507812500000000e+02
2.500112639999999737e+04 7.175528564453125000e+02
2.500114559999999983e+04 7.175549316406250000e+02
2.500116479999999865e+04 7.175570068359375000e+02
2.500118400000000111e+04 7.175594482421875000e+02
2.500120319999999992e+04 7.175618896484375000e+02
2.500122239999999510e+04 7.175642700195312500e+02
2.500124159999999756e+04 7.175667114257812500e+02
2.500126079999999638e+04 7.175690917968750000e+02
2.500127999999999884e+04 7.175717163085937500e+02
2.500129919999999765e+04 7.175742797851562500e+02
2.500131839999999647e+04 7.175768432617187500e+02
2.500133759999999893e+04 7.175793457031250000e+02
2.500135679999999775e+04 7.175812988281250000e+02
2.500137600000000020e+04 7.175831298828125000e+02
2.500139519999999902e+04 7.175849609375000000e+02
2.500141439999999784e+04 7.175867309570312500e+02
2.500143360000000030e+04 7.175853881835937500e+02
2.500145279999999912e+04 7.175841064453125000e+02
2.500147200000000157e+04 7.175828857421875000e+02
2.500149119999999675e+04 7.175816040039062500e+02
2.500151039999999557e+04 7.175803833007812500e+02
2.500152959999999803e+04 7.175698852539062500e+02
2.500154879999999685e+04 7.175561523437500000e+02
2.500156799999999930e+04 7.175424194335937500e+02
2.500158719999999812e+04 7.175286865234375000e+02
2.500160639999999694e+04 7.175206909179687500e+02
2.500162559999999939e+04 7.175126342773437500e+02
2.500164479999999821e+04 7.175043945312500000e+02
2.500166400000000067e+04 7.174960937500000000e+02
2.500168319999999949e+04 7.174879150390625000e+02
2.500170239999999831e+04 7.174891967773437500e+02
2.500172160000000076e+04 7.174904174804687500e+02
2.500174079999999594e+04 7.174916381835937500e+02
2.500175999999999840e+04 7.174928588867187500e+02
2.500177919999999722e+04 7.174946899414062500e+02
2.500179839999999604e+04 7.174965820312500000e+02
2.500181759999999849e+04 7.174984741210937500e+02
2.500183679999999731e+04 7.175004882812500000e+02
2.500185599999999977e+04 7.175021972656250000e+02
2.500187519999999859e+04 7.175040283203125000e+02
2.500189439999999740e+04 7.175058593750000000e+02
2.500191359999999986e+04 7.175076904296875000e+02
2.500193279999999868e+04 7.175094604492187500e+02
2.500195200000000114e+04 7.175114135742187500e+02
2.500197119999999995e+04 7.175133666992187500e+02
2.500199039999999513e+04 7.175153808593750000e+02
2.500200959999999759e+04 7.175173339843750000e+02
2.500202879999999641e+04 7.175193481445312500e+02
2.500204799999999886e+04 7.175213012695312500e+02
2.500206719999999768e+04 7.175232543945312500e+02
2.500208639999999650e+04 7.175252075195312500e+02
2.500210559999999896e+04 7.175273437500000000e+02
2.500212479999999778e+04 7.175294189453125000e+02
2.500214400000000023e+04 7.175314941406250000e+02
2.500216319999999905e+04 7.175335083007812500e+02
2.500218239999999787e+04 7.175360107421875000e+02
2.500220160000000033e+04 7.175384521484375000e+02
2.500222079999999914e+04 7.175408325195312500e+02
2.500224000000000160e+04 7.175432739257812500e+02
2.500225919999999678e+04 7.175456542968750000e+02
2.500227839999999560e+04 7.175482788085937500e+02
2.500229759999999806e+04 7.175508422851562500e+02
2.500231679999999687e+04 7.175534057617187500e+02
2.500233599999999933e+04 7.175559692382812500e+02
2.500235519999999815e+04 7.175579223632812500e+02
2.500237439999999697e+04 7.175598144531250000e+02
2.500239359999999942e+04 7.175616455078125000e+02
2.500241279999999824e+04 7.175634155273437500e+02
2.500243200000000070e+04 7.175652465820312500e+02
2.500245119999999952e+04 7.175637817382812500e+02
2.500247039999999834e+04 7.175625000000000000e+02
2.500248960000000079e+04 7.175612792968750000e+02
2.500250879999999597e+04 7.175601196289062500e+02
2.500252799999999843e+04 7.175548706054687500e+02
2.500254719999999725e+04 7.175411987304687500e+02
2.500256639999999607e+04 7.175274658203125000e+02
2.500258559999999852e+04 7.175137329101562500e+02
2.500260479999999734e+04 7.175056762695312500e+02
2.500262399999999980e+04 7.174976196289062500e+02
2.500264319999999861e+04 7.174895629882812500e+02
2.500266239999999743e+04 7.174815673828125000e+02
2.500268159999999989e+04 7.174735107421875000e+02
2.500270079999999871e+04 7.174750366210937500e+02
2.500272000000000116e+04 7.174765014648437500e+02
2.500273919999999998e+04 7.174780273437500000e+02
2.500275839999999516e+04 7.174794921875000000e+02
2.500277759999999762e+04 7.174814453125000000e+02
2.500279679999999644e+04 7.174835205078125000e+02
2.500281599999999889e+04 7.174855346679687500e+02
2.500283519999999771e+04 7.174875488281250000e+02
2.500285439999999653e+04 7.174893188476562500e+02
2.500287359999999899e+04 7.174911499023437500e+02
2.500289279999999781e+04 7.174929199218750000e+02
2.500291200000000026e+04 7.174947509765625000e+02
2.500293119999999908e+04 7.174965820312500000e+02
2.500295039999999790e+04 7.174985351562500000e+02
2.500296960000000036e+04 7.175004882812500000e+02
2.500298879999999917e+04 7.175024414062500000e+02
2.500300800000000163e+04 7.175044555664062500e+02
2.500302719999999681e+04 7.175064086914062500e+02
2.500304639999999563e+04 7.175083618164062500e+02
2.500306559999999808e+04 7.175103759765625000e+02
2.500308479999999690e+04 7.175123291015625000e+02
2.500310399999999936e+04 7.175142822265625000e+02
2.500312319999999818e+04 7.175163574218750000e+02
2.500314239999999700e+04 7.175184326171875000e+02
2.500316159999999945e+04 7.175205078125000000e+02
2.500318079999999827e+04 7.175225830078125000e+02
2.500320000000000073e+04 7.175250244140625000e+02
2.500321919999999955e+04 7.175274658203125000e+02
2.500323839999999836e+04 7.175299072265625000e+02
2.500325760000000082e+04 7.175322875976562500e+02
2.500327679999999600e+04 7.175349121093750000e+02
2.500329599999999846e+04 7.175374755859375000e+02
2.500331519999999728e+04 7.175400390625000000e+02
2.500333439999999609e+04 7.175426025390625000e+02
2.500335359999999855e+04 7.175445556640625000e+02
2.500337279999999737e+04 7.175464477539062500e+02
2.500339199999999983e+04 7.175482788085937500e+02
2.500341119999999864e+04 7.175500488281250000e+02
2.500343039999999746e+04 7.175518188476562500e+02
2.500344959999999992e+04 7.175504150390625000e+02
2.500346879999999874e+04 7.175491333007812500e+02
2.500348800000000119e+04 7.175478515625000000e+02
2.500350720000000001e+04 7.175466918945312500e+02
2.500352639999999519e+04 7.175411376953125000e+02
2.500354559999999765e+04 7.175274047851562500e+02
2.500356479999999647e+04 7.175136718750000000e+02
2.500358399999999892e+04 7.174999389648437500e+02
2.500360319999999774e+04 7.174918823242187500e+02
2.500362239999999656e+04 7.174838256835937500e+02
2.500364159999999902e+04 7.174757690429687500e+02
2.500366079999999783e+04 7.174677124023437500e+02
2.500368000000000029e+04 7.174597167968750000e+02
2.500369919999999911e+04 7.174611816406250000e+02
2.500371839999999793e+04 7.174626464843750000e+02
2.500373760000000038e+04 7.174641113281250000e+02
2.500375679999999920e+04 7.174655761718750000e+02
2.500377600000000166e+04 7.174674682617187500e+02
2.500379519999999684e+04 7.174694824218750000e+02
2.500381439999999566e+04 7.174714965820312500e+02
2.500383359999999811e+04 7.174735107421875000e+02
2.500385279999999693e+04 7.174752807617187500e+02
2.500387199999999939e+04 7.174771118164062500e+02
2.500389119999999821e+04 7.174788208007812500e+02
2.500391039999999703e+04 7.174806518554687500e+02
2.500392959999999948e+04 7.174824829101562500e+02
2.500394879999999830e+04 7.174844360351562500e+02
2.500396800000000076e+04 7.174863891601562500e+02
2.500398719999999958e+04 7.174883422851562500e+02
2.500400639999999839e+04 7.174903564453125000e+02
2.500402560000000085e+04 7.174923095703125000e+02
2.500404479999999603e+04 7.174942626953125000e+02
2.500406399999999849e+04 7.174962768554687500e+02
2.500408319999999730e+04 7.174982299804687500e+02
2.500410239999999612e+04 7.175001831054687500e+02
2.500412159999999858e+04 7.175022583007812500e+02
2.500414079999999740e+04 7.175043334960937500e+02
2.500415999999999985e+04 7.175063476562500000e+02
2.500417919999999867e+04 7.175084228515625000e+02
2.500419839999999749e+04 7.175108642578125000e+02
2.500421759999999995e+04 7.175133056640625000e+02
2.500423679999999877e+04 7.175157470703125000e+02
2.500425600000000122e+04 7.175181274414062500e+02
2.500427520000000004e+04 7.175207519531250000e+02
2.500429439999999522e+04 7.175233154296875000e+02
2.500431359999999768e+04 7.175258789062500000e+02
2.500433279999999650e+04 7.175285034179687500e+02
2.500435199999999895e+04 7.175303955078125000e+02
2.500437119999999777e+04 7.175322875976562500e+02
2.500439039999999659e+04 7.175341186523437500e+02
2.500440959999999905e+04 7.175358276367187500e+02
2.500442879999999786e+04 7.175376586914062500e+02
2.500444800000000032e+04 7.175361938476562500e+02
2.500446719999999914e+04 7.175349121093750000e+02
2.500448639999999796e+04 7.175336914062500000e+02
2.500450560000000041e+04 7.175324707031250000e+02
2.500452479999999923e+04 7.175269775390625000e+02
2.500454400000000169e+04 7.175133056640625000e+02
2.500456319999999687e+04 7.174995727539062500e+02
2.500458239999999569e+04 7.174858398437500000e+02
2.500460159999999814e+04 7.174777832031250000e+02
2.500462079999999696e+04 7.174697265625000000e+02
2.500463999999999942e+04 7.174617309570312500e+02
2.500465919999999824e+04 7.174536743164062500e+02
2.500467839999999705e+04 7.174456787109375000e+02
2.500469759999999951e+04 7.174471435546875000e+02
2.500471679999999833e+04 7.174486083984375000e+02
2.500473600000000079e+04 7.174500732421875000e+02
2.500475519999999960e+04 7.174514770507812500e+02
2.500477439999999842e+04 7.174534301757812500e+02
2.500479360000000088e+04 7.174554443359375000e+02
2.500481279999999606e+04 7.174574584960937500e+02
2.500483199999999852e+04 7.174594116210937500e+02
2.500485119999999733e+04 7.174614868164062500e+02
2.500487039999999615e+04 7.174632568359375000e+02
2.500488959999999861e+04 7.174650268554687500e+02
2.500490879999999743e+04 7.174668579101562500e+02
2.500492799999999988e+04 7.174686889648437500e+02
2.500494719999999870e+04 7.174706420898437500e+02
2.500496639999999752e+04 7.174725952148437500e+02
2.500498559999999998e+04 7.174746093750000000e+02
2.500500479999999880e+04 7.174765625000000000e+02
2.500502400000000125e+04 7.174785156250000000e+02
2.500504320000000007e+04 7.174805297851562500e+02
2.500506239999999525e+04 7.174824829101562500e+02
2.500508159999999771e+04 7.174844360351562500e+02
2.500510079999999653e+04 7.174863891601562500e+02
2.500511999999999898e+04 7.174884643554687500e+02
2.500513919999999780e+04 7.174905395507812500e+02
2.500515839999999662e+04 7.174926147460937500e+02
2.500517759999999907e+04 7.174946899414062500e+02
2.500519679999999789e+04 7.174971313476562500e+02
2.500521600000000035e+04 7.174995727539062500e+02
2.500523519999999917e+04 7.175019531250000000e+02
2.500525439999999799e+04 7.175043945312500000e+02
2.500527360000000044e+04 7.175070190429687500e+02
2.500529279999999926e+04 7.175095825195312500e+02
2.500531200000000172e+04 7.175121459960937500e+02
2.500533119999999690e+04 7.175146484375000000e+02
2.500535039999999572e+04 7.175166015625000000e+02
2.500536959999999817e+04 7.175184326171875000e+02
2.500538879999999699e+04 7.175202636718750000e+02
2.500540799999999945e+04 7.175220336914062500e+02
2.500542719999999827e+04 7.175238037109375000e+02
2.500544639999999708e+04 7.175223999023437500e+02
2.500546559999999954e+04 7.175211181640625000e+02
2.500548479999999836e+04 7.175198974609375000e+02
2.500550400000000081e+04 7.175186767578125000e+02
2.500552319999999963e+04 7.175133056640625000e+02
2.500554239999999845e+04 7.174995727539062500e+02
2.500556160000000091e+04 7.174857788085937500e+02
2.500558079999999609e+04 7.174720458984375000e+02
2.500559999999999854e+04 7.174583129882812500e+02
2.500561919999999736e+04 7.174502563476562500e+02
2.500563839999999618e+04 7.174421997070312500e+02
2.500565759999999864e+04 7.174341430664062500e+02
2.500567679999999746e+04 7.174261474609375000e+02
2.500569599999999991e+04 7.174277343750000000e+02
2.500571519999999873e+04 7.174291381835937500e+02
2.500573439999999755e+04 7.174306030273437500e+02
2.500575360000000001e+04 7.174320678710937500e+02
2.500577279999999882e+04 7.174340209960937500e+02
2.500579200000000128e+04 7.174360961914062500e+02
2.500581120000000010e+04 7.174381103515625000e+02
2.500583039999999528e+04 7.174401855468750000e+02
2.500584959999999774e+04 7.174421997070312500e+02
2.500586879999999655e+04 7.174440307617187500e+02
2.500588799999999901e+04 7.174458007812500000e+02
2.500590719999999783e+04 7.174476318359375000e+02
2.500592639999999665e+04 7.174494628906250000e+02
2.500594559999999910e+04 7.174514160156250000e+02
2.500596479999999792e+04 7.174533691406250000e+02
2.500598400000000038e+04 7.174553833007812500e+02
2.500600319999999920e+04 7.174573364257812500e+02
2.500602239999999802e+04 7.174592895507812500e+02
2.500604160000000047e+04 7.174613037109375000e+02
2.500606079999999929e+04 7.174632568359375000e+02
2.500608000000000175e+04 7.174652099609375000e+02
2.500609919999999693e+04 7.174671630859375000e+02
2.500611839999999575e+04 7.174692382812500000e+02
2.500613759999999820e+04 7.174713134765625000e+02
2.500615679999999702e+04 7.174733886718750000e+02
2.500617599999999948e+04 7.174754638671875000e+02
2.500619519999999829e+04 7.174779052734375000e+02
2.500621439999999711e+04 7.174803466796875000e+02
2.500623359999999957e+04 7.174827880859375000e+02
2.500625279999999839e+04 7.174851684570312500e+02
2.500627200000000084e+04 7.174877929687500000e+02
2.500629119999999966e+04 7.174903564453125000e+02
2.500631039999999848e+04 7.174929199218750000e+02
2.500632960000000094e+04 7.174954833984375000e+02
2.500634879999999612e+04 7.174974365234375000e+02
2.500636799999999857e+04 7.174993286132812500e+02
2.500638719999999739e+04 7.175011596679687500e+02
2.500640639999999621e+04 7.175029296875000000e+02
2.500642559999999867e+04 7.175046997070312500e+02
2.500644479999999749e+04 7.175032348632812500e+02
2.500646399999999994e+04 7.175018920898437500e+02
2.500648319999999876e+04 7.175006713867187500e+02
2.500650239999999758e+04 7.174995117187500000e+02
2.500652160000000003e+04 7.174940795898437500e+02
2.500654079999999885e+04 7.174803466796875000e+02
2.500656000000000131e+04 7.174664306640625000e+02
2.500657920000000013e+04 7.174525146484375000e+02
2.500659839999999531e+04 7.174385986328125000e+02
2.500661759999999776e+04 7.174302978515625000e+02
2.500663679999999658e+04 7.174220581054687500e+02
2.500665599999999904e+04 7.174137573242187500e+02
2.500667519999999786e+04 7.174055175781250000e+02
2.500669439999999668e+04 7.174068603515625000e+02
2.500671359999999913e+04 7.174080810546875000e+02
2.500673279999999795e+04 7.174093017578125000e+02
2.500675200000000041e+04 7.174105834960937500e+02
2.500677119999999923e+04 7.174122924804687500e+02
2.500679039999999804e+04 7.174141235351562500e+02
2.500680960000000050e+04 7.174159545898437500e+02
2.500682879999999932e+04 7.174177856445312500e+02
2.500684800000000178e+04 7.174196166992187500e+02
2.500686719999999696e+04 7.174213256835937500e+02
2.500688639999999577e+04 7.174230957031250000e+02
2.500690559999999823e+04 7.174248657226562500e+02
2.500692479999999705e+04 7.174265747070312500e+02
2.500694399999999951e+04 7.174285888671875000e+02
2.500696319999999832e+04 7.174306030273437500e+02
2.500698239999999714e+04 7.174325561523437500e+02
2.500700159999999960e+04 7.174345703125000000e+02
2.500702079999999842e+04 7.174365234375000000e+02
2.500704000000000087e+04 7.174384765625000000e+02
2.500705919999999969e+04 7.174404907226562500e+02
2.500707839999999851e+04 7.174424438476562500e+02
2.500709760000000097e+04 7.174444580078125000e+02
2.500711679999999615e+04 7.174465332031250000e+02
2.500713599999999860e+04 7.174486083984375000e+02
2.500715519999999742e+04 7.174506835937500000e+02
2.500717439999999624e+04 7.174526977539062500e+02
2.500719359999999870e+04 7.174551391601562500e+02
2.500721279999999751e+04 7.174575805664062500e+02
2.500723199999999997e+04 7.174600219726562500e+02
2.500725119999999879e+04 7.174624633789062500e+02
2.500727039999999761e+04 7.174650878906250000e+02
2.500728960000000006e+04 7.174676513671875000e+02
2.500730879999999888e+04 7.174701538085937500e+02
2.500732800000000134e+04 7.174727172851562500e+02
2.500734720000000016e+04 7.174752807617187500e+02
2.500736639999999534e+04 7.174772338867187500e+02
2.500738559999999779e+04 7.174790039062500000e+02
2.500740479999999661e+04 7.174808349609375000e+02
2.500742399999999907e+04 7.174826660156250000e+02
2.500744319999999789e+04 7.174812011718750000e+02
2.500746239999999671e+04 7.174799194335937500e+02
2.500748159999999916e+04 7.174786987304687500e+02
2.500750079999999798e+04 7.174774169921875000e+02
2.500752000000000044e+04 7.174730834960937500e+02
2.500753919999999925e+04 7.174594116210937500e+02
2.500755839999999807e+04 7.174456176757812500e+02
2.500757760000000053e+04 7.174318237304687500e+02
2.500759679999999935e+04 7.174175415039062500e+02
2.500761600000000180e+04 7.174092407226562500e+02
2.500763519999999698e+04 7.174010620117187500e+02
2.500765439999999580e+04 7.173930664062500000e+02
2.500767359999999826e+04 7.173850097656250000e+02
2.500769279999999708e+04 7.173865356445312500e+02
2.500771199999999953e+04 7.173880004882812500e+02
2.500773119999999835e+04 7.173894653320312500e+02
2.500775039999999717e+04 7.173909301757812500e+02
2.500776959999999963e+04 7.173928833007812500e+02
2.500778879999999845e+04 7.173948974609375000e+02
2.500780800000000090e+04 7.173969726562500000e+02
2.500782719999999972e+04 7.173989868164062500e+02
2.500784639999999854e+04 7.174010620117187500e+02
2.500786560000000100e+04 7.174028320312500000e+02
2.500788479999999618e+04 7.174046630859375000e+02
2.500790399999999863e+04 7.174064941406250000e+02
2.500792319999999745e+04 7.174082641601562500e+02
2.500794239999999627e+04 7.174102172851562500e+02
2.500796159999999873e+04 7.174122314453125000e+02
2.500798079999999754e+04 7.174141845703125000e+02
2.500800000000000000e+04 7.174161376953125000e+02
2.500801919999999882e+04 7.174181518554687500e+02
2.500803839999999764e+04 7.174201049804687500e+02
2.500805760000000009e+04 7.174221191406250000e+02
2.500807679999999891e+04 7.174240722656250000e+02
2.500809600000000137e+04 7.174260864257812500e+02
2.500811520000000019e+04 7.174281005859375000e+02
2.500813439999999537e+04 7.174301757812500000e+02
2.500815359999999782e+04 7.174322509765625000e+02
2.500817279999999664e+04 7.174343261718750000e+02
2.500819199999999910e+04 7.174367675781250000e+02
2.500821119999999792e+04 7.174392089843750000e+02
2.500823039999999673e+04 7.174416503906250000e+02
2.500824959999999919e+04 7.174440917968750000e+02
2.500826879999999801e+04 7.174466552734375000e+02
2.500828800000000047e+04 7.174492797851562500e+02
2.500830719999999928e+04 7.174518432617187500e+02
2.500832639999999810e+04 7.174543457031250000e+02
2.500834560000000056e+04 7.174569091796875000e+02
2.500836479999999938e+04 7.174588623046875000e+02
2.500838399999999820e+04 7.174607543945312500e+02
2.500840319999999701e+04 7.174625854492187500e+02
2.500842239999999583e+04 7.174643554687500000e+02
2.500844159999999829e+04 7.174630126953125000e+02
2.500846079999999711e+04 7.174616699218750000e+02
2.500847999999999956e+04 7.174604492187500000e+02
2.500849919999999838e+04 7.174592895507812500e+02
2.500851839999999720e+04 7.174549560546875000e+02
2.500853759999999966e+04 7.174412231445312500e+02
2.500855679999999847e+04 7.174274902343750000e+02
2.500857600000000093e+04 7.174137573242187500e+02
2.500859519999999975e+04 7.173999633789062500e+02
2.500861439999999857e+04 7.173919677734375000e+02
2.500863360000000102e+04 7.173839111328125000e+02
2.500865279999999620e+04 7.173758544921875000e+02
2.500867199999999866e+04 7.173677978515625000e+02
2.500869119999999748e+04 7.173693237304687500e+02
2.500871039999999630e+04 7.173707885742187500e+02
2.500872959999999875e+04 7.173721923828125000e+02
2.500874879999999757e+04 7.173735961914062500e+02
2.500876800000000003e+04 7.173755493164062500e+02
2.500878719999999885e+04 7.173775024414062500e+02
2.500880639999999767e+04 7.173795776367187500e+02
2.500882560000000012e+04 7.173815917968750000e+02
2.500884479999999894e+04 7.173836669921875000e+02
2.500886400000000140e+04 7.173854370117187500e+02
2.500888320000000022e+04 7.173872680664062500e+02
2.500890239999999540e+04 7.173890380859375000e+02
2.500892159999999785e+04 7.173908691406250000e+02
2.500894079999999667e+04 7.173928222656250000e+02
2.500895999999999913e+04 7.173948364257812500e+02
2.500897919999999795e+04 7.173967895507812500e+02
2.500899839999999676e+04 7.173988037109375000e+02
2.500901759999999922e+04 7.174007568359375000e+02
2.500903679999999804e+04 7.174027099609375000e+02
2.500905600000000049e+04 7.174047241210937500e+02
2.500907519999999931e+04 7.174066772460937500e+02
2.500909439999999813e+04 7.174086303710937500e+02
2.500911360000000059e+04 7.174107055664062500e+02
2.500913279999999941e+04 7.174127807617187500e+02
2.500915199999999822e+04 7.174148559570312500e+02
2.500917119999999704e+04 7.174169311523437500e+02
2.500919039999999586e+04 7.174193725585937500e+02
2.500920959999999832e+04 7.174218139648437500e+02
2.500922879999999714e+04 7.174242553710937500e+02
2.500924799999999959e+04 7.174266967773437500e+02
2.500926719999999841e+04 7.174293212890625000e+02
2.500928639999999723e+04 7.174318847656250000e+02
2.500930559999999969e+04 7.174345092773437500e+02
2.500932479999999850e+04 7.174370727539062500e+02
2.500934400000000096e+04 7.174395751953125000e+02
2.500936319999999978e+04 7.174415283203125000e+02
2.500938239999999860e+04 7.174432983398437500e+02
2.500940159999999742e+04 7.174451293945312500e+02
2.500942079999999623e+04 7.174469604492187500e+02
2.500943999999999869e+04 7.174455566406250000e+02
2.500945919999999751e+04 7.174442138671875000e+02
2.500947839999999633e+04 7.174429931640625000e+02
2.500949759999999878e+04 7.174417724609375000e+02
2.500951679999999760e+04 7.174374389648437500e+02
2.500953600000000006e+04 7.174235839843750000e+02
2.500955519999999888e+04 7.174097900390625000e+02
2.500957439999999769e+04 7.173960571289062500e+02
2.500959360000000015e+04 7.173822631835937500e+02
2.500961279999999897e+04 7.173742065429687500e+02
2.500963200000000143e+04 7.173661499023437500e+02
2.500965120000000024e+04 7.173580932617187500e+02
2.500967039999999542e+04 7.173499145507812500e+02
2.500968959999999788e+04 7.173510742187500000e+02
2.500970879999999670e+04 7.173523559570312500e+02
2.500972799999999916e+04 7.173535156250000000e+02
2.500974719999999797e+04 7.173547363281250000e+02
2.500976639999999679e+04 7.173558959960937500e+02
2.500978559999999925e+04 7.173577270507812500e+02
2.500980479999999807e+04 7.173597412109375000e+02
2.500982400000000052e+04 7.173616943359375000e+02
2.500984319999999934e+04 7.173636474609375000e+02
2.500986239999999816e+04 7.173654174804687500e+02
2.500988160000000062e+04 7.173672485351562500e+02
2.500990079999999944e+04 7.173690185546875000e+02
2.500991999999999825e+04 7.173708496093750000e+02
2.500993919999999707e+04 7.173728637695312500e+02
2.500995839999999589e+04 7.173748168945312500e+02
2.500997759999999835e+04 7.173768310546875000e+02
2.500999679999999717e+04 7.173787841796875000e+02
2.501001599999999962e+04 7.174302978515625000e+02
2.501003519999999844e+04 7.174322509765625000e+02
2.501005439999999726e+04 7.174342651367187500e+02
2.501007359999999971e+04 7.174362182617187500e+02
2.501009279999999853e+04 7.174382324218750000e+02
2.501011200000000099e+04 7.174403076171875000e+02
2.501013119999999981e+04 7.174423828125000000e+02
2.501015039999999863e+04 7.174444580078125000e+02
2.501016959999999744e+04 7.174464721679687500e+02
2.501018879999999626e+04 7.174489135742187500e+02
2.501020799999999872e+04 7.174513549804687500e+02
2.501022719999999754e+04 7.174537963867187500e+02
2.501024639999999636e+04 7.174562377929687500e+02
2.501026559999999881e+04 7.174586181640625000e+02
2.501028479999999763e+04 7.174612426757812500e+02
2.501030400000000009e+04 7.174638061523437500e+02
2.501032319999999891e+04 7.174663696289062500e+02
2.501034239999999772e+04 7.174689331054687500e+02
2.501036160000000018e+04 7.174708251953125000e+02
2.501038079999999900e+04 7.174727172851562500e+02
2.501040000000000146e+04 7.174745483398437500e+02
2.501041919999999664e+04 7.174763793945312500e+02
2.501043839999999545e+04 7.174749755859375000e+02
2.501045759999999791e+04 7.174736938476562500e+02
2.501047679999999673e+04 7.174724731445312500e+02
2.501049599999999919e+04 7.174712524414062500e+02
2.501051519999999800e+04 7.174658813476562500e+02
2.501053439999999682e+04 7.174520874023437500e+02
2.501055359999999928e+04 7.174382934570312500e+02
2.501057279999999810e+04 7.174245605468750000e+02
2.501059200000000055e+04 7.174108276367187500e+02
2.501061119999999937e+04 7.174027099609375000e+02
2.501063039999999819e+04 7.173946533203125000e+02
2.501064960000000065e+04 7.173865966796875000e+02
2.501066879999999946e+04 7.173784790039062500e+02
2.501068799999999828e+04 7.173800048828125000e+02
2.501070719999999710e+04 7.173814697265625000e+02
2.501072639999999592e+04 7.173829345703125000e+02
2.501074559999999838e+04 7.173843994140625000e+02
2.501076479999999719e+04 7.173858642578125000e+02
2.501078399999999965e+04 7.173878173828125000e+02
2.501080319999999847e+04 7.173898925781250000e+02
2.501082239999999729e+04 7.173919067382812500e+02
2.501084159999999974e+04 7.173939208984375000e+02
2.501086079999999856e+04 7.173956909179687500e+02
2.501088000000000102e+04 7.173975219726562500e+02
2.501089919999999984e+04 7.173992919921875000e+02
2.501091839999999866e+04 7.174011230468750000e+02
2.501093759999999747e+04 7.174030761718750000e+02
2.501095679999999629e+04 7.174050292968750000e+02
2.501097599999999875e+04 7.174070434570312500e+02
2.501099519999999757e+04 7.174090576171875000e+02
2.501101439999999639e+04 7.174110107421875000e+02
2.501103359999999884e+04 7.174130249023437500e+02
2.501105279999999766e+04 7.174149780273437500e+02
2.501107200000000012e+04 7.174169311523437500e+02
2.501109119999999893e+04 7.174189453125000000e+02
2.501111039999999775e+04 7.174210205078125000e+02
2.501112960000000021e+04 7.174230957031250000e+02
2.501114879999999903e+04 7.174251708984375000e+02
2.501116800000000148e+04 7.174272460937500000e+02
2.501118719999999666e+04 7.174296875000000000e+02
2.501120639999999548e+04 7.174321289062500000e+02
2.501122559999999794e+04 7.174345703125000000e+02
2.501124479999999676e+04 7.174370117187500000e+02
2.501126399999999921e+04 7.174394531250000000e+02
2.501128319999999803e+04 7.174420166015625000e+02
2.501130239999999685e+04 7.174445800781250000e+02
2.501132159999999931e+04 7.174471435546875000e+02
2.501134079999999813e+04 7.174497680664062500e+02
2.501136000000000058e+04 7.174516601562500000e+02
2.501137919999999940e+04 7.174534912109375000e+02
2.501139839999999822e+04 7.174553222656250000e+02
2.501141760000000068e+04 7.174571533203125000e+02
2.501143679999999949e+04 7.174557495117187500e+02
2.501145599999999831e+04 7.174544677734375000e+02
2.501147519999999713e+04 7.174532470703125000e+02
2.501149439999999595e+04 7.174520263671875000e+02
2.501151359999999841e+04 7.174508666992187500e+02
2.501153279999999722e+04 7.174402465820312500e+02
2.501155199999999968e+04 7.174264526367187500e+02
2.501157119999999850e+04 7.174124145507812500e+02
2.501159039999999732e+04 7.173983154296875000e+02
2.501160959999999977e+04 7.173895263671875000e+02
2.501162879999999859e+04 7.173806152343750000e+02
2.501164800000000105e+04 7.173717041015625000e+02
2.501166719999999987e+04 7.173629150390625000e+02
2.501168639999999868e+04 7.173635253906250000e+02
2.501170559999999750e+04 7.173644409179687500e+02
2.501172479999999632e+04 7.173652343750000000e+02
2.501174399999999878e+04 7.173660278320312500e+02
2.501176319999999760e+04 7.173667602539062500e+02
2.501178239999999641e+04 7.173679809570312500e+02
2.501180159999999887e+04 7.173693847656250000e+02
2.501182079999999769e+04 7.173708496093750000e+02
2.501184000000000015e+04 7.173723144531250000e+02
2.501185919999999896e+04 7.173735351562500000e+02
2.501187839999999778e+04 7.173751220703125000e+02
2.501189760000000024e+04 7.173768920898437500e+02
2.501191679999999906e+04 7.173786621093750000e+02
2.501193600000000151e+04 7.173805541992187500e+02
2.501195519999999669e+04 7.173824462890625000e+02
2.501197439999999551e+04 7.173844604492187500e+02
2.501199359999999797e+04 7.173864135742187500e+02
2.501201279999999679e+04 7.173884277343750000e+02
2.501203199999999924e+04 7.173904418945312500e+02
2.501205119999999806e+04 7.173923950195312500e+02
2.501207039999999688e+04 7.173944091796875000e+02
2.501208959999999934e+04 7.173963623046875000e+02
2.501210879999999815e+04 7.173984375000000000e+02
2.501212800000000061e+04 7.174005126953125000e+02
2.501214719999999943e+04 7.174025878906250000e+02
2.501216639999999825e+04 7.174046630859375000e+02
2.501218560000000070e+04 7.174071044921875000e+02
2.501220479999999588e+04 7.174095458984375000e+02
2.501222399999999834e+04 7.174119873046875000e+02
2.501224319999999716e+04 7.174144287109375000e+02
2.501226239999999598e+04 7.174168701171875000e+02
2.501228159999999843e+04 7.174194335937500000e+02
2.501230079999999725e+04 7.174219970703125000e+02
2.501231999999999971e+04 7.174246215820312500e+02
2.501233919999999853e+04 7.174271850585937500e+02
2.501235839999999735e+04 7.174291381835937500e+02
2.501237759999999980e+04 7.174309692382812500e+02
2.501239679999999862e+04 7.174328002929687500e+02
2.501241600000000108e+04 7.174346313476562500e+02
2.501243519999999990e+04 7.174332275390625000e+02
2.501245439999999871e+04 7.174320068359375000e+02
2.501247359999999753e+04 7.174307861328125000e+02
2.501249279999999635e+04 7.174295654296875000e+02
2.501251199999999881e+04 7.174283447265625000e+02
2.501253119999999763e+04 7.174176635742187500e+02
2.501255039999999644e+04 7.174038696289062500e+02
2.501256959999999890e+04 7.173901367187500000e+02
2.501258879999999772e+04 7.173763427734375000e+02
2.501260800000000017e+04 7.173682861328125000e+02
2.501262719999999899e+04 7.173602294921875000e+02
2.501264639999999781e+04 7.173521728515625000e+02
2.501266560000000027e+04 7.173441162109375000e+02
2.501268479999999909e+04 7.173359985351562500e+02
2.501270400000000154e+04 7.173375244140625000e+02
2.501272319999999672e+04 7.173389892578125000e+02
2.501274239999999554e+04 7.173403930664062500e+02
2.501276159999999800e+04 7.173418579101562500e+02
2.501278079999999682e+04 7.173438720703125000e+02
2.501279999999999927e+04 7.173458862304687500e+02
2.501281919999999809e+04 7.173479614257812500e+02
2.501283839999999691e+04 7.173499755859375000e+02
2.501285759999999937e+04 7.173517456054687500e+02
2.501287679999999818e+04 7.173535766601562500e+02
2.501289600000000064e+04 7.173553466796875000e+02
2.501291519999999946e+04 7.173571777343750000e+02
2.501293439999999828e+04 7.173591308593750000e+02
2.501295360000000073e+04 7.173611450195312500e+02
2.501297279999999591e+04 7.173631591796875000e+02
2.501299199999999837e+04 7.173651123046875000e+02
2.501301119999999719e+04 7.173670654296875000e+02
2.501303039999999601e+04 7.173690795898437500e+02
2.501304959999999846e+04 7.173710937500000000e+02
2.501306879999999728e+04 7.173730468750000000e+02
2.501308799999999974e+04 7.173750610351562500e+02
2.501310719999999856e+04 7.173771362304687500e+02
2.501312639999999737e+04 7.173791503906250000e+02
2.501314559999999983e+04 7.173812255859375000e+02
2.501316479999999865e+04 7.173833007812500000e+02
2.501318400000000111e+04 7.173858032226562500e+02
2.501320319999999992e+04 7.173881835937500000e+02
2.501322239999999510e+04 7.173906250000000000e+02
2.501324159999999756e+04 7.173930664062500000e+02
2.501326079999999638e+04 7.173955078125000000e+02
2.501327999999999884e+04 7.173980712890625000e+02
2.501329919999999765e+04 7.174006958007812500e+02
2.501331839999999647e+04 7.174031982421875000e+02
2.501333759999999893e+04 7.174057617187500000e+02
2.501335679999999775e+04 7.174077148437500000e+02
2.501337600000000020e+04 7.174095458984375000e+02
2.501339519999999902e+04 7.174113769531250000e+02
2.501341439999999784e+04 7.174132080078125000e+02
2.501343360000000030e+04 7.174118041992187500e+02
2.501345279999999912e+04 7.174105224609375000e+02
2.501347200000000157e+04 7.174093627929687500e+02
2.501349119999999675e+04 7.174080810546875000e+02
2.501351039999999557e+04 7.174069213867187500e+02
2.501352959999999803e+04 7.173962402343750000e+02
2.501354879999999685e+04 7.173825073242187500e+02
2.501356799999999930e+04 7.173683471679687500e+02
2.501358719999999812e+04 7.173540039062500000e+02
2.501360639999999694e+04 7.173453369140625000e+02
2.501362559999999939e+04 7.173366699218750000e+02
2.501364479999999821e+04 7.173280029296875000e+02
2.501366400000000067e+04 7.173192749023437500e+02
2.501368319999999949e+04 7.173106689453125000e+02
2.501370239999999831e+04 7.173115844726562500e+02
2.501372160000000076e+04 7.173126220703125000e+02
2.501374079999999594e+04 7.173135986328125000e+02
2.501375999999999840e+04 7.173146362304687500e+02
2.501377919999999722e+04 7.173163452148437500e+02
2.501379839999999604e+04 7.173182373046875000e+02
2.501381759999999849e+04 7.173202514648437500e+02
2.501383679999999731e+04 7.173222656250000000e+02
2.501385599999999977e+04 7.173239135742187500e+02
2.501387519999999859e+04 7.173257446289062500e+02
2.501389439999999740e+04 7.173275756835937500e+02
2.501391359999999986e+04 7.173293457031250000e+02
2.501393279999999868e+04 7.173311767578125000e+02
2.501395200000000114e+04 7.173331298828125000e+02
2.501397119999999995e+04 7.173351440429687500e+02
2.501399039999999513e+04 7.173370971679687500e+02
2.501400959999999759e+04 7.173391113281250000e+02
2.501402879999999641e+04 7.173410644531250000e+02
2.501404799999999886e+04 7.173430175781250000e+02
2.501406719999999768e+04 7.173450317382812500e+02
2.501408639999999650e+04 7.173469848632812500e+02
2.501410559999999896e+04 7.173490600585937500e+02
2.501412479999999778e+04 7.173511352539062500e+02
2.501414400000000023e+04 7.173531494140625000e+02
2.501416319999999905e+04 7.173552856445312500e+02
2.501418239999999787e+04 7.173577270507812500e+02
2.501420160000000033e+04 7.173601684570312500e+02
2.501422079999999914e+04 7.173625488281250000e+02
2.501424000000000160e+04 7.173649902343750000e+02
2.501425919999999678e+04 7.173674316406250000e+02
2.501427839999999560e+04 7.173700561523437500e+02
2.501429759999999806e+04 7.173726196289062500e+02
2.501431679999999687e+04 7.173751831054687500e+02
2.501433599999999933e+04 7.173776855468750000e+02
2.501435519999999815e+04 7.173796997070312500e+02
2.501437439999999697e+04 7.173815307617187500e+02
2.501439359999999942e+04 7.173833618164062500e+02
2.501441279999999824e+04 7.173851928710937500e+02
2.501443200000000070e+04 7.173869628906250000e+02
2.501445119999999952e+04 7.173854980468750000e+02
2.501447039999999834e+04 7.173841552734375000e+02
2.501448960000000079e+04 7.173829345703125000e+02
2.501450879999999597e+04 7.173817138671875000e+02
2.501452799999999843e+04 7.173763427734375000e+02
2.501454719999999725e+04 7.173625488281250000e+02
2.501456639999999607e+04 7.173486938476562500e+02
2.501458559999999852e+04 7.173348999023437500e+02
2.501460479999999734e+04 7.173267822265625000e+02
2.501462399999999980e+04 7.173187255859375000e+02
2.501464319999999861e+04 7.173106689453125000e+02
2.501466239999999743e+04 7.173024902343750000e+02
2.501468159999999989e+04 7.172944335937500000e+02
2.501470079999999871e+04 7.172960205078125000e+02
2.501472000000000116e+04 7.172974243164062500e+02
2.501473919999999998e+04 7.172988891601562500e+02
2.501475839999999516e+04 7.173003540039062500e+02
2.501477759999999762e+04 7.173023071289062500e+02
2.501479679999999644e+04 7.173043823242187500e+02
2.501481599999999889e+04 7.173063964843750000e+02
2.501483519999999771e+04 7.173084106445312500e+02
2.501485439999999653e+04 7.173101806640625000e+02
2.501487359999999899e+04 7.173120117187500000e+02
2.501489279999999781e+04 7.173138427734375000e+02
2.501491200000000026e+04 7.173156738281250000e+02
2.501493119999999908e+04 7.173174438476562500e+02
2.501495039999999790e+04 7.173194580078125000e+02
2.501496960000000036e+04 7.173214111328125000e+02
2.501498879999999917e+04 7.173234252929687500e+02
2.501500800000000163e+04 7.173253784179687500e+02
2.501502719999999681e+04 7.173273315429687500e+02
2.501504639999999563e+04 7.173292846679687500e+02
2.501506559999999808e+04 7.173312988281250000e+02
2.501508479999999690e+04 7.173332519531250000e+02
2.501510399999999936e+04 7.173352050781250000e+02
2.501512319999999818e+04 7.173373413085937500e+02
2.501514239999999700e+04 7.173394165039062500e+02
2.501516159999999945e+04 7.173414916992187500e+02
2.501518079999999827e+04 7.173435058593750000e+02
2.501520000000000073e+04 7.173460083007812500e+02
2.501521919999999955e+04 7.173484497070312500e+02
2.501523839999999836e+04 7.173508911132812500e+02
2.501525760000000082e+04 7.173532714843750000e+02
2.501527679999999600e+04 7.173558959960937500e+02
2.501529599999999846e+04 7.173584594726562500e+02
2.501531519999999728e+04 7.173610229492187500e+02
2.501533439999999609e+04 7.173635864257812500e+02
2.501535359999999855e+04 7.173655395507812500e+02
2.501537279999999737e+04 7.173673706054687500e+02
2.501539199999999983e+04 7.173692016601562500e+02
2.501541119999999864e+04 7.173710327148437500e+02
2.501543039999999746e+04 7.173728027343750000e+02
2.501544959999999992e+04 7.173713378906250000e+02
2.501546879999999874e+04 7.173699951171875000e+02
2.501548800000000119e+04 7.173687744140625000e+02
2.501550720000000001e+04 7.173675537109375000e+02
2.501552639999999519e+04 7.173618164062500000e+02
2.501554559999999765e+04 7.173480224609375000e+02
2.501556479999999647e+04 7.173342285156250000e+02
2.501558399999999892e+04 7.173204345703125000e+02
2.501560319999999774e+04 7.173121948242187500e+02
2.501562239999999656e+04 7.173040161132812500e+02
2.501564159999999902e+04 7.172954711914062500e+02
2.501566079999999783e+04 7.172871093750000000e+02
2.501568000000000029e+04 7.172785034179687500e+02
2.501569919999999911e+04 7.172798461914062500e+02
2.501571839999999793e+04 7.172808837890625000e+02
2.501573760000000038e+04 7.172819824218750000e+02
2.501575679999999920e+04 7.172830810546875000e+02
2.501577600000000166e+04 7.172847290039062500e+02
2.501579519999999684e+04 7.172866210937500000e+02
2.501581439999999566e+04 7.172886352539062500e+02
2.501583359999999811e+04 7.172906494140625000e+02
2.501585279999999693e+04 7.172924194335937500e+02
2.501587199999999939e+04 7.172942504882812500e+02
2.501589119999999821e+04 7.172960205078125000e+02
2.501591039999999703e+04 7.172978515625000000e+02
2.501592959999999948e+04 7.172996826171875000e+02
2.501594879999999830e+04 7.173016967773437500e+02
2.501596800000000076e+04 7.173036499023437500e+02
2.501598719999999958e+04 7.173056640625000000e+02
2.501600639999999839e+04 7.173076171875000000e+02
2.501602560000000085e+04 7.173096313476562500e+02
2.501604479999999603e+04 7.173116455078125000e+02
2.501606399999999849e+04 7.173135986328125000e+02
2.501608319999999730e+04 7.173156127929687500e+02
2.501610239999999612e+04 7.173175659179687500e+02
2.501612159999999858e+04 7.173196411132812500e+02
2.501614079999999740e+04 7.173217163085937500e+02
2.501615999999999985e+04 7.173237915039062500e+02
2.501617919999999867e+04 7.173258666992187500e+02
2.501619839999999749e+04 7.173283081054687500e+02
2.501621759999999995e+04 7.173307495117187500e+02
2.501623679999999877e+04 7.173331909179687500e+02
2.501625600000000122e+04 7.173356323242187500e+02
2.501627520000000004e+04 7.173382568359375000e+02
2.501629439999999522e+04 7.173408203125000000e+02
2.501631359999999768e+04 7.173433837890625000e+02
2.501633279999999650e+04 7.173459472656250000e+02
2.501635199999999895e+04 7.173479003906250000e+02
2.501637119999999777e+04 7.173497924804687500e+02
2.501639039999999659e+04 7.173516235351562500e+02
2.501640959999999905e+04 7.173533935546875000e+02
2.501642879999999786e+04 7.173552246093750000e+02
2.501644800000000032e+04 7.173537597656250000e+02
2.501646719999999914e+04 7.173524780273437500e+02
2.501648639999999796e+04 7.173512573242187500e+02
2.501650560000000041e+04 7.173500366210937500e+02
2.501652479999999923e+04 7.173442993164062500e+02
2.501654400000000169e+04 7.173304443359375000e+02
2.501656319999999687e+04 7.173166503906250000e+02
2.501658239999999569e+04 7.173027954101562500e+02
2.501660159999999814e+04 7.172946777343750000e+02
2.501662079999999696e+04 7.172864990234375000e+02
2.501663999999999942e+04 7.172783203125000000e+02
2.501665919999999824e+04 7.172702636718750000e+02
2.501667839999999705e+04 7.172621459960937500e+02
2.501669759999999951e+04 7.172637329101562500e+02
2.501671679999999833e+04 7.172651977539062500e+02
2.501673600000000079e+04 7.172666015625000000e+02
2.501675519999999960e+04 7.172680053710937500e+02
2.501677439999999842e+04 7.172699584960937500e+02
2.501679360000000088e+04 7.172720336914062500e+02
2.501681279999999606e+04 7.172740478515625000e+02
2.501683199999999852e+04 7.172761230468750000e+02
2.501685119999999733e+04 7.172781372070312500e+02
2.501687039999999615e+04 7.172799682617187500e+02
2.501688959999999861e+04 7.172817993164062500e+02
2.501690879999999743e+04 7.172835693359375000e+02
2.501692799999999988e+04 7.172854003906250000e+02
2.501694719999999870e+04 7.172873535156250000e+02
2.501696639999999752e+04 7.172893676757812500e+02
2.501698559999999998e+04 7.172913818359375000e+02
2.501700479999999880e+04 7.172933349609375000e+02
2.501702400000000125e+04 7.172953491210937500e+02
2.501704320000000007e+04 7.172973022460937500e+02
2.501706239999999525e+04 7.172992553710937500e+02
2.501708159999999771e+04 7.173012695312500000e+02
2.501710079999999653e+04 7.173032226562500000e+02
2.501711999999999898e+04 7.173052978515625000e+02
2.501713919999999780e+04 7.173073730468750000e+02
2.501715839999999662e+04 7.173094482421875000e+02
2.501717759999999907e+04 7.173115234375000000e+02
2.501719679999999789e+04 7.173139648437500000e+02
2.501721600000000035e+04 7.173164672851562500e+02
2.501723519999999917e+04 7.173189086914062500e+02
2.501725439999999799e+04 7.173212890625000000e+02
2.501727360000000044e+04 7.173238525390625000e+02
2.501729279999999926e+04 7.173264770507812500e+02
2.501731200000000172e+04 7.173290405273437500e+02
2.501733119999999690e+04 7.173316040039062500e+02
2.501735039999999572e+04 7.173335571289062500e+02
2.501736959999999817e+04 7.173353881835937500e+02
2.501738879999999699e+04 7.173372192382812500e+02
2.501740799999999945e+04 7.173390502929687500e+02
2.501742719999999827e+04 7.173408203125000000e+02
2.501744639999999708e+04 7.173393554687500000e+02
2.501746559999999954e+04 7.173380737304687500e+02
2.501748479999999836e+04 7.173368530273437500e+02
2.501750400000000081e+04 7.173356323242187500e+02
2.501752319999999963e+04 7.173300170898437500e+02
2.501754239999999845e+04 7.173162231445312500e+02
2.501756160000000091e+04 7.173024291992187500e+02
2.501758079999999609e+04 7.172885742187500000e+02
2.501759999999999854e+04 7.172747802734375000e+02
2.501761919999999736e+04 7.172666625976562500e+02
2.501763839999999618e+04 7.172586059570312500e+02
2.501765759999999864e+04 7.172503051757812500e+02
2.501767679999999746e+04 7.172420654296875000e+02
2.501769599999999991e+04 7.172433471679687500e+02
2.501771519999999873e+04 7.172445678710937500e+02
2.501773439999999755e+04 7.172457885742187500e+02
2.501775360000000001e+04 7.172470092773437500e+02
2.501777279999999882e+04 7.172487182617187500e+02
2.501779200000000128e+04 7.172506103515625000e+02
2.501781120000000010e+04 7.172524414062500000e+02
2.501783039999999528e+04 7.172543334960937500e+02
2.501784959999999774e+04 7.172561645507812500e+02
2.501786879999999655e+04 7.172578125000000000e+02
2.501788799999999901e+04 7.172595825195312500e+02
2.501790719999999783e+04 7.172614746093750000e+02
2.501792639999999665e+04 7.172633056640625000e+02
2.501794559999999910e+04 7.172652587890625000e+02
2.501796479999999792e+04 7.172672119140625000e+02
2.501798400000000038e+04 7.172692260742187500e+02
2.501800319999999920e+04 7.172711791992187500e+02
2.501802239999999802e+04 7.172731933593750000e+02
2.501804160000000047e+04 7.172752075195312500e+02
2.501806079999999929e+04 7.172771606445312500e+02
2.501808000000000175e+04 7.172791137695312500e+02
2.501809919999999693e+04 7.172811279296875000e+02
2.501811839999999575e+04 7.172832031250000000e+02
2.501813759999999820e+04 7.172852783203125000e+02
2.501815679999999702e+04 7.172873535156250000e+02
2.501817599999999948e+04 7.172894287109375000e+02
2.501819519999999829e+04 7.172919311523437500e+02
2.501821439999999711e+04 7.172943725585937500e+02
2.501823359999999957e+04 7.172968139648437500e+02
2.501825279999999839e+04 7.172991943359375000e+02
2.501827200000000084e+04 7.173018188476562500e+02
2.501829119999999966e+04 7.173043823242187500e+02
2.501831039999999848e+04 7.173070068359375000e+02
2.501832960000000094e+04 7.173095703125000000e+02
2.501834879999999612e+04 7.173115234375000000e+02
2.501836799999999857e+04 7.173133544921875000e+02
2.501838719999999739e+04 7.173151245117187500e+02
2.501840639999999621e+04 7.173169555664062500e+02
2.501842559999999867e+04 7.173187255859375000e+02
2.501844479999999749e+04 7.173173217773437500e+02
2.501846399999999994e+04 7.173159790039062500e+02
2.501848319999999876e+04 7.173147583007812500e+02
2.501850239999999758e+04 7.173135375976562500e+02
2.501852160000000003e+04 7.173079223632812500e+02
2.501854079999999885e+04 7.172940063476562500e+02
2.501856000000000131e+04 7.172797851562500000e+02
2.501857920000000013e+04 7.172651367187500000e+02
2.501859839999999531e+04 7.172503662109375000e+02
2.501861759999999776e+04 7.172413940429687500e+02
2.501863679999999658e+04 7.172324829101562500e+02
2.501865599999999904e+04 7.172236328125000000e+02
2.501867519999999786e+04 7.172146606445312500e+02
2.501869439999999668e+04 7.172152709960937500e+02
2.501871359999999913e+04 7.172161865234375000e+02
2.501873279999999795e+04 7.172171630859375000e+02
2.501875200000000041e+04 7.172182006835937500e+02
2.501877119999999923e+04 7.172197265625000000e+02
2.501879039999999804e+04 7.172216186523437500e+02
2.501880960000000050e+04 7.172235717773437500e+02
2.501882879999999932e+04 7.172255249023437500e+02
2.501884800000000178e+04 7.172275390625000000e+02
2.501886719999999696e+04 7.172293701171875000e+02
2.501888639999999577e+04 7.172312011718750000e+02
2.501890559999999823e+04 7.172329711914062500e+02
2.501892479999999705e+04 7.172348022460937500e+02
2.501894399999999951e+04 7.172368164062500000e+02
2.501896319999999832e+04 7.172387695312500000e+02
2.501898239999999714e+04 7.172407226562500000e+02
2.501900159999999960e+04 7.172427368164062500e+02
2.501902079999999842e+04 7.172446899414062500e+02
2.501904000000000087e+04 7.172467041015625000e+02
2.501905919999999969e+04 7.172487182617187500e+02
2.501907839999999851e+04 7.172506713867187500e+02
2.501909760000000097e+04 7.172526855468750000e+02
2.501911679999999615e+04 7.172547607421875000e+02
2.501913599999999860e+04 7.172568359375000000e+02
2.501915519999999742e+04 7.172589111328125000e+02
2.501917439999999624e+04 7.172609863281250000e+02
2.501919359999999870e+04 7.172634277343750000e+02
2.501921279999999751e+04 7.172658691406250000e+02
2.501923199999999997e+04 7.172682495117187500e+02
2.501925119999999879e+04 7.172706909179687500e+02
2.501927039999999761e+04 7.172733154296875000e+02
2.501928960000000006e+04 7.172758789062500000e+02
2.501930879999999888e+04 7.172784423828125000e+02
2.501932800000000134e+04 7.172810058593750000e+02
2.501934720000000016e+04 7.172835693359375000e+02
2.501936639999999534e+04 7.172855224609375000e+02
2.501938559999999779e+04 7.172873535156250000e+02
2.501940479999999661e+04 7.172891845703125000e+02
2.501942399999999907e+04 7.172910156250000000e+02
2.501944319999999789e+04 7.172896118164062500e+02
2.501946239999999671e+04 7.172883300781250000e+02
2.501948159999999916e+04 7.172870483398437500e+02
2.501950079999999798e+04 7.172858886718750000e+02
2.501952000000000044e+04 7.172813720703125000e+02
2.501953919999999925e+04 7.172675170898437500e+02
2.501955839999999807e+04 7.172537231445312500e+02
2.501957760000000053e+04 7.172398681640625000e+02
2.501959679999999935e+04 7.172260131835937500e+02
2.501961600000000180e+04 7.172179565429687500e+02
2.501963519999999698e+04 7.172098388671875000e+02
2.501965439999999580e+04 7.172017211914062500e+02
2.501967359999999826e+04 7.171936645507812500e+02
2.501969279999999708e+04 7.171951293945312500e+02
2.501971199999999953e+04 7.171965942382812500e+02
2.501973119999999835e+04 7.171980590820312500e+02
2.501975039999999717e+04 7.171995239257812500e+02
2.501976959999999963e+04 7.172015380859375000e+02
2.501978879999999845e+04 7.172035522460937500e+02
2.501980800000000090e+04 7.172056274414062500e+02
2.501982719999999972e+04 7.172077026367187500e+02
2.501984639999999854e+04 7.172097167968750000e+02
2.501986560000000100e+04 7.172114868164062500e+02
2.501988479999999618e+04 7.172133178710937500e+02
2.501990399999999863e+04 7.172151489257812500e+02
2.501992319999999745e+04 7.172169189453125000e+02
2.501994239999999627e+04 7.172188720703125000e+02
2.501996159999999873e+04 7.172208862304687500e+02
2.501998079999999754e+04 7.172229003906250000e+02
2.502000000000000000e+04 7.172814941406250000e+02
