2.500003199999999924e+04 7.280011596679687500e+02
2.500005119999999806e+04 7.280026245117187500e+02
2.500007039999999688e+04 7.280040283203125000e+02
2.500008959999999934e+04 7.280054931640625000e+02
2.500010879999999815e+04 7.280070190429687500e+02
2.500012800000000061e+04 7.280085449218750000e+02
2.500014719999999943e+04 7.280100708007812500e+02
2.500016639999999825e+04 7.280116577148437500e+02
2.500018560000000070e+04 7.280135498046875000e+02
2.500020479999999588e+04 7.280155029296875000e+02
2.500022399999999834e+04 7.280173950195312500e+02
2.500024319999999716e+04 7.280192871093750000e+02
2.500026239999999598e+04 7.280212402343750000e+02
2.500028159999999843e+04 7.280233154296875000e+02
2.500030079999999725e+04 7.280254516601562500e+02
2.500031999999999971e+04 7.280275268554687500e+02
2.500033919999999853e+04 7.280296630859375000e+02
2.500035839999999735e+04 7.280311279296875000e+02
2.500037759999999980e+04 7.280326538085937500e+02
2.500039679999999862e+04 7.280341186523437500e+02
2.500041600000000108e+04 7.280355834960937500e+02
2.500043519999999990e+04 7.280338745117187500e+02
2.500045439999999871e+04 7.280322875976562500e+02
2.500047359999999753e+04 7.280306396484375000e+02
2.500049279999999635e+04 7.280292968750000000e+02
2.500051199999999881e+04 7.280278930664062500e+02
2.500053119999999763e+04 7.280166625976562500e+02
2.500055039999999644e+04 7.280029296875000000e+02
2.500056959999999890e+04 7.279889526367187500e+02
2.500058879999999772e+04 7.279752807617187500e+02
2.500060800000000017e+04 7.279671630859375000e+02
2.500062719999999899e+04 7.279589233398437500e+02
2.500064639999999781e+04 7.279508666992187500e+02
2.500066560000000027e+04 7.279426879882812500e+02
2.500068479999999909e+04 7.279345703125000000e+02
2.500070400000000154e+04 7.279359741210937500e+02
2.500072319999999672e+04 7.279369506835937500e+02
2.500074239999999554e+04 7.279379882812500000e+02
2.500076159999999800e+04 7.279389648437500000e+02
2.500078079999999682e+04 7.279404907226562500e+02
2.500079999999999927e+04 7.279420166015625000e+02
2.500081919999999809e+04 7.279434814453125000e+02
2.500083839999999691e+04 7.279450073242187500e+02
2.500085759999999937e+04 7.279462280273437500e+02
2.500087679999999818e+04 7.279475097656250000e+02
2.500089600000000064e+04 7.279487915039062500e+02
2.500091519999999946e+04 7.279500122070312500e+02
2.500093439999999828e+04 7.279514160156250000e+02
2.500095360000000073e+04 7.279528808593750000e+02
2.500097279999999591e+04 7.279542846679687500e+02
2.500099199999999837e+04 7.279556884765625000e+02
2.500101119999999719e+04 7.279571533203125000e+02
2.500103039999999601e+04 7.279585571289062500e+02
2.500104959999999846e+04 7.279599609375000000e+02
2.500106879999999728e+04 7.279614257812500000e+02
2.500108799999999974e+04 7.279628295898437500e+02
2.500110719999999856e+04 7.279643554687500000e+02
2.500112639999999737e+04 7.279659423828125000e+02
2.500114559999999983e+04 7.279674682617187500e+02
2.500116479999999865e+04 7.279689941406250000e+02
2.500118400000000111e+04 7.279709472656250000e+02
2.500120319999999992e+04 7.279728393554687500e+02
2.500122239999999510e+04 7.279747924804687500e+02
2.500124159999999756e+04 7.279766845703125000e+02
2.500126079999999638e+04 7.279786376953125000e+02
2.500127999999999884e+04 7.279807128906250000e+02
2.500129919999999765e+04 7.279828491210937500e+02
2.500131839999999647e+04 7.279849243164062500e+02
2.500133759999999893e+04 7.279869995117187500e+02
2.500135679999999775e+04 7.279885253906250000e+02
2.500137600000000020e+04 7.279899902343750000e+02
2.500139519999999902e+04 7.279915161132812500e+02
2.500141439999999784e+04 7.279929809570312500e+02
2.500143360000000030e+04 7.279912719726562500e+02
2.500145279999999912e+04 7.279896850585937500e+02
2.500147200000000157e+04 7.279880371093750000e+02
2.500149119999999675e+04 7.279866943359375000e+02
2.500151039999999557e+04 7.279852294921875000e+02
2.500152959999999803e+04 7.279740600585937500e+02
2.500154879999999685e+04 7.279602661132812500e+02
2.500156799999999930e+04 7.279462890625000000e+02
2.500158719999999812e+04 7.279326171875000000e+02
2.500160639999999694e+04 7.279244995117187500e+02
2.500162559999999939e+04 7.279162597656250000e+02
2.500164479999999821e+04 7.279082031250000000e+02
2.500166400000000067e+04 7.279000244140625000e+02
2.500168319999999949e+04 7.278919067382812500e+02
2.500170239999999831e+04 7.278933105468750000e+02
2.500172160000000076e+04 7.278942871093750000e+02
2.500174079999999594e+04 7.278953247070312500e+02
2.500175999999999840e+04 7.278963012695312500e+02
2.500177919999999722e+04 7.278978271484375000e+02
2.500179839999999604e+04 7.278992919921875000e+02
2.500181759999999849e+04 7.279008178710937500e+02
2.500183679999999731e+04 7.279023437500000000e+02
2.500185599999999977e+04 7.279035644531250000e+02
2.500187519999999859e+04 7.279048461914062500e+02
2.500189439999999740e+04 7.279060668945312500e+02
2.500191359999999986e+04 7.279073486328125000e+02
2.500193279999999868e+04 7.279086303710937500e+02
2.500195200000000114e+04 7.279100341796875000e+02
2.500197119999999995e+04 7.279114379882812500e+02
2.500199039999999513e+04 7.279129028320312500e+02
2.500200959999999759e+04 7.279143066406250000e+02
2.500202879999999641e+04 7.279157104492187500e+02
2.500204799999999886e+04 7.279171752929687500e+02
2.500206719999999768e+04 7.279185791015625000e+02
2.500208639999999650e+04 7.279199829101562500e+02
2.500210559999999896e+04 7.279215698242187500e+02
2.500212479999999778e+04 7.279230957031250000e+02
2.500214400000000023e+04 7.279246215820312500e+02
2.500216319999999905e+04 7.279261474609375000e+02
2.500218239999999787e+04 7.279281005859375000e+02
2.500220160000000033e+04 7.279300537109375000e+02
2.500222079999999914e+04 7.279319458007812500e+02
2.500224000000000160e+04 7.279338989257812500e+02
2.500225919999999678e+04 7.279357910156250000e+02
2.500227839999999560e+04 7.279378662109375000e+02
2.500229759999999806e+04 7.279400024414062500e+02
2.500231679999999687e+04 7.279420776367187500e+02
2.500233599999999933e+04 7.279442138671875000e+02
2.500235519999999815e+04 7.279456787109375000e+02
2.500237439999999697e+04 7.279472045898437500e+02
2.500239359999999942e+04 7.279486694335937500e+02
2.500241279999999824e+04 7.279501342773437500e+02
2.500243200000000070e+04 7.279515991210937500e+02
2.500245119999999952e+04 7.279498901367187500e+02
2.500247039999999834e+04 7.279481201171875000e+02
2.500248960000000079e+04 7.279465942382812500e+02
2.500250879999999597e+04 7.279451904296875000e+02
2.500252799999999843e+04 7.279394531250000000e+02
2.500254719999999725e+04 7.279256591796875000e+02
2.500256639999999607e+04 7.279115600585937500e+02
2.500258559999999852e+04 7.278978881835937500e+02
2.500260479999999734e+04 7.278897094726562500e+02
2.500262399999999980e+04 7.278815307617187500e+02
2.500264319999999861e+04 7.278733520507812500e+02
2.500266239999999743e+04 7.278652343750000000e+02
2.500268159999999989e+04 7.278570556640625000e+02
2.500270079999999871e+04 7.278584594726562500e+02
2.500272000000000116e+04 7.278594970703125000e+02
2.500273919999999998e+04 7.278604736328125000e+02
2.500275839999999516e+04 7.278615112304687500e+02
2.500277759999999762e+04 7.278629760742187500e+02
2.500279679999999644e+04 7.278645019531250000e+02
2.500281599999999889e+04 7.278660278320312500e+02
2.500283519999999771e+04 7.278674926757812500e+02
2.500285439999999653e+04 7.278687744140625000e+02
2.500287359999999899e+04 7.278699951171875000e+02
2.500289279999999781e+04 7.278712768554687500e+02
2.500291200000000026e+04 7.278724975585937500e+02
2.500293119999999908e+04 7.278737792968750000e+02
2.500295039999999790e+04 7.278751831054687500e+02
2.500296960000000036e+04 7.278766479492187500e+02
2.500298879999999917e+04 7.278780517578125000e+02
2.500300800000000163e+04 7.278794555664062500e+02
2.500302719999999681e+04 7.278809204101562500e+02
2.500304639999999563e+04 7.278823242187500000e+02
2.500306559999999808e+04 7.278837280273437500e+02
2.500308479999999690e+04 7.278851928710937500e+02
2.500310399999999936e+04 7.278865966796875000e+02
2.500312319999999818e+04 7.278881835937500000e+02
2.500314239999999700e+04 7.278897094726562500e+02
2.500316159999999945e+04 7.278912353515625000e+02
2.500318079999999827e+04 7.278927612304687500e+02
2.500320000000000073e+04 7.278947143554687500e+02
2.500321919999999955e+04 7.278966064453125000e+02
2.500323839999999836e+04 7.278985595703125000e+02
2.500325760000000082e+04 7.279004516601562500e+02
2.500327679999999600e+04 7.279025878906250000e+02
2.500329599999999846e+04 7.279046630859375000e+02
2.500331519999999728e+04 7.279067993164062500e+02
2.500333439999999609e+04 7.279088745117187500e+02
2.500335359999999855e+04 7.279104003906250000e+02
2.500337279999999737e+04 7.279118652343750000e+02
2.500339199999999983e+04 7.279133300781250000e+02
2.500341119999999864e+04 7.279148559570312500e+02
2.500343039999999746e+04 7.279163208007812500e+02
2.500344959999999992e+04 7.279146118164062500e+02
2.500346879999999874e+04 7.279128417968750000e+02
2.500348800000000119e+04 7.279112548828125000e+02
2.500350720000000001e+04 7.279099121093750000e+02
2.500352639999999519e+04 7.279038085937500000e+02
2.500354559999999765e+04 7.278899536132812500e+02
2.500356479999999647e+04 7.278758544921875000e+02
2.500358399999999892e+04 7.278622436523437500e+02
2.500360319999999774e+04 7.278540039062500000e+02
2.500362239999999656e+04 7.278458251953125000e+02
2.500364159999999902e+04 7.278377075195312500e+02
2.500366079999999783e+04 7.278295288085937500e+02
2.500368000000000029e+04 7.278214111328125000e+02
2.500369919999999911e+04 7.278227539062500000e+02
2.500371839999999793e+04 7.278237915039062500e+02
2.500373760000000038e+04 7.278247680664062500e+02
2.500375679999999920e+04 7.278258056640625000e+02
2.500377600000000166e+04 7.278272705078125000e+02
2.500379519999999684e+04 7.278287963867187500e+02
2.500381439999999566e+04 7.278303222656250000e+02
2.500383359999999811e+04 7.278317871093750000e+02
2.500385279999999693e+04 7.278330688476562500e+02
2.500387199999999939e+04 7.278342895507812500e+02
2.500389119999999821e+04 7.278355712890625000e+02
2.500391039999999703e+04 7.278368530273437500e+02
2.500392959999999948e+04 7.278380737304687500e+02
2.500394879999999830e+04 7.278395385742187500e+02
2.500396800000000076e+04 7.278409423828125000e+02
2.500398719999999958e+04 7.278423461914062500e+02
2.500400639999999839e+04 7.278438110351562500e+02
2.500402560000000085e+04 7.278452148437500000e+02
2.500404479999999603e+04 7.278466186523437500e+02
2.500406399999999849e+04 7.278480834960937500e+02
2.500408319999999730e+04 7.278494873046875000e+02
2.500410239999999612e+04 7.278509521484375000e+02
2.500412159999999858e+04 7.278524780273437500e+02
2.500414079999999740e+04 7.278540039062500000e+02
2.500415999999999985e+04 7.278555297851562500e+02
2.500417919999999867e+04 7.278571166992187500e+02
2.500419839999999749e+04 7.278590087890625000e+02
2.500421759999999995e+04 7.278609619140625000e+02
2.500423679999999877e+04 7.278628540039062500e+02
2.500425600000000122e+04 7.278648071289062500e+02
2.500427520000000004e+04 7.278668823242187500e+02
2.500429439999999522e+04 7.278690185546875000e+02
2.500431359999999768e+04 7.278710937500000000e+02
2.500433279999999650e+04 7.278732299804687500e+02
2.500435199999999895e+04 7.278746948242187500e+02
2.500437119999999777e+04 7.278761596679687500e+02
2.500439039999999659e+04 7.278776855468750000e+02
2.500440959999999905e+04 7.278791503906250000e+02
2.500442879999999786e+04 7.278806152343750000e+02
2.500444800000000032e+04 7.278789062500000000e+02
2.500446719999999914e+04 7.278771362304687500e+02
2.500448639999999796e+04 7.278755493164062500e+02
2.500450560000000041e+04 7.278742065429687500e+02
2.500452479999999923e+04 7.278681030273437500e+02
2.500454400000000169e+04 7.278542480468750000e+02
2.500456319999999687e+04 7.278401489257812500e+02
2.500458239999999569e+04 7.278264770507812500e+02
2.500460159999999814e+04 7.278182983398437500e+02
2.500462079999999696e+04 7.278101196289062500e+02
2.500463999999999942e+04 7.278019409179687500e+02
2.500465919999999824e+04 7.277937622070312500e+02
2.500467839999999705e+04 7.277856445312500000e+02
2.500469759999999951e+04 7.277870483398437500e+02
2.500471679999999833e+04 7.277880249023437500e+02
2.500473600000000079e+04 7.277890625000000000e+02
2.500475519999999960e+04 7.277900390625000000e+02
2.500477439999999842e+04 7.277915649414062500e+02
2.500479360000000088e+04 7.277930297851562500e+02
2.500481279999999606e+04 7.277945556640625000e+02
2.500483199999999852e+04 7.277960815429687500e+02
2.500485119999999733e+04 7.277975463867187500e+02
2.500487039999999615e+04 7.277988281250000000e+02
2.500488959999999861e+04 7.278001098632812500e+02
2.500490879999999743e+04 7.278013305664062500e+02
2.500492799999999988e+04 7.278026123046875000e+02
2.500494719999999870e+04 7.278040161132812500e+02
2.500496639999999752e+04 7.278054199218750000e+02
2.500498559999999998e+04 7.278068847656250000e+02
2.500500479999999880e+04 7.278082885742187500e+02
2.500502400000000125e+04 7.278096923828125000e+02
2.500504320000000007e+04 7.278111572265625000e+02
2.500506239999999525e+04 7.278125610351562500e+02
2.500508159999999771e+04 7.278140258789062500e+02
2.500510079999999653e+04 7.278154296875000000e+02
2.500511999999999898e+04 7.278169555664062500e+02
2.500513919999999780e+04 7.278185424804687500e+02
2.500515839999999662e+04 7.278200683593750000e+02
2.500517759999999907e+04 7.278215942382812500e+02
2.500519679999999789e+04 7.278235473632812500e+02
2.500521600000000035e+04 7.278254394531250000e+02
2.500523519999999917e+04 7.278273925781250000e+02
2.500525439999999799e+04 7.278292846679687500e+02
2.500527360000000044e+04 7.278314208984375000e+02
2.500529279999999926e+04 7.278334960937500000e+02
2.500531200000000172e+04 7.278356323242187500e+02
2.500533119999999690e+04 7.278377075195312500e+02
2.500535039999999572e+04 7.278392333984375000e+02
2.500536959999999817e+04 7.278406982421875000e+02
2.500538879999999699e+04 7.278421630859375000e+02
2.500540799999999945e+04 7.278436889648437500e+02
2.500542719999999827e+04 7.278451538085937500e+02
2.500544639999999708e+04 7.278434448242187500e+02
2.500546559999999954e+04 7.278416748046875000e+02
2.500548479999999836e+04 7.278400878906250000e+02
2.500550400000000081e+04 7.278387451171875000e+02
2.500552319999999963e+04 7.278327636718750000e+02
2.500554239999999845e+04 7.278189086914062500e+02
2.500556160000000091e+04 7.278048095703125000e+02
2.500558079999999609e+04 7.277911376953125000e+02
2.500559999999999854e+04 7.277772827148437500e+02
2.500561919999999736e+04 7.277692871093750000e+02
2.500563839999999618e+04 7.277609863281250000e+02
2.500565759999999864e+04 7.277529296875000000e+02
2.500567679999999746e+04 7.277446899414062500e+02
2.500569599999999991e+04 7.277462158203125000e+02
2.500571519999999873e+04 7.277471923828125000e+02
2.500573439999999755e+04 7.277482299804687500e+02
2.500575360000000001e+04 7.277492065429687500e+02
2.500577279999999882e+04 7.277507324218750000e+02
2.500579200000000128e+04 7.277521972656250000e+02
2.500581120000000010e+04 7.277537231445312500e+02
2.500583039999999528e+04 7.277552490234375000e+02
2.500584959999999774e+04 7.277567749023437500e+02
2.500586879999999655e+04 7.277579956054687500e+02
2.500588799999999901e+04 7.277592773437500000e+02
2.500590719999999783e+04 7.277604980468750000e+02
2.500592639999999665e+04 7.277617797851562500e+02
2.500594559999999910e+04 7.277631835937500000e+02
2.500596479999999792e+04 7.277646484375000000e+02
2.500598400000000038e+04 7.277660522460937500e+02
2.500600319999999920e+04 7.277674560546875000e+02
2.500602239999999802e+04 7.277689208984375000e+02
2.500604160000000047e+04 7.277703247070312500e+02
2.500606079999999929e+04 7.277717285156250000e+02
2.500608000000000175e+04 7.277731933593750000e+02
2.500609919999999693e+04 7.277745971679687500e+02
2.500611839999999575e+04 7.277761840820312500e+02
2.500613759999999820e+04 7.277777099609375000e+02
2.500615679999999702e+04 7.277792358398437500e+02
2.500617599999999948e+04 7.277808227539062500e+02
2.500619519999999829e+04 7.277827148437500000e+02
2.500621439999999711e+04 7.277846679687500000e+02
2.500623359999999957e+04 7.277865600585937500e+02
2.500625279999999839e+04 7.277885131835937500e+02
2.500627200000000084e+04 7.277905883789062500e+02
2.500629119999999966e+04 7.277927246093750000e+02
2.500631039999999848e+04 7.277947998046875000e+02
2.500632960000000094e+04 7.277969360351562500e+02
2.500634879999999612e+04 7.277984008789062500e+02
2.500636799999999857e+04 7.277998657226562500e+02
2.500638719999999739e+04 7.278013916015625000e+02
2.500640639999999621e+04 7.278028564453125000e+02
2.500642559999999867e+04 7.278043212890625000e+02
2.500644479999999749e+04 7.278026123046875000e+02
2.500646399999999994e+04 7.278008422851562500e+02
2.500648319999999876e+04 7.277992553710937500e+02
2.500650239999999758e+04 7.277979125976562500e+02
2.500652160000000003e+04 7.277919311523437500e+02
2.500654079999999885e+04 7.277780761718750000e+02
2.500656000000000131e+04 7.277639770507812500e+02
2.500657920000000013e+04 7.277503051757812500e+02
2.500659839999999531e+04 7.277363891601562500e+02
2.500661759999999776e+04 7.277283935546875000e+02
2.500663679999999658e+04 7.277201538085937500e+02
2.500665599999999904e+04 7.277120971679687500e+02
2.500667519999999786e+04 7.277038574218750000e+02
2.500669439999999668e+04 7.277053222656250000e+02
2.500671359999999913e+04 7.277062988281250000e+02
2.500673279999999795e+04 7.277073364257812500e+02
2.500675200000000041e+04 7.277083129882812500e+02
2.500677119999999923e+04 7.277098388671875000e+02
2.500679039999999804e+04 7.277113037109375000e+02
2.500680960000000050e+04 7.277128295898437500e+02
2.500682879999999932e+04 7.277143554687500000e+02
2.500684800000000178e+04 7.277158813476562500e+02
2.500686719999999696e+04 7.277171020507812500e+02
2.500688639999999577e+04 7.277183837890625000e+02
2.500690559999999823e+04 7.277196044921875000e+02
2.500692479999999705e+04 7.277208862304687500e+02
2.500694399999999951e+04 7.277222900390625000e+02
2.500696319999999832e+04 7.277236938476562500e+02
2.500698239999999714e+04 7.277251586914062500e+02
2.500700159999999960e+04 7.277265625000000000e+02
2.500702079999999842e+04 7.277280273437500000e+02
2.500704000000000087e+04 7.277294311523437500e+02
2.500705919999999969e+04 7.277308349609375000e+02
2.500707839999999851e+04 7.277322998046875000e+02
2.500709760000000097e+04 7.277337036132812500e+02
2.500711679999999615e+04 7.277352905273437500e+02
2.500713599999999860e+04 7.277368164062500000e+02
2.500715519999999742e+04 7.277383422851562500e+02
2.500717439999999624e+04 7.277398681640625000e+02
2.500719359999999870e+04 7.277418212890625000e+02
2.500721279999999751e+04 7.277437744140625000e+02
2.500723199999999997e+04 7.277456665039062500e+02
2.500725119999999879e+04 7.277476196289062500e+02
2.500727039999999761e+04 7.277496948242187500e+02
2.500728960000000006e+04 7.277518310546875000e+02
2.500730879999999888e+04 7.277539062500000000e+02
2.500732800000000134e+04 7.277560424804687500e+02
2.500734720000000016e+04 7.277581176757812500e+02
2.500736639999999534e+04 7.277596435546875000e+02
2.500738559999999779e+04 7.277611083984375000e+02
2.500740479999999661e+04 7.277625732421875000e+02
2.500742399999999907e+04 7.277640380859375000e+02
2.500744319999999789e+04 7.277623901367187500e+02
2.500746239999999671e+04 7.277607421875000000e+02
2.500748159999999916e+04 7.277590942382812500e+02
2.500750079999999798e+04 7.277577514648437500e+02
2.500752000000000044e+04 7.277528686523437500e+02
2.500753919999999925e+04 7.277390136718750000e+02
2.500755839999999807e+04 7.277248535156250000e+02
2.500757760000000053e+04 7.277112426757812500e+02
2.500759679999999935e+04 7.276973266601562500e+02
2.500761600000000180e+04 7.276893310546875000e+02
2.500763519999999698e+04 7.276810302734375000e+02
2.500765439999999580e+04 7.276729736328125000e+02
2.500767359999999826e+04 7.276647338867187500e+02
2.500769279999999708e+04 7.276661987304687500e+02
2.500771199999999953e+04 7.276672363281250000e+02
2.500773119999999835e+04 7.276682128906250000e+02
2.500775039999999717e+04 7.276692504882812500e+02
2.500776959999999963e+04 7.276707153320312500e+02
2.500778879999999845e+04 7.276722412109375000e+02
2.500780800000000090e+04 7.276737060546875000e+02
2.500782719999999972e+04 7.276752319335937500e+02
2.500784639999999854e+04 7.276767578125000000e+02
2.500786560000000100e+04 7.276779785156250000e+02
2.500788479999999618e+04 7.276792602539062500e+02
2.500790399999999863e+04 7.276805419921875000e+02
2.500792319999999745e+04 7.276817626953125000e+02
2.500794239999999627e+04 7.276832275390625000e+02
2.500796159999999873e+04 7.276846313476562500e+02
2.500798079999999754e+04 7.276860351562500000e+02
2.500800000000000000e+04 7.276875000000000000e+02
2.500801919999999882e+04 7.276889038085937500e+02
2.500803839999999764e+04 7.276903076171875000e+02
2.500805760000000009e+04 7.276917724609375000e+02
2.500807679999999891e+04 7.276931762695312500e+02
2.500809600000000137e+04 7.276946411132812500e+02
2.500811520000000019e+04 7.276961669921875000e+02
2.500813439999999537e+04 7.276976928710937500e+02
2.500815359999999782e+04 7.276992797851562500e+02
2.500817279999999664e+04 7.277008056640625000e+02
2.500819199999999910e+04 7.277027587890625000e+02
2.500821119999999792e+04 7.277046508789062500e+02
2.500823039999999673e+04 7.277066040039062500e+02
2.500824959999999919e+04 7.277084960937500000e+02
2.500826879999999801e+04 7.277106323242187500e+02
2.500828800000000047e+04 7.277127075195312500e+02
2.500830719999999928e+04 7.277148437500000000e+02
2.500832639999999810e+04 7.277169189453125000e+02
2.500834560000000056e+04 7.277190551757812500e+02
2.500836479999999938e+04 7.277205200195312500e+02
2.500838399999999820e+04 7.277220458984375000e+02
2.500840319999999701e+04 7.277235107421875000e+02
2.500842239999999583e+04 7.277249755859375000e+02
2.500844159999999829e+04 7.277232666015625000e+02
2.500846079999999711e+04 7.277216796875000000e+02
2.500847999999999956e+04 7.277200317382812500e+02
2.500849919999999838e+04 7.277186889648437500e+02
2.500851839999999720e+04 7.277138061523437500e+02
2.500853759999999966e+04 7.276999511718750000e+02
2.500855679999999847e+04 7.276857910156250000e+02
2.500857600000000093e+04 7.276721191406250000e+02
2.500859519999999975e+04 7.276582031250000000e+02
2.500861439999999857e+04 7.276502075195312500e+02
2.500863360000000102e+04 7.276419067382812500e+02
2.500865279999999620e+04 7.276338500976562500e+02
2.500867199999999866e+04 7.276256103515625000e+02
2.500869119999999748e+04 7.276270751953125000e+02
2.500871039999999630e+04 7.276281127929687500e+02
2.500872959999999875e+04 7.276290893554687500e+02
2.500874879999999757e+04 7.276300659179687500e+02
2.500876800000000003e+04 7.276315917968750000e+02
2.500878719999999885e+04 7.276331176757812500e+02
2.500880639999999767e+04 7.276345825195312500e+02
2.500882560000000012e+04 7.276361083984375000e+02
2.500884479999999894e+04 7.276376342773437500e+02
2.500886400000000140e+04 7.276389160156250000e+02
2.500888320000000022e+04 7.276401367187500000e+02
2.500890239999999540e+04 7.276414184570312500e+02
2.500892159999999785e+04 7.276427001953125000e+02
2.500894079999999667e+04 7.276441040039062500e+02
2.500895999999999913e+04 7.276455078125000000e+02
2.500897919999999795e+04 7.276469116210937500e+02
2.500899839999999676e+04 7.276483764648437500e+02
2.500901759999999922e+04 7.276497802734375000e+02
2.500903679999999804e+04 7.276512451171875000e+02
2.500905600000000049e+04 7.276526489257812500e+02
2.500907519999999931e+04 7.276540527343750000e+02
2.500909439999999813e+04 7.276555175781250000e+02
2.500911360000000059e+04 7.276570434570312500e+02
2.500913279999999941e+04 7.276586303710937500e+02
2.500915199999999822e+04 7.276601562500000000e+02
2.500917119999999704e+04 7.276616821289062500e+02
2.500919039999999586e+04 7.276636352539062500e+02
2.500920959999999832e+04 7.276655273437500000e+02
2.500922879999999714e+04 7.276674804687500000e+02
2.500924799999999959e+04 7.276693725585937500e+02
2.500926719999999841e+04 7.276715087890625000e+02
2.500928639999999723e+04 7.276736450195312500e+02
2.500930559999999969e+04 7.276757202148437500e+02
2.500932479999999850e+04 7.276778564453125000e+02
2.500934400000000096e+04 7.276799316406250000e+02
2.500936319999999978e+04 7.276814575195312500e+02
2.500938239999999860e+04 7.276829223632812500e+02
2.500940159999999742e+04 7.276843872070312500e+02
2.500942079999999623e+04 7.276858520507812500e+02
2.500943999999999869e+04 7.276842041015625000e+02
2.500945919999999751e+04 7.276825561523437500e+02
2.500947839999999633e+04 7.276809082031250000e+02
2.500949759999999878e+04 7.276795654296875000e+02
2.500951679999999760e+04 7.276746826171875000e+02
2.500953600000000006e+04 7.276608276367187500e+02
2.500955519999999888e+04 7.276466674804687500e+02
2.500957439999999769e+04 7.276329956054687500e+02
2.500959360000000015e+04 7.276190185546875000e+02
2.500961279999999897e+04 7.276110839843750000e+02
2.500963200000000143e+04 7.276027221679687500e+02
2.500965120000000024e+04 7.275947265625000000e+02
2.500967039999999542e+04 7.275864257812500000e+02
2.500968959999999788e+04 7.275878906250000000e+02
2.500970879999999670e+04 7.275889282226562500e+02
2.500972799999999916e+04 7.275899047851562500e+02
2.500974719999999797e+04 7.275909423828125000e+02
2.500976639999999679e+04 7.275919189453125000e+02
2.500978559999999925e+04 7.275934448242187500e+02
2.500980479999999807e+04 7.275949096679687500e+02
2.500982400000000052e+04 7.275964355468750000e+02
2.500984319999999934e+04 7.275979614257812500e+02
2.500986239999999816e+04 7.275991821289062500e+02
2.500988160000000062e+04 7.276004638671875000e+02
2.500990079999999944e+04 7.276017456054687500e+02
2.500991999999999825e+04 7.276029663085937500e+02
2.500993919999999707e+04 7.276044311523437500e+02
2.500995839999999589e+04 7.276058349609375000e+02
2.500997759999999835e+04 7.276072387695312500e+02
2.500999679999999717e+04 7.276087036132812500e+02
2.501001599999999962e+04 7.277172851562500000e+02
2.501003519999999844e+04 7.277187500000000000e+02
2.501005439999999726e+04 7.277201538085937500e+02
2.501007359999999971e+04 7.277216186523437500e+02
2.501009279999999853e+04 7.277230224609375000e+02
2.501011200000000099e+04 7.277245483398437500e+02
2.501013119999999981e+04 7.277261352539062500e+02
2.501015039999999863e+04 7.277276611328125000e+02
2.501016959999999744e+04 7.277291870117187500e+02
2.501018879999999626e+04 7.277311401367187500e+02
2.501020799999999872e+04 7.277330322265625000e+02
2.501022719999999754e+04 7.277349853515625000e+02
2.501024639999999636e+04 7.277369384765625000e+02
2.501026559999999881e+04 7.277388305664062500e+02
2.501028479999999763e+04 7.277409667968750000e+02
2.501030400000000009e+04 7.277430419921875000e+02
2.501032319999999891e+04 7.277451782226562500e+02
2.501034239999999772e+04 7.277472534179687500e+02
2.501036160000000018e+04 7.277487792968750000e+02
2.501038079999999900e+04 7.277502441406250000e+02
2.501040000000000146e+04 7.277517089843750000e+02
2.501041919999999664e+04 7.277532348632812500e+02
2.501043839999999545e+04 7.277515258789062500e+02
2.501045759999999791e+04 7.277498779296875000e+02
2.501047679999999673e+04 7.277482299804687500e+02
2.501049599999999919e+04 7.277468872070312500e+02
2.501051519999999800e+04 7.277409667968750000e+02
2.501053439999999682e+04 7.277270507812500000e+02
2.501055359999999928e+04 7.277129516601562500e+02
2.501057279999999810e+04 7.276992797851562500e+02
2.501059200000000055e+04 7.276853637695312500e+02
2.501061119999999937e+04 7.276773681640625000e+02
2.501063039999999819e+04 7.276690673828125000e+02
2.501064960000000065e+04 7.276610107421875000e+02
2.501066879999999946e+04 7.276527099609375000e+02
2.501068799999999828e+04 7.276542358398437500e+02
2.501070719999999710e+04 7.276552124023437500e+02
2.501072639999999592e+04 7.276561889648437500e+02
2.501074559999999838e+04 7.276572265625000000e+02
2.501076479999999719e+04 7.276582031250000000e+02
2.501078399999999965e+04 7.276597290039062500e+02
2.501080319999999847e+04 7.276611938476562500e+02
2.501082239999999729e+04 7.276627197265625000e+02
2.501084159999999974e+04 7.276642456054687500e+02
2.501086079999999856e+04 7.276654663085937500e+02
2.501088000000000102e+04 7.276667480468750000e+02
2.501089919999999984e+04 7.276680297851562500e+02
2.501091839999999866e+04 7.276692504882812500e+02
2.501093759999999747e+04 7.276707153320312500e+02
2.501095679999999629e+04 7.276721191406250000e+02
2.501097599999999875e+04 7.276735229492187500e+02
2.501099519999999757e+04 7.276749877929687500e+02
2.501101439999999639e+04 7.276763916015625000e+02
2.501103359999999884e+04 7.276778564453125000e+02
2.501105279999999766e+04 7.276792602539062500e+02
2.501107200000000012e+04 7.276807250976562500e+02
2.501109119999999893e+04 7.276821289062500000e+02
2.501111039999999775e+04 7.276836547851562500e+02
2.501112960000000021e+04 7.276852416992187500e+02
2.501114879999999903e+04 7.276867675781250000e+02
2.501116800000000148e+04 7.276882934570312500e+02
2.501118719999999666e+04 7.276902465820312500e+02
2.501120639999999548e+04 7.276921386718750000e+02
2.501122559999999794e+04 7.276940917968750000e+02
2.501124479999999676e+04 7.276959838867187500e+02
2.501126399999999921e+04 7.276979370117187500e+02
2.501128319999999803e+04 7.277000732421875000e+02
2.501130239999999685e+04 7.277021484375000000e+02
2.501132159999999931e+04 7.277042846679687500e+02
2.501134079999999813e+04 7.277063598632812500e+02
2.501136000000000058e+04 7.277078857421875000e+02
2.501137919999999940e+04 7.277093505859375000e+02
2.501139839999999822e+04 7.277108154296875000e+02
2.501141760000000068e+04 7.277122802734375000e+02
2.501143679999999949e+04 7.277106323242187500e+02
2.501145599999999831e+04 7.277089843750000000e+02
2.501147519999999713e+04 7.277073364257812500e+02
2.501149439999999595e+04 7.277059936523437500e+02
2.501151359999999841e+04 7.277045288085937500e+02
2.501153279999999722e+04 7.276931762695312500e+02
2.501155199999999968e+04 7.276793212890625000e+02
2.501157119999999850e+04 7.276652832031250000e+02
2.501159039999999732e+04 7.276515502929687500e+02
2.501160959999999977e+04 7.276433715820312500e+02
2.501162879999999859e+04 7.276351318359375000e+02
2.501164800000000105e+04 7.276270141601562500e+02
2.501166719999999987e+04 7.276187744140625000e+02
2.501168639999999868e+04 7.276201782226562500e+02
2.501170559999999750e+04 7.276212158203125000e+02
2.501172479999999632e+04 7.276221923828125000e+02
2.501174399999999878e+04 7.276232299804687500e+02
2.501176319999999760e+04 7.276242065429687500e+02
2.501178239999999641e+04 7.276257324218750000e+02
2.501180159999999887e+04 7.276271972656250000e+02
2.501182079999999769e+04 7.276287231445312500e+02
2.501184000000000015e+04 7.276302490234375000e+02
2.501185919999999896e+04 7.276314697265625000e+02
2.501187839999999778e+04 7.276327514648437500e+02
2.501189760000000024e+04 7.276340332031250000e+02
2.501191679999999906e+04 7.276352539062500000e+02
2.501193600000000151e+04 7.276367187500000000e+02
2.501195519999999669e+04 7.276381225585937500e+02
2.501197439999999551e+04 7.276395263671875000e+02
2.501199359999999797e+04 7.276409912109375000e+02
2.501201279999999679e+04 7.276423950195312500e+02
2.501203199999999924e+04 7.276437988281250000e+02
2.501205119999999806e+04 7.276452636718750000e+02
2.501207039999999688e+04 7.276466674804687500e+02
2.501208959999999934e+04 7.276481323242187500e+02
2.501210879999999815e+04 7.276496582031250000e+02
2.501212800000000061e+04 7.276512451171875000e+02
2.501214719999999943e+04 7.276527709960937500e+02
2.501216639999999825e+04 7.276542968750000000e+02
2.501218560000000070e+04 7.276562500000000000e+02
2.501220479999999588e+04 7.276581420898437500e+02
2.501222399999999834e+04 7.276600952148437500e+02
2.501224319999999716e+04 7.276619873046875000e+02
2.501226239999999598e+04 7.276639404296875000e+02
2.501228159999999843e+04 7.276660766601562500e+02
2.501230079999999725e+04 7.276681518554687500e+02
2.501231999999999971e+04 7.276702880859375000e+02
2.501233919999999853e+04 7.276723632812500000e+02
2.501235839999999735e+04 7.276738891601562500e+02
2.501237759999999980e+04 7.276753540039062500e+02
2.501239679999999862e+04 7.276768188476562500e+02
2.501241600000000108e+04 7.276782836914062500e+02
2.501243519999999990e+04 7.276766357421875000e+02
2.501245439999999871e+04 7.276749877929687500e+02
2.501247359999999753e+04 7.276733398437500000e+02
2.501249279999999635e+04 7.276719970703125000e+02
2.501251199999999881e+04 7.276705322265625000e+02
2.501253119999999763e+04 7.276591186523437500e+02
2.501255039999999644e+04 7.276452636718750000e+02
2.501256959999999890e+04 7.276312255859375000e+02
2.501258879999999772e+04 7.276175537109375000e+02
2.501260800000000017e+04 7.276093750000000000e+02
2.501262719999999899e+04 7.276010742187500000e+02
2.501264639999999781e+04 7.275929565429687500e+02
2.501266560000000027e+04 7.275847167968750000e+02
2.501268479999999909e+04 7.275765991210937500e+02
2.501270400000000154e+04 7.275780029296875000e+02
2.501272319999999672e+04 7.275789794921875000e+02
2.501274239999999554e+04 7.275800170898437500e+02
2.501276159999999800e+04 7.275809936523437500e+02
2.501278079999999682e+04 7.275825195312500000e+02
2.501279999999999927e+04 7.275839843750000000e+02
2.501281919999999809e+04 7.275855102539062500e+02
2.501283839999999691e+04 7.275870361328125000e+02
2.501285759999999937e+04 7.275882568359375000e+02
2.501287679999999818e+04 7.275895385742187500e+02
2.501289600000000064e+04 7.275908203125000000e+02
2.501291519999999946e+04 7.275920410156250000e+02
2.501293439999999828e+04 7.275935058593750000e+02
2.501295360000000073e+04 7.275949096679687500e+02
2.501297279999999591e+04 7.275963134765625000e+02
2.501299199999999837e+04 7.275977783203125000e+02
2.501301119999999719e+04 7.275991821289062500e+02
2.501303039999999601e+04 7.276005859375000000e+02
2.501304959999999846e+04 7.276020507812500000e+02
2.501306879999999728e+04 7.276034545898437500e+02
2.501308799999999974e+04 7.276049194335937500e+02
2.501310719999999856e+04 7.276064453125000000e+02
2.501312639999999737e+04 7.276080322265625000e+02
2.501314559999999983e+04 7.276095581054687500e+02
2.501316479999999865e+04 7.276110839843750000e+02
2.501318400000000111e+04 7.276130371093750000e+02
2.501320319999999992e+04 7.276149291992187500e+02
2.501322239999999510e+04 7.276168823242187500e+02
2.501324159999999756e+04 7.276187744140625000e+02
2.501326079999999638e+04 7.276207275390625000e+02
2.501327999999999884e+04 7.276228637695312500e+02
2.501329919999999765e+04 7.276249389648437500e+02
2.501331839999999647e+04 7.276270751953125000e+02
2.501333759999999893e+04 7.276291503906250000e+02
2.501335679999999775e+04 7.276306762695312500e+02
2.501337600000000020e+04 7.276321411132812500e+02
2.501339519999999902e+04 7.276336059570312500e+02
2.501341439999999784e+04 7.276351318359375000e+02
2.501343360000000030e+04 7.276334228515625000e+02
2.501345279999999912e+04 7.276317749023437500e+02
2.501347200000000157e+04 7.276301269531250000e+02
2.501349119999999675e+04 7.276287841796875000e+02
2.501351039999999557e+04 7.276273193359375000e+02
2.501352959999999803e+04 7.276159057617187500e+02
2.501354879999999685e+04 7.276020507812500000e+02
2.501356799999999930e+04 7.275880126953125000e+02
2.501358719999999812e+04 7.275742797851562500e+02
2.501360639999999694e+04 7.275661010742187500e+02
2.501362559999999939e+04 7.275578002929687500e+02
2.501364479999999821e+04 7.275496826171875000e+02
2.501366400000000067e+04 7.275414428710937500e+02
2.501368319999999949e+04 7.275333251953125000e+02
2.501370239999999831e+04 7.275346679687500000e+02
2.501372160000000076e+04 7.275357055664062500e+02
2.501374079999999594e+04 7.275366821289062500e+02
2.501375999999999840e+04 7.275377197265625000e+02
2.501377919999999722e+04 7.275391845703125000e+02
2.501379839999999604e+04 7.275407104492187500e+02
2.501381759999999849e+04 7.275422363281250000e+02
2.501383679999999731e+04 7.275437622070312500e+02
2.501385599999999977e+04 7.275449829101562500e+02
2.501387519999999859e+04 7.275462646484375000e+02
2.501389439999999740e+04 7.275475463867187500e+02
2.501391359999999986e+04 7.275487670898437500e+02
2.501393279999999868e+04 7.275500488281250000e+02
2.501395200000000114e+04 7.275514526367187500e+02
2.501397119999999995e+04 7.275529174804687500e+02
2.501399039999999513e+04 7.275543212890625000e+02
2.501400959999999759e+04 7.275557861328125000e+02
2.501402879999999641e+04 7.275571899414062500e+02
2.501404799999999886e+04 7.275585937500000000e+02
2.501406719999999768e+04 7.275600585937500000e+02
2.501408639999999650e+04 7.275614624023437500e+02
2.501410559999999896e+04 7.275630493164062500e+02
2.501412479999999778e+04 7.275645751953125000e+02
2.501414400000000023e+04 7.275661010742187500e+02
2.501416319999999905e+04 7.275676879882812500e+02
2.501418239999999787e+04 7.275695800781250000e+02
2.501420160000000033e+04 7.275715332031250000e+02
2.501422079999999914e+04 7.275734252929687500e+02
2.501424000000000160e+04 7.275753784179687500e+02
2.501425919999999678e+04 7.275773315429687500e+02
2.501427839999999560e+04 7.275794067382812500e+02
2.501429759999999806e+04 7.275815429687500000e+02
2.501431679999999687e+04 7.275836181640625000e+02
2.501433599999999933e+04 7.275857543945312500e+02
2.501435519999999815e+04 7.275872192382812500e+02
2.501437439999999697e+04 7.275887451171875000e+02
2.501439359999999942e+04 7.275902099609375000e+02
2.501441279999999824e+04 7.275916748046875000e+02
2.501443200000000070e+04 7.275931396484375000e+02
2.501445119999999952e+04 7.275914306640625000e+02
2.501447039999999834e+04 7.275896606445312500e+02
2.501448960000000079e+04 7.275883178710937500e+02
2.501450879999999597e+04 7.275867919921875000e+02
2.501452799999999843e+04 7.275809326171875000e+02
2.501454719999999725e+04 7.275669555664062500e+02
2.501456639999999607e+04 7.275528564453125000e+02
2.501458559999999852e+04 7.275391235351562500e+02
2.501460479999999734e+04 7.275308837890625000e+02
2.501462399999999980e+04 7.275226440429687500e+02
2.501464319999999861e+04 7.275144653320312500e+02
2.501466239999999743e+04 7.275062255859375000e+02
2.501468159999999989e+04 7.274980468750000000e+02
2.501470079999999871e+04 7.274994506835937500e+02
2.501472000000000116e+04 7.275004272460937500e+02
2.501473919999999998e+04 7.275014648437500000e+02
2.501475839999999516e+04 7.275024414062500000e+02
2.501477759999999762e+04 7.275039672851562500e+02
2.501479679999999644e+04 7.275054321289062500e+02
2.501481599999999889e+04 7.275069580078125000e+02
2.501483519999999771e+04 7.275084838867187500e+02
2.501485439999999653e+04 7.275097045898437500e+02
2.501487359999999899e+04 7.275109863281250000e+02
2.501489279999999781e+04 7.275122680664062500e+02
2.501491200000000026e+04 7.275134887695312500e+02
2.501493119999999908e+04 7.275147705078125000e+02
2.501495039999999790e+04 7.275161743164062500e+02
2.501496960000000036e+04 7.275176391601562500e+02
2.501498879999999917e+04 7.275190429687500000e+02
2.501500800000000163e+04 7.275205078125000000e+02
2.501502719999999681e+04 7.275219116210937500e+02
2.501504639999999563e+04 7.275233154296875000e+02
2.501506559999999808e+04 7.275247802734375000e+02
2.501508479999999690e+04 7.275261840820312500e+02
2.501510399999999936e+04 7.275276489257812500e+02
2.501512319999999818e+04 7.275291748046875000e+02
2.501514239999999700e+04 7.275307617187500000e+02
2.501516159999999945e+04 7.275322875976562500e+02
2.501518079999999827e+04 7.275338134765625000e+02
2.501520000000000073e+04 7.275357666015625000e+02
2.501521919999999955e+04 7.275376586914062500e+02
2.501523839999999836e+04 7.275396118164062500e+02
2.501525760000000082e+04 7.275415649414062500e+02
2.501527679999999600e+04 7.275436401367187500e+02
2.501529599999999846e+04 7.275457763671875000e+02
2.501531519999999728e+04 7.275478515625000000e+02
2.501533439999999609e+04 7.275499877929687500e+02
2.501535359999999855e+04 7.275514526367187500e+02
2.501537279999999737e+04 7.275529785156250000e+02
2.501539199999999983e+04 7.275544433593750000e+02
2.501541119999999864e+04 7.275559082031250000e+02
2.501543039999999746e+04 7.275573730468750000e+02
2.501544959999999992e+04 7.275556640625000000e+02
2.501546879999999874e+04 7.275538940429687500e+02
2.501548800000000119e+04 7.275525512695312500e+02
2.501550720000000001e+04 7.275510864257812500e+02
2.501552639999999519e+04 7.275447998046875000e+02
2.501554559999999765e+04 7.275308837890625000e+02
2.501556479999999647e+04 7.275167236328125000e+02
2.501558399999999892e+04 7.275029907226562500e+02
2.501560319999999774e+04 7.274947509765625000e+02
2.501562239999999656e+04 7.274865112304687500e+02
2.501564159999999902e+04 7.274783325195312500e+02
2.501566079999999783e+04 7.274701538085937500e+02
2.501568000000000029e+04 7.274619140625000000e+02
2.501569919999999911e+04 7.274633178710937500e+02
2.501571839999999793e+04 7.274642944335937500e+02
2.501573760000000038e+04 7.274653320312500000e+02
2.501575679999999920e+04 7.274663085937500000e+02
2.501577600000000166e+04 7.274678344726562500e+02
2.501579519999999684e+04 7.274693603515625000e+02
2.501581439999999566e+04 7.274708251953125000e+02
2.501583359999999811e+04 7.274723510742187500e+02
2.501585279999999693e+04 7.274736328125000000e+02
2.501587199999999939e+04 7.274748535156250000e+02
2.501589119999999821e+04 7.274761352539062500e+02
2.501591039999999703e+04 7.274774169921875000e+02
2.501592959999999948e+04 7.274786987304687500e+02
2.501594879999999830e+04 7.274801025390625000e+02
2.501596800000000076e+04 7.274815063476562500e+02
2.501598719999999958e+04 7.274829711914062500e+02
2.501600639999999839e+04 7.274843750000000000e+02
2.501602560000000085e+04 7.274858398437500000e+02
2.501604479999999603e+04 7.274872436523437500e+02
2.501606399999999849e+04 7.274886474609375000e+02
2.501608319999999730e+04 7.274901123046875000e+02
2.501610239999999612e+04 7.274915161132812500e+02
2.501612159999999858e+04 7.274931030273437500e+02
2.501614079999999740e+04 7.274946289062500000e+02
2.501615999999999985e+04 7.274962158203125000e+02
2.501617919999999867e+04 7.274977416992187500e+02
2.501619839999999749e+04 7.274996948242187500e+02
2.501621759999999995e+04 7.275015869140625000e+02
2.501623679999999877e+04 7.275035400390625000e+02
2.501625600000000122e+04 7.275054321289062500e+02
2.501627520000000004e+04 7.275075683593750000e+02
2.501629439999999522e+04 7.275096435546875000e+02
2.501631359999999768e+04 7.275117797851562500e+02
2.501633279999999650e+04 7.275139160156250000e+02
2.501635199999999895e+04 7.275153808593750000e+02
2.501637119999999777e+04 7.275168457031250000e+02
2.501639039999999659e+04 7.275183715820312500e+02
2.501640959999999905e+04 7.275198364257812500e+02
2.501642879999999786e+04 7.275213012695312500e+02
2.501644800000000032e+04 7.275195922851562500e+02
2.501646719999999914e+04 7.275178222656250000e+02
2.501648639999999796e+04 7.275164794921875000e+02
2.501650560000000041e+04 7.275149536132812500e+02
2.501652479999999923e+04 7.275086669921875000e+02
2.501654400000000169e+04 7.274946899414062500e+02
2.501656319999999687e+04 7.274805908203125000e+02
2.501658239999999569e+04 7.274668579101562500e+02
2.501660159999999814e+04 7.274586181640625000e+02
2.501662079999999696e+04 7.274503784179687500e+02
2.501663999999999942e+04 7.274421386718750000e+02
2.501665919999999824e+04 7.274339599609375000e+02
2.501667839999999705e+04 7.274257812500000000e+02
2.501669759999999951e+04 7.274271240234375000e+02
2.501671679999999833e+04 7.274281616210937500e+02
2.501673600000000079e+04 7.274291381835937500e+02
2.501675519999999960e+04 7.274301757812500000e+02
2.501677439999999842e+04 7.274316406250000000e+02
2.501679360000000088e+04 7.274331665039062500e+02
2.501681279999999606e+04 7.274346923828125000e+02
2.501683199999999852e+04 7.274361572265625000e+02
2.501685119999999733e+04 7.274376831054687500e+02
2.501687039999999615e+04 7.274389648437500000e+02
2.501688959999999861e+04 7.274402465820312500e+02
2.501690879999999743e+04 7.274414672851562500e+02
2.501692799999999988e+04 7.274427490234375000e+02
2.501694719999999870e+04 7.274441528320312500e+02
2.501696639999999752e+04 7.274456176757812500e+02
2.501698559999999998e+04 7.274470214843750000e+02
2.501700479999999880e+04 7.274484863281250000e+02
2.501702400000000125e+04 7.274498901367187500e+02
2.501704320000000007e+04 7.274512939453125000e+02
2.501706239999999525e+04 7.274527587890625000e+02
2.501708159999999771e+04 7.274541625976562500e+02
2.501710079999999653e+04 7.274556274414062500e+02
2.501711999999999898e+04 7.274571533203125000e+02
2.501713919999999780e+04 7.274587402343750000e+02
2.501715839999999662e+04 7.274602661132812500e+02
2.501717759999999907e+04 7.274617919921875000e+02
2.501719679999999789e+04 7.274637451171875000e+02
2.501721600000000035e+04 7.274656982421875000e+02
2.501723519999999917e+04 7.274675903320312500e+02
2.501725439999999799e+04 7.274695434570312500e+02
2.501727360000000044e+04 7.274716186523437500e+02
2.501729279999999926e+04 7.274737548828125000e+02
2.501731200000000172e+04 7.274758911132812500e+02
2.501733119999999690e+04 7.274779663085937500e+02
2.501735039999999572e+04 7.274794921875000000e+02
2.501736959999999817e+04 7.274809570312500000e+02
2.501738879999999699e+04 7.274824218750000000e+02
2.501740799999999945e+04 7.274838867187500000e+02
2.501742719999999827e+04 7.274854125976562500e+02
2.501744639999999708e+04 7.274837036132812500e+02
2.501746559999999954e+04 7.274818725585937500e+02
2.501748479999999836e+04 7.274804687500000000e+02
2.501750400000000081e+04 7.274790039062500000e+02
2.501752319999999963e+04 7.274729003906250000e+02
2.501754239999999845e+04 7.274589233398437500e+02
2.501756160000000091e+04 7.274447631835937500e+02
2.501758079999999609e+04 7.274310302734375000e+02
2.501759999999999854e+04 7.274171142578125000e+02
2.501761919999999736e+04 7.274090576171875000e+02
2.501763839999999618e+04 7.274006958007812500e+02
2.501765759999999864e+04 7.273926391601562500e+02
2.501767679999999746e+04 7.273843383789062500e+02
2.501769599999999991e+04 7.273858032226562500e+02
2.501771519999999873e+04 7.273868408203125000e+02
2.501773439999999755e+04 7.273878173828125000e+02
2.501775360000000001e+04 7.273888549804687500e+02
2.501777279999999882e+04 7.273903198242187500e+02
2.501779200000000128e+04 7.273918457031250000e+02
2.501781120000000010e+04 7.273933715820312500e+02
2.501783039999999528e+04 7.273948974609375000e+02
2.501784959999999774e+04 7.273964233398437500e+02
2.501786879999999655e+04 7.273976440429687500e+02
2.501788799999999901e+04 7.273989257812500000e+02
2.501790719999999783e+04 7.274002075195312500e+02
2.501792639999999665e+04 7.274014282226562500e+02
2.501794559999999910e+04 7.274028930664062500e+02
2.501796479999999792e+04 7.274042968750000000e+02
2.501798400000000038e+04 7.274057006835937500e+02
2.501800319999999920e+04 7.274071655273437500e+02
2.501802239999999802e+04 7.274085693359375000e+02
2.501804160000000047e+04 7.274100341796875000e+02
2.501806079999999929e+04 7.274114379882812500e+02
2.501808000000000175e+04 7.274129028320312500e+02
2.501809919999999693e+04 7.274143066406250000e+02
2.501811839999999575e+04 7.274158935546875000e+02
2.501813759999999820e+04 7.274174194335937500e+02
2.501815679999999702e+04 7.274189453125000000e+02
2.501817599999999948e+04 7.274205322265625000e+02
2.501819519999999829e+04 7.274224243164062500e+02
2.501821439999999711e+04 7.274243774414062500e+02
2.501823359999999957e+04 7.274263305664062500e+02
2.501825279999999839e+04 7.274282226562500000e+02
2.501827200000000084e+04 7.274303588867187500e+02
2.501829119999999966e+04 7.274324340820312500e+02
2.501831039999999848e+04 7.274345703125000000e+02
2.501832960000000094e+04 7.274367065429687500e+02
2.501834879999999612e+04 7.274381713867187500e+02
2.501836799999999857e+04 7.274396972656250000e+02
2.501838719999999739e+04 7.274411621093750000e+02
2.501840639999999621e+04 7.274426269531250000e+02
2.501842559999999867e+04 7.274440917968750000e+02
2.501844479999999749e+04 7.274423828125000000e+02
2.501846399999999994e+04 7.274406127929687500e+02
2.501848319999999876e+04 7.274392089843750000e+02
2.501850239999999758e+04 7.274377441406250000e+02
2.501852160000000003e+04 7.274315795898437500e+02
2.501854079999999885e+04 7.274176025390625000e+02
2.501856000000000131e+04 7.274035034179687500e+02
2.501857920000000013e+04 7.273897094726562500e+02
2.501859839999999531e+04 7.273757934570312500e+02
2.501861759999999776e+04 7.273677368164062500e+02
2.501863679999999658e+04 7.273593750000000000e+02
2.501865599999999904e+04 7.273513183593750000e+02
2.501867519999999786e+04 7.273430175781250000e+02
2.501869439999999668e+04 7.273444824218750000e+02
2.501871359999999913e+04 7.273455200195312500e+02
2.501873279999999795e+04 7.273464965820312500e+02
2.501875200000000041e+04 7.273474731445312500e+02
2.501877119999999923e+04 7.273489990234375000e+02
2.501879039999999804e+04 7.273505249023437500e+02
2.501880960000000050e+04 7.273519897460937500e+02
2.501882879999999932e+04 7.273535156250000000e+02
2.501884800000000178e+04 7.273550415039062500e+02
2.501886719999999696e+04 7.273563232421875000e+02
2.501888639999999577e+04 7.273575439453125000e+02
2.501890559999999823e+04 7.273588256835937500e+02
2.501892479999999705e+04 7.273601074218750000e+02
2.501894399999999951e+04 7.273615112304687500e+02
2.501896319999999832e+04 7.273629760742187500e+02
2.501898239999999714e+04 7.273643798828125000e+02
2.501900159999999960e+04 7.273657836914062500e+02
2.501902079999999842e+04 7.273672485351562500e+02
2.501904000000000087e+04 7.273686523437500000e+02
2.501905919999999969e+04 7.273701171875000000e+02
2.501907839999999851e+04 7.273715209960937500e+02
2.501909760000000097e+04 7.273729858398437500e+02
2.501911679999999615e+04 7.273745117187500000e+02
2.501913599999999860e+04 7.273760986328125000e+02
2.501915519999999742e+04 7.273776245117187500e+02
2.501917439999999624e+04 7.273791503906250000e+02
2.501919359999999870e+04 7.273811035156250000e+02
2.501921279999999751e+04 7.273830566406250000e+02
2.501923199999999997e+04 7.273849487304687500e+02
2.501925119999999879e+04 7.273869018554687500e+02
2.501927039999999761e+04 7.273889770507812500e+02
2.501928960000000006e+04 7.273911132812500000e+02
2.501930879999999888e+04 7.273932495117187500e+02
2.501932800000000134e+04 7.273953247070312500e+02
2.501934720000000016e+04 7.273974609375000000e+02
2.501936639999999534e+04 7.273989257812500000e+02
2.501938559999999779e+04 7.274004516601562500e+02
2.501940479999999661e+04 7.274019165039062500e+02
2.501942399999999907e+04 7.274033813476562500e+02
2.501944319999999789e+04 7.274016723632812500e+02
2.501946239999999671e+04 7.274000244140625000e+02
2.501948159999999916e+04 7.273983764648437500e+02
2.501950079999999798e+04 7.273970336914062500e+02
2.501952000000000044e+04 7.273919677734375000e+02
2.501953919999999925e+04 7.273780517578125000e+02
2.501955839999999807e+04 7.273638305664062500e+02
2.501957760000000053e+04 7.273500976562500000e+02
2.501959679999999935e+04 7.273361206054687500e+02
2.501961600000000180e+04 7.273281250000000000e+02
2.501963519999999698e+04 7.273197631835937500e+02
2.501965439999999580e+04 7.273116455078125000e+02
2.501967359999999826e+04 7.273033447265625000e+02
2.501969279999999708e+04 7.273048706054687500e+02
2.501971199999999953e+04 7.273058471679687500e+02
2.501973119999999835e+04 7.273068237304687500e+02
2.501975039999999717e+04 7.273078613281250000e+02
2.501976959999999963e+04 7.273093261718750000e+02
2.501978879999999845e+04 7.273108520507812500e+02
2.501980800000000090e+04 7.273123779296875000e+02
2.501982719999999972e+04 7.273139038085937500e+02
2.501984639999999854e+04 7.273154296875000000e+02
2.501986560000000100e+04 7.273166503906250000e+02
2.501988479999999618e+04 7.273179321289062500e+02
2.501990399999999863e+04 7.273192138671875000e+02
2.501992319999999745e+04 7.273204345703125000e+02
2.501994239999999627e+04 7.273218994140625000e+02
2.501996159999999873e+04 7.273233032226562500e+02
2.501998079999999754e+04 7.273247070312500000e+02
2.502000000000000000e+04 7.274340209960937500e+02
