2.500003199999999924e+04 3.789287090301513672e+00
2.500005119999999806e+04 3.787748098373413086e+00
2.500007039999999688e+04 3.782443523406982422e+00
2.500008959999999934e+04 3.774346113204956055e+00
2.500010879999999815e+04 3.770955801010131836e+00
2.500012800000000061e+04 3.766931533813476562e+00
2.500014719999999943e+04 3.762674570083618164e+00
2.500016639999999825e+04 3.759325742721557617e+00
2.500018560000000070e+04 3.755440473556518555e+00
2.500020479999999588e+04 3.747489690780639648e+00
2.500022399999999834e+04 3.744481563568115234e+00
2.500024319999999716e+04 3.742380619049072266e+00
2.500026239999999598e+04 3.736153602600097656e+00
2.500028159999999843e+04 3.731898307800292969e+00
2.500030079999999725e+04 3.727387189865112305e+00
2.500031999999999971e+04 3.724884271621704102e+00
2.500033919999999853e+04 3.721940994262695312e+00
2.500035839999999735e+04 3.714137077331542969e+00
2.500037759999999980e+04 3.717474699020385742e+00
2.500039679999999862e+04 3.724630117416381836e+00
2.500041600000000108e+04 3.733834743499755859e+00
2.500043519999999990e+04 3.741436719894409180e+00
2.500045439999999871e+04 3.824275493621826172e+00
2.500047359999999753e+04 5.073381900787353516e+00
2.500049279999999635e+04 5.383691787719726562e+00
2.500051199999999881e+04 5.366900920867919922e+00
2.500053119999999763e+04 5.670446395874023438e+00
2.500055039999999644e+04 8.135689735412597656e+00
2.500056959999999890e+04 7.146387577056884766e+00
2.500058879999999772e+04 8.197299003601074219e+00
2.500060800000000017e+04 7.770640850067138672e+00
2.500062719999999899e+04 6.609249114990234375e+00
2.500064639999999781e+04 7.528348445892333984e+00
2.500066560000000027e+04 6.927069187164306641e+00
2.500068479999999909e+04 7.307537555694580078e+00
2.500070400000000154e+04 7.147672653198242188e+00
2.500072319999999672e+04 3.879871606826782227e+00
2.500074239999999554e+04 3.871185302734375000e+00
2.500076159999999800e+04 3.864773035049438477e+00
2.500078079999999682e+04 3.853907346725463867e+00
2.500079999999999927e+04 3.844534873962402344e+00
2.500081919999999809e+04 3.842302799224853516e+00
2.500083839999999691e+04 3.839523315429687500e+00
2.500085759999999937e+04 3.830838441848754883e+00
2.500087679999999818e+04 3.825108289718627930e+00
2.500089600000000064e+04 3.822448015213012695e+00
2.500091519999999946e+04 3.818918228149414062e+00
2.500093439999999828e+04 3.812659740447998047e+00
2.500095360000000073e+04 3.807285070419311523e+00
2.500097279999999591e+04 3.803829193115234375e+00
2.500099199999999837e+04 3.802015781402587891e+00
2.500101119999999719e+04 3.797597646713256836e+00
2.500103039999999601e+04 3.791702508926391602e+00
2.500104959999999846e+04 3.786579847335815430e+00
2.500106879999999728e+04 3.781683444976806641e+00
2.500108799999999974e+04 3.776897192001342773e+00
2.500110719999999856e+04 3.771306037902832031e+00
2.500112639999999737e+04 3.766609907150268555e+00
2.500114559999999983e+04 3.764612436294555664e+00
2.500116479999999865e+04 3.759995460510253906e+00
2.500118400000000111e+04 3.755394220352172852e+00
2.500120319999999992e+04 3.750335931777954102e+00
2.500122239999999510e+04 3.745584487915039062e+00
2.500124159999999756e+04 3.739510536193847656e+00
2.500126079999999638e+04 3.735614061355590820e+00
2.500127999999999884e+04 3.731160879135131836e+00
2.500129919999999765e+04 3.726546525955200195e+00
2.500131839999999647e+04 3.724015474319458008e+00
2.500133759999999893e+04 3.718860387802124023e+00
2.500135679999999775e+04 3.716137409210205078e+00
2.500137600000000020e+04 3.717881441116333008e+00
2.500139519999999902e+04 3.724317312240600586e+00
2.500141439999999784e+04 3.734849214553833008e+00
2.500143360000000030e+04 3.741655111312866211e+00
2.500145279999999912e+04 3.823776245117187500e+00
2.500147200000000157e+04 5.193427562713623047e+00
2.500149119999999675e+04 5.342909812927246094e+00
2.500151039999999557e+04 5.384399414062500000e+00
2.500152959999999803e+04 5.651386737823486328e+00
2.500154879999999685e+04 8.155029296875000000e+00
2.500156799999999930e+04 7.134400367736816406e+00
2.500158719999999812e+04 8.223156929016113281e+00
2.500160639999999694e+04 7.760765552520751953e+00
2.500162559999999939e+04 6.631231784820556641e+00
2.500164479999999821e+04 7.502855300903320312e+00
2.500166400000000067e+04 6.970533370971679688e+00
2.500168319999999949e+04 7.272024154663085938e+00
2.500170239999999831e+04 7.182574272155761719e+00
2.500172160000000076e+04 3.881927967071533203e+00
2.500174079999999594e+04 3.873176336288452148e+00
2.500175999999999840e+04 3.866719007492065430e+00
2.500177919999999722e+04 3.855771780014038086e+00
2.500179839999999604e+04 3.846360206604003906e+00
2.500181759999999849e+04 3.844126462936401367e+00
2.500183679999999731e+04 3.841347455978393555e+00
2.500185599999999977e+04 3.834001541137695312e+00
2.500187519999999859e+04 3.827158689498901367e+00
2.500189439999999740e+04 3.824399471282958984e+00
2.500191359999999986e+04 3.822346687316894531e+00
2.500193279999999868e+04 3.817641258239746094e+00
2.500195200000000114e+04 3.813219308853149414e+00
2.500197119999999995e+04 3.807522535324096680e+00
2.500199039999999513e+04 3.805278062820434570e+00
2.500200959999999759e+04 3.795872926712036133e+00
2.500202879999999641e+04 3.791364192962646484e+00
2.500204799999999886e+04 3.789695739746093750e+00
2.500206719999999768e+04 3.787262678146362305e+00
2.500208639999999650e+04 3.779078006744384766e+00
2.500210559999999896e+04 3.773281097412109375e+00
2.500212479999999778e+04 3.769664764404296875e+00
2.500214400000000023e+04 3.763455390930175781e+00
2.500216319999999905e+04 3.760196447372436523e+00
2.500218239999999787e+04 3.757988452911376953e+00
2.500220160000000033e+04 3.752626419067382812e+00
2.500222079999999914e+04 3.747701883316040039e+00
2.500224000000000160e+04 3.744999170303344727e+00
2.500225919999999678e+04 3.739504575729370117e+00
2.500227839999999560e+04 3.734166383743286133e+00
2.500229759999999806e+04 3.729059696197509766e+00
2.500231679999999687e+04 3.726372241973876953e+00
2.500233599999999933e+04 3.721013307571411133e+00
2.500235519999999815e+04 3.714607954025268555e+00
2.500237439999999697e+04 3.719561576843261719e+00
2.500239359999999942e+04 3.724545240402221680e+00
2.500241279999999824e+04 3.734442710876464844e+00
2.500243200000000070e+04 3.742281198501586914e+00
2.500245119999999952e+04 3.756523132324218750e+00
2.500247039999999834e+04 4.422779560089111328e+00
2.500248960000000079e+04 4.815688133239746094e+00
2.500250879999999597e+04 5.520061969757080078e+00
2.500252799999999843e+04 5.330655097961425781e+00
2.500254719999999725e+04 7.960124969482421875e+00
2.500256639999999607e+04 6.832892417907714844e+00
2.500258559999999852e+04 8.286303520202636719e+00
2.500260479999999734e+04 7.595749855041503906e+00
2.500262399999999980e+04 6.738594532012939453e+00
2.500264319999999861e+04 7.281485557556152344e+00
2.500266239999999743e+04 7.090854644775390625e+00
2.500268159999999989e+04 7.200438976287841797e+00
2.500270079999999871e+04 7.135468006134033203e+00
2.500272000000000116e+04 3.883289813995361328e+00
2.500273919999999998e+04 3.874635934829711914e+00
2.500275839999999516e+04 3.868250846862792969e+00
2.500277759999999762e+04 3.855410814285278320e+00
2.500279679999999644e+04 3.848685503005981445e+00
2.500281599999999889e+04 3.846313714981079102e+00
2.500283519999999771e+04 3.843427181243896484e+00
2.500285439999999653e+04 3.840155839920043945e+00
2.500287359999999899e+04 3.829693794250488281e+00
2.500289279999999781e+04 3.827917337417602539e+00
2.500291200000000026e+04 3.823569774627685547e+00
2.500293119999999908e+04 3.816585302352905273e+00
2.500295039999999790e+04 3.813388824462890625e+00
2.500296960000000036e+04 3.807706356048583984e+00
2.500298879999999917e+04 3.804453611373901367e+00
2.500300800000000163e+04 3.797677040100097656e+00
2.500302719999999681e+04 3.793743848800659180e+00
2.500304639999999563e+04 3.789552450180053711e+00
2.500306559999999808e+04 3.785039901733398438e+00
2.500308479999999690e+04 3.783029556274414062e+00
2.500310399999999936e+04 3.774255514144897461e+00
2.500312319999999818e+04 3.770198345184326172e+00
2.500314239999999700e+04 3.766701936721801758e+00
2.500316159999999945e+04 3.762748956680297852e+00
2.500318079999999827e+04 3.760324954986572266e+00
2.500320000000000073e+04 3.754909038543701172e+00
2.500321919999999955e+04 3.751908302307128906e+00
2.500323839999999836e+04 3.746050834655761719e+00
2.500325760000000082e+04 3.740827798843383789e+00
2.500327679999999600e+04 3.735648632049560547e+00
2.500329599999999846e+04 3.730636835098266602e+00
2.500331519999999728e+04 3.726016283035278320e+00
2.500333439999999609e+04 3.721580982208251953e+00
2.500335359999999855e+04 3.719086408615112305e+00
2.500337279999999737e+04 3.721444129943847656e+00
2.500339199999999983e+04 3.726359844207763672e+00
2.500341119999999864e+04 3.738023042678833008e+00
2.500343039999999746e+04 3.745072841644287109e+00
2.500344959999999992e+04 3.756529569625854492e+00
2.500346879999999874e+04 4.425565719604492188e+00
2.500348800000000119e+04 4.816673755645751953e+00
2.500350720000000001e+04 5.522754192352294922e+00
2.500352639999999519e+04 5.323233127593994141e+00
2.500354559999999765e+04 8.036101341247558594e+00
2.500356479999999647e+04 6.821764945983886719e+00
2.500358399999999892e+04 8.330252647399902344e+00
2.500360319999999774e+04 7.595967769622802734e+00
2.500362239999999656e+04 6.733902931213378906e+00
2.500364159999999902e+04 7.306085109710693359e+00
2.500366079999999783e+04 7.084257602691650391e+00
2.500368000000000029e+04 7.207986354827880859e+00
2.500369919999999911e+04 7.137648105621337891e+00
2.500371839999999793e+04 3.885058164596557617e+00
2.500373760000000038e+04 3.876401662826538086e+00
2.500375679999999920e+04 3.870015382766723633e+00
2.500377600000000166e+04 3.865273714065551758e+00
2.500379519999999684e+04 3.850271463394165039e+00
2.500381439999999566e+04 3.847947359085083008e+00
2.500383359999999811e+04 3.845099687576293945e+00
2.500385279999999693e+04 3.841859102249145508e+00
2.500387199999999939e+04 3.833313703536987305e+00
2.500389119999999821e+04 3.829446077346801758e+00
2.500391039999999703e+04 3.823863744735717773e+00
2.500392959999999948e+04 3.821676492691040039e+00
2.500394879999999830e+04 3.817039728164672852e+00
2.500396800000000076e+04 3.810084581375122070e+00
2.500398719999999958e+04 3.808074235916137695e+00
2.500400639999999839e+04 3.805389404296875000e+00
2.500402560000000085e+04 3.793946266174316406e+00
2.500404479999999603e+04 3.790064573287963867e+00
2.500406399999999849e+04 3.786278486251831055e+00
2.500408319999999730e+04 3.784400463104248047e+00
2.500410239999999612e+04 3.777365207672119141e+00
2.500412159999999858e+04 3.771663188934326172e+00
2.500414079999999740e+04 3.766464471817016602e+00
2.500415999999999985e+04 3.764711856842041016e+00
2.500417919999999867e+04 3.759032726287841797e+00
2.500419839999999749e+04 3.754969358444213867e+00
2.500421759999999995e+04 3.750500917434692383e+00
2.500423679999999877e+04 3.747950077056884766e+00
2.500425600000000122e+04 3.740980148315429688e+00
2.500427520000000004e+04 3.738583564758300781e+00
2.500429439999999522e+04 3.729946374893188477e+00
2.500431359999999768e+04 3.727910757064819336e+00
2.500433279999999650e+04 3.725317239761352539e+00
2.500435199999999895e+04 3.718389749526977539e+00
2.500437119999999777e+04 3.722573280334472656e+00
2.500439039999999659e+04 3.729404926300048828e+00
2.500440959999999905e+04 3.736291170120239258e+00
2.500442879999999786e+04 3.747612476348876953e+00
2.500444800000000032e+04 3.758616209030151367e+00
2.500446719999999914e+04 4.388671875000000000e+00
2.500448639999999796e+04 4.865825653076171875e+00
2.500450560000000041e+04 5.493416786193847656e+00
2.500452479999999923e+04 5.335629940032958984e+00
2.500454400000000169e+04 7.937786579132080078e+00
2.500456319999999687e+04 6.883951187133789062e+00
2.500458239999999569e+04 8.286152839660644531e+00
2.500460159999999814e+04 7.626231193542480469e+00
2.500462079999999696e+04 6.727971076965332031e+00
2.500463999999999942e+04 7.317313194274902344e+00
2.500465919999999824e+04 7.080612182617187500e+00
2.500467839999999705e+04 7.216500282287597656e+00
2.500469759999999951e+04 7.140047073364257812e+00
2.500471679999999833e+04 3.886807441711425781e+00
2.500473600000000079e+04 3.878152132034301758e+00
2.500475519999999960e+04 3.871766090393066406e+00
2.500477439999999842e+04 3.867024660110473633e+00
2.500479360000000088e+04 3.852019548416137695e+00
2.500481279999999606e+04 3.849695205688476562e+00
2.500483199999999852e+04 3.846847057342529297e+00
2.500485119999999733e+04 3.838019132614135742e+00
2.500487039999999615e+04 3.832721233367919922e+00
2.500488959999999861e+04 3.830034255981445312e+00
2.500490879999999743e+04 3.826426982879638672e+00
2.500492799999999988e+04 3.821017503738403320e+00
2.500494719999999870e+04 3.817493200302124023e+00
2.500496639999999752e+04 3.812451839447021484e+00
2.500498559999999998e+04 3.810325622558593750e+00
2.500500479999999880e+04 3.801203012466430664e+00
2.500502400000000125e+04 3.799522399902343750e+00
2.500504320000000007e+04 3.791782379150390625e+00
2.500506239999999525e+04 3.787396907806396484e+00
2.500508159999999771e+04 3.783500909805297852e+00
2.500510079999999653e+04 3.778352260589599609e+00
2.500511999999999898e+04 3.775053977966308594e+00
2.500513919999999780e+04 3.770998477935791016e+00
2.500515839999999662e+04 3.766734361648559570e+00
2.500517759999999907e+04 3.762336015701293945e+00
2.500519679999999789e+04 3.757617950439453125e+00
2.500521600000000035e+04 3.752785205841064453e+00
2.500523519999999917e+04 3.748142242431640625e+00
2.500525439999999799e+04 3.742134332656860352e+00
2.500527360000000044e+04 3.739909410476684570e+00
2.500529279999999926e+04 3.732846498489379883e+00
2.500531200000000172e+04 3.728805780410766602e+00
2.500533119999999690e+04 3.724689960479736328e+00
2.500535039999999572e+04 3.720515966415405273e+00
2.500536959999999817e+04 3.724121332168579102e+00
2.500538879999999699e+04 3.731099367141723633e+00
2.500540799999999945e+04 3.740278482437133789e+00
2.500542719999999827e+04 3.747909545898437500e+00
2.500544639999999708e+04 3.762001991271972656e+00
2.500546559999999954e+04 4.388803005218505859e+00
2.500548479999999836e+04 4.893253326416015625e+00
2.500550400000000081e+04 5.476162910461425781e+00
2.500552319999999963e+04 5.354041576385498047e+00
2.500554239999999845e+04 7.909897327423095703e+00
2.500556160000000091e+04 6.888235092163085938e+00
2.500558079999999609e+04 8.289894104003906250e+00
2.500559999999999854e+04 7.614478111267089844e+00
2.500561919999999736e+04 8.222089767456054688e+00
2.500563839999999618e+04 6.518971443176269531e+00
2.500565759999999864e+04 7.646692276000976562e+00
2.500567679999999746e+04 6.858091354370117188e+00
2.500569599999999991e+04 7.495325088500976562e+00
2.500571519999999873e+04 3.881440877914428711e+00
2.500573439999999755e+04 3.874608278274536133e+00
2.500575360000000001e+04 3.869579792022705078e+00
2.500577279999999882e+04 3.865848541259765625e+00
2.500579200000000128e+04 3.852086305618286133e+00
2.500581120000000010e+04 3.850193738937377930e+00
2.500583039999999528e+04 3.847670793533325195e+00
2.500584959999999774e+04 3.844672679901123047e+00
2.500586879999999655e+04 3.836051225662231445e+00
2.500588799999999901e+04 3.830722570419311523e+00
2.500590719999999783e+04 3.828906297683715820e+00
2.500592639999999665e+04 3.824496030807495117e+00
2.500594559999999910e+04 3.817792654037475586e+00
2.500596479999999792e+04 3.813578605651855469e+00
2.500598400000000038e+04 3.809024810791015625e+00
2.500600319999999920e+04 3.803526401519775391e+00
2.500602239999999802e+04 3.800353527069091797e+00
2.500604160000000047e+04 3.796655893325805664e+00
2.500606079999999929e+04 3.790163040161132812e+00
2.500608000000000175e+04 3.786776781082153320e+00
2.500609919999999693e+04 3.779885768890380859e+00
2.500611839999999575e+04 3.778047800064086914e+00
2.500613759999999820e+04 3.773437500000000000e+00
2.500615679999999702e+04 3.770812273025512695e+00
2.500617599999999948e+04 3.762362003326416016e+00
2.500619519999999829e+04 3.758408784866333008e+00
2.500621439999999711e+04 3.755872726440429688e+00
2.500623359999999957e+04 3.748957872390747070e+00
2.500625279999999839e+04 3.746577739715576172e+00
2.500627200000000084e+04 3.743665456771850586e+00
2.500629119999999966e+04 3.732911348342895508e+00
2.500631039999999848e+04 3.731035709381103516e+00
2.500632960000000094e+04 3.725344419479370117e+00
2.500634879999999612e+04 3.723231792449951172e+00
2.500636799999999857e+04 3.726578235626220703e+00
2.500638719999999739e+04 3.733184099197387695e+00
2.500640639999999621e+04 3.742198705673217773e+00
2.500642559999999867e+04 3.752216100692749023e+00
2.500644479999999749e+04 3.764603137969970703e+00
2.500646399999999994e+04 4.389542102813720703e+00
2.500648319999999876e+04 4.895561695098876953e+00
2.500650239999999758e+04 5.478034496307373047e+00
2.500652160000000003e+04 5.351634025573730469e+00
2.500654079999999885e+04 8.002153396606445312e+00
2.500656000000000131e+04 6.846127986907958984e+00
2.500657920000000013e+04 8.302169799804687500e+00
2.500659839999999531e+04 7.622249603271484375e+00
2.500661759999999776e+04 8.212285041809082031e+00
2.500663679999999658e+04 6.540273666381835938e+00
2.500665599999999904e+04 7.610886096954345703e+00
2.500667519999999786e+04 6.889244079589843750e+00
2.500669439999999668e+04 7.465552806854248047e+00
2.500671359999999913e+04 3.892836093902587891e+00
2.500673279999999795e+04 3.883569002151489258e+00
2.500675200000000041e+04 3.876729726791381836e+00
2.500677119999999923e+04 3.871649265289306641e+00
2.500679039999999804e+04 3.857550621032714844e+00
2.500680960000000050e+04 3.854751348495483398e+00
2.500682879999999932e+04 3.851541042327880859e+00
2.500684800000000178e+04 3.848026275634765625e+00
2.500686719999999696e+04 3.838357925415039062e+00
2.500688639999999577e+04 3.833597421646118164e+00
2.500690559999999823e+04 3.829975843429565430e+00
2.500692479999999705e+04 3.827637434005737305e+00
2.500694399999999951e+04 3.822791337966918945e+00
2.500696319999999832e+04 3.818243503570556641e+00
2.500698239999999714e+04 3.813575983047485352e+00
2.500700159999999960e+04 3.805362939834594727e+00
2.500702079999999842e+04 3.802175521850585938e+00
2.500704000000000087e+04 3.798467159271240234e+00
2.500705919999999969e+04 3.791960477828979492e+00
2.500707839999999851e+04 3.786672830581665039e+00
2.500709760000000097e+04 3.782535076141357422e+00
2.500711679999999615e+04 3.776987791061401367e+00
2.500713599999999860e+04 3.773655414581298828e+00
2.500715519999999742e+04 3.771432638168334961e+00
2.500717439999999624e+04 3.766515731811523438e+00
2.500719359999999870e+04 3.759926319122314453e+00
2.500721279999999751e+04 3.755639791488647461e+00
2.500723199999999997e+04 3.753143548965454102e+00
2.500725119999999879e+04 3.745022773742675781e+00
2.500727039999999761e+04 3.742954492568969727e+00
2.500728960000000006e+04 3.736157178878784180e+00
2.500730879999999888e+04 3.732198476791381836e+00
2.500732800000000134e+04 3.728127002716064453e+00
2.500734720000000016e+04 3.725745916366577148e+00
2.500736639999999534e+04 3.718896865844726562e+00
2.500738559999999779e+04 3.723253488540649414e+00
2.500740479999999661e+04 3.730345726013183594e+00
2.500742399999999907e+04 3.739579677581787109e+00
2.500744319999999789e+04 3.751595020294189453e+00
2.500746239999999671e+04 3.827235221862792969e+00
2.500748159999999916e+04 5.209724426269531250e+00
2.500750079999999798e+04 5.336091041564941406e+00
2.500752000000000044e+04 5.410068511962890625e+00
2.500753919999999925e+04 7.855243682861328125e+00
2.500755839999999807e+04 6.859740734100341797e+00
2.500757760000000053e+04 8.298961639404296875e+00
2.500759679999999935e+04 7.603135108947753906e+00
2.500761600000000180e+04 8.246089935302734375e+00
2.500763519999999698e+04 6.503393173217773438e+00
2.500765439999999580e+04 7.670078754425048828e+00
2.500767359999999826e+04 6.847881317138671875e+00
2.500769279999999708e+04 7.501221656799316406e+00
2.500771199999999953e+04 3.884986877441406250e+00
2.500773119999999835e+04 3.873178720474243164e+00
2.500775039999999717e+04 3.869417905807495117e+00
2.500776959999999963e+04 3.866604328155517578e+00
2.500778879999999845e+04 3.857126474380493164e+00
2.500780800000000090e+04 3.854863405227661133e+00
2.500782719999999972e+04 3.849965572357177734e+00
2.500784639999999854e+04 3.847279310226440430e+00
2.500786560000000100e+04 3.840551853179931641e+00
2.500788479999999618e+04 3.835533142089843750e+00
2.500790399999999863e+04 3.830619335174560547e+00
2.500792319999999745e+04 3.828543901443481445e+00
2.500794239999999627e+04 3.823798418045043945e+00
2.500796159999999873e+04 3.817182540893554688e+00
2.500798079999999754e+04 3.815200567245483398e+00
2.500800000000000000e+04 3.807914495468139648e+00
2.500801919999999882e+04 3.802386760711669922e+00
2.500803839999999764e+04 3.798355579376220703e+00
2.500805760000000009e+04 3.796425104141235352e+00
2.500807679999999891e+04 3.789263248443603516e+00
2.500809600000000137e+04 3.787246942520141602e+00
2.500811520000000019e+04 3.778790473937988281e+00
2.500813439999999537e+04 3.775427579879760742e+00
2.500815359999999782e+04 3.773193597793579102e+00
2.500817279999999664e+04 3.768259763717651367e+00
2.500819199999999910e+04 3.761654615402221680e+00
2.500821119999999792e+04 3.757361173629760742e+00
2.500823039999999673e+04 3.754862070083618164e+00
2.500824959999999919e+04 3.751861810684204102e+00
2.500826879999999801e+04 3.744099617004394531e+00
2.500828800000000047e+04 3.737620830535888672e+00
2.500830719999999928e+04 3.735401630401611328e+00
2.500832639999999810e+04 3.730648279190063477e+00
2.500834560000000056e+04 3.724682569503784180e+00
2.500836479999999938e+04 3.720690488815307617e+00
2.500838399999999820e+04 3.724487304687500000e+00
2.500840319999999701e+04 3.733187198638916016e+00
2.500842239999999583e+04 3.741772651672363281e+00
2.500844159999999829e+04 3.751628160476684570e+00
2.500846079999999711e+04 3.833105325698852539e+00
2.500847999999999956e+04 5.207399845123291016e+00
2.500849919999999838e+04 5.357334613800048828e+00
2.500851839999999720e+04 5.395572185516357422e+00
2.500853759999999966e+04 7.881603717803955078e+00
2.500855679999999847e+04 6.848556995391845703e+00
2.500857600000000093e+04 8.314498901367187500e+00
2.500859519999999975e+04 7.612030506134033203e+00
2.500861439999999857e+04 8.236762046813964844e+00
2.500863360000000102e+04 6.504907608032226562e+00
2.500865279999999620e+04 7.647878170013427734e+00
2.500867199999999866e+04 6.874135971069335938e+00
2.500869119999999748e+04 7.487053871154785156e+00
2.500871039999999630e+04 3.886639118194580078e+00
2.500872959999999875e+04 3.879817962646484375e+00
2.500874879999999757e+04 3.874800443649291992e+00
2.500876800000000003e+04 3.871078729629516602e+00
2.500878719999999885e+04 3.857334852218627930e+00
2.500880639999999767e+04 3.855442523956298828e+00
2.500882560000000012e+04 3.852919340133666992e+00
2.500884479999999894e+04 3.849920511245727539e+00
2.500886400000000140e+04 3.841295957565307617e+00
2.500888320000000022e+04 3.836818218231201172e+00
2.500890239999999540e+04 3.834800720214843750e+00
2.500892159999999785e+04 3.832121133804321289e+00
2.500894079999999667e+04 3.826572895050048828e+00
2.500895999999999913e+04 3.818351745605468750e+00
2.500897919999999795e+04 3.815109729766845703e+00
2.500899839999999676e+04 3.807802200317382812e+00
2.500901759999999922e+04 3.806221246719360352e+00
2.500903679999999804e+04 3.803901672363281250e+00
2.500905600000000049e+04 3.796043395996093750e+00
2.500907519999999931e+04 3.788792848587036133e+00
2.500909439999999813e+04 3.787324190139770508e+00
2.500911360000000059e+04 3.779878139495849609e+00
2.500913279999999941e+04 3.776726245880126953e+00
2.500915199999999822e+04 3.771796703338623047e+00
2.500917119999999704e+04 3.768222808837890625e+00
2.500919039999999586e+04 3.764198541641235352e+00
2.500920959999999832e+04 3.759463548660278320e+00
2.500922879999999714e+04 3.756832599639892578e+00
2.500924799999999959e+04 3.749734401702880859e+00
2.500926719999999841e+04 3.745517730712890625e+00
2.500928639999999723e+04 3.738063097000122070e+00
2.500930559999999969e+04 3.736161470413208008e+00
2.500932479999999850e+04 3.733665227890014648e+00
2.500934400000000096e+04 3.726900100708007812e+00
2.500936319999999978e+04 3.721317291259765625e+00
2.500938239999999860e+04 3.726803541183471680e+00
2.500940159999999742e+04 3.732097864151000977e+00
2.500942079999999623e+04 3.742283105850219727e+00
2.500943999999999869e+04 3.750255823135375977e+00
2.500945919999999751e+04 3.834401369094848633e+00
2.500947839999999633e+04 5.209248542785644531e+00
2.500949759999999878e+04 5.342518329620361328e+00
2.500951679999999760e+04 5.409494400024414062e+00
2.500953600000000006e+04 7.900104522705078125e+00
2.500955519999999888e+04 6.848736763000488281e+00
2.500957439999999769e+04 8.318043708801269531e+00
2.500959360000000015e+04 7.602178096771240234e+00
2.500961279999999897e+04 8.248171806335449219e+00
2.500963200000000143e+04 6.512637615203857422e+00
2.500965120000000024e+04 7.647222518920898438e+00
2.500967039999999542e+04 6.878727912902832031e+00
2.500968959999999788e+04 7.487985134124755859e+00
2.500970879999999670e+04 3.898149728775024414e+00
2.500972799999999916e+04 3.888848066329956055e+00
2.500974719999999797e+04 3.881981849670410156e+00
2.500976639999999679e+04 3.876882791519165039e+00
2.500978559999999925e+04 3.866544723510742188e+00
2.500980479999999807e+04 3.860548496246337891e+00
2.500982400000000052e+04 3.856626272201538086e+00
2.500984319999999934e+04 3.854245662689208984e+00
2.500986239999999816e+04 3.849569320678710938e+00
2.500988160000000062e+04 3.843920707702636719e+00
2.500990079999999944e+04 3.839998960494995117e+00
2.500991999999999825e+04 3.835735797882080078e+00
2.500993919999999707e+04 3.833193778991699219e+00
2.500995839999999589e+04 3.823395490646362305e+00
2.500997759999999835e+04 3.821808815002441406e+00
2.500999679999999717e+04 3.815361738204956055e+00
2.501001599999999962e+04 3.810920000076293945e+00
2.501003519999999844e+04 3.797730445861816406e+00
2.501005439999999726e+04 3.794129133224487305e+00
2.501007359999999971e+04 3.790906429290771484e+00
2.501009279999999853e+04 3.785794258117675781e+00
2.501011200000000099e+04 3.780923604965209961e+00
2.501013119999999981e+04 3.774753570556640625e+00
2.501015039999999863e+04 3.772898435592651367e+00
2.501016959999999744e+04 3.768460512161254883e+00
2.501018879999999626e+04 3.762519836425781250e+00
2.501020799999999872e+04 3.758153200149536133e+00
2.501022719999999754e+04 3.755640983581542969e+00
2.501024639999999636e+04 3.752637386322021484e+00
2.501026559999999881e+04 3.743490934371948242e+00
2.501028479999999763e+04 3.739392280578613281e+00
2.501030400000000009e+04 3.734980344772338867e+00
2.501032319999999891e+04 3.729340791702270508e+00
2.501034239999999772e+04 3.727249860763549805e+00
2.501036160000000018e+04 3.720908880233764648e+00
2.501038079999999900e+04 3.724383115768432617e+00
2.501040000000000146e+04 3.732185840606689453e+00
2.501041919999999664e+04 3.739416360855102539e+00
2.501043839999999545e+04 3.751032352447509766e+00
2.501045759999999791e+04 3.833316564559936523e+00
2.501047679999999673e+04 5.204327583312988281e+00
2.501049599999999919e+04 5.356781959533691406e+00
2.501051519999999800e+04 5.398699283599853516e+00
2.501053439999999682e+04 7.909714698791503906e+00
2.501055359999999928e+04 6.912033557891845703e+00
2.501057279999999810e+04 8.310586929321289062e+00
2.501059200000000055e+04 7.646593570709228516e+00
2.501061119999999937e+04 8.254975318908691406e+00
2.501063039999999819e+04 6.500877857208251953e+00
2.501064960000000065e+04 7.662832736968994141e+00
2.501066879999999946e+04 6.898809432983398438e+00
2.501068799999999828e+04 7.481952190399169922e+00
2.501070719999999710e+04 3.875653505325317383e+00
2.501072639999999592e+04 3.867120981216430664e+00
2.501074559999999838e+04 3.864405870437622070e+00
2.501076479999999719e+04 3.862373113632202148e+00
2.501078399999999965e+04 3.858922243118286133e+00
2.501080319999999847e+04 3.852683067321777344e+00
2.501082239999999729e+04 3.851053476333618164e+00
2.501084159999999974e+04 3.848723888397216797e+00
2.501086079999999856e+04 3.842143297195434570e+00
2.501088000000000102e+04 3.836934804916381836e+00
2.501089919999999984e+04 3.832702398300170898e+00
2.501091839999999866e+04 3.830752611160278320e+00
2.501093759999999747e+04 3.826175451278686523e+00
2.501095679999999629e+04 3.818327426910400391e+00
2.501097599999999875e+04 3.814558029174804688e+00
2.501099519999999757e+04 3.812687158584594727e+00
2.501101439999999639e+04 3.804865360260009766e+00
2.501103359999999884e+04 3.803116559982299805e+00
2.501105279999999766e+04 3.800667524337768555e+00
2.501107200000000012e+04 3.792426586151123047e+00
2.501109119999999893e+04 3.790283203125000000e+00
2.501111039999999775e+04 3.785419225692749023e+00
2.501112960000000021e+04 3.777409315109252930e+00
2.501114879999999903e+04 3.773808717727661133e+00
2.501116800000000148e+04 3.767527341842651367e+00
2.501118719999999666e+04 3.765638113021850586e+00
2.501120639999999548e+04 3.760688543319702148e+00
2.501122559999999794e+04 3.754509687423706055e+00
2.501124479999999676e+04 3.752260923385620117e+00
2.501126399999999921e+04 3.747351408004760742e+00
2.501128319999999803e+04 3.739583730697631836e+00
2.501130239999999685e+04 3.735895872116088867e+00
2.501132159999999931e+04 3.733655214309692383e+00
2.501134079999999813e+04 3.730909347534179688e+00
2.501136000000000058e+04 3.723448038101196289e+00
2.501137919999999940e+04 3.727502107620239258e+00
2.501139839999999822e+04 3.736826181411743164e+00
2.501141760000000068e+04 3.742829084396362305e+00
2.501143679999999949e+04 3.753526210784912109e+00
2.501145599999999831e+04 3.830895900726318359e+00
2.501147519999999713e+04 5.209863185882568359e+00
2.501149439999999595e+04 5.356557369232177734e+00
2.501151359999999841e+04 5.400418758392333984e+00
2.501153279999999722e+04 5.676346778869628906e+00
2.501155199999999968e+04 8.149780273437500000e+00
2.501157119999999850e+04 7.172246932983398438e+00
2.501159039999999732e+04 8.225033760070800781e+00
2.501160959999999977e+04 7.797405242919921875e+00
2.501162879999999859e+04 6.654861927032470703e+00
2.501164800000000105e+04 7.521468639373779297e+00
2.501166719999999987e+04 6.968629360198974609e+00
2.501168639999999868e+04 7.319755554199218750e+00
2.501170559999999750e+04 3.893290996551513672e+00
2.501172479999999632e+04 3.884308338165283203e+00
2.501174399999999878e+04 3.877681255340576172e+00
2.501176319999999760e+04 3.872761249542236328e+00
2.501178239999999641e+04 3.864364862442016602e+00
2.501180159999999887e+04 3.856283187866210938e+00
2.501182079999999769e+04 3.854202508926391602e+00
2.501184000000000015e+04 3.849544763565063477e+00
2.501185919999999896e+04 3.843526363372802734e+00
2.501187839999999778e+04 3.837963819503784180e+00
2.501189760000000024e+04 3.835078954696655273e+00
2.501191679999999906e+04 3.831413507461547852e+00
2.501193600000000151e+04 3.829068660736083984e+00
2.501195519999999669e+04 3.821836471557617188e+00
2.501197439999999551e+04 3.816219091415405273e+00
2.501199359999999797e+04 3.813009738922119141e+00
2.501201279999999679e+04 3.809150695800781250e+00
2.501203199999999924e+04 3.803665161132812500e+00
2.501205119999999806e+04 3.797805786132812500e+00
2.501207039999999688e+04 3.793498754501342773e+00
2.501208959999999934e+04 3.788958787918090820e+00
2.501210879999999815e+04 3.783486843109130859e+00
2.501212800000000061e+04 3.779933452606201172e+00
2.501214719999999943e+04 3.774706840515136719e+00
2.501216639999999825e+04 3.771038532257080078e+00
2.501218560000000070e+04 3.768699645996093750e+00
2.501220479999999588e+04 3.761428833007812500e+00
2.501222399999999834e+04 3.757196426391601562e+00
2.501224319999999716e+04 3.754709482192993164e+00
2.501226239999999598e+04 3.751715421676635742e+00
2.501228159999999843e+04 3.743587493896484375e+00
2.501230079999999725e+04 3.738888502120971680e+00
2.501231999999999971e+04 3.736326217651367188e+00
2.501233919999999853e+04 3.733340740203857422e+00
2.501235839999999735e+04 3.724071502685546875e+00
2.501237759999999980e+04 3.729407787322998047e+00
2.501239679999999862e+04 3.736394166946411133e+00
2.501241600000000108e+04 3.745598554611206055e+00
2.501243519999999990e+04 3.753261804580688477e+00
2.501245439999999871e+04 3.832366943359375000e+00
2.501247359999999753e+04 5.302126407623291016e+00
2.501249279999999635e+04 5.307680130004882812e+00
2.501251199999999881e+04 5.427616596221923828e+00
2.501253119999999763e+04 5.651485919952392578e+00
2.501255039999999644e+04 8.222801208496093750e+00
2.501256959999999890e+04 7.142418861389160156e+00
2.501258879999999772e+04 8.275064468383789062e+00
2.501260800000000017e+04 7.770726680755615234e+00
2.501262719999999899e+04 6.675912380218505859e+00
2.501264639999999781e+04 7.523980140686035156e+00
2.501266560000000027e+04 6.964372634887695312e+00
2.501268479999999909e+04 7.327190399169921875e+00
2.501270400000000154e+04 7.193994522094726562e+00
2.501272319999999672e+04 3.894442319869995117e+00
2.501274239999999554e+04 3.885690212249755859e+00
2.501276159999999800e+04 3.879231691360473633e+00
2.501278079999999682e+04 3.866242170333862305e+00
2.501279999999999927e+04 3.859458923339843750e+00
2.501281919999999809e+04 3.857074260711669922e+00
2.501283839999999691e+04 3.854175567626953125e+00
2.501285759999999937e+04 3.850892782211303711e+00
2.501287679999999818e+04 3.840399503707885742e+00
2.501289600000000064e+04 3.838618516921997070e+00
2.501291519999999946e+04 3.836122751235961914e+00
2.501293439999999828e+04 3.829127788543701172e+00
2.501295360000000073e+04 3.823183774948120117e+00
2.501297279999999591e+04 3.819856405258178711e+00
2.501299199999999837e+04 3.815914630889892578e+00
2.501301119999999719e+04 3.810266494750976562e+00
2.501303039999999601e+04 3.806474208831787109e+00
2.501304959999999846e+04 3.802343130111694336e+00
2.501306879999999728e+04 3.795475482940673828e+00
2.501308799999999974e+04 3.792013645172119141e+00
2.501310719999999856e+04 3.788004875183105469e+00
2.501312639999999737e+04 3.780739307403564453e+00
2.501314559999999983e+04 3.778755664825439453e+00
2.501316479999999865e+04 3.774145603179931641e+00
2.501318400000000111e+04 3.768071889877319336e+00
2.501320319999999992e+04 3.760510921478271484e+00
2.501322239999999510e+04 3.758809804916381836e+00
2.501324159999999756e+04 3.754611015319824219e+00
2.501326079999999638e+04 3.752127647399902344e+00
2.501327999999999884e+04 3.744868516921997070e+00
2.501329919999999765e+04 3.739052295684814453e+00
2.501331839999999647e+04 3.736938476562500000e+00
2.501333759999999893e+04 3.734283685684204102e+00
2.501335679999999775e+04 3.727243185043334961e+00
2.501337600000000020e+04 3.731688499450683594e+00
2.501339519999999902e+04 3.736787557601928711e+00
2.501341439999999784e+04 3.746843576431274414e+00
2.501343360000000030e+04 3.757340431213378906e+00
2.501345279999999912e+04 3.839085102081298828e+00
2.501347200000000157e+04 5.209026813507080078e+00
2.501349119999999675e+04 5.346799373626708984e+00
2.501351039999999557e+04 5.416960239410400391e+00
2.501352959999999803e+04 5.658609390258789062e+00
2.501354879999999685e+04 8.182897567749023438e+00
2.501356799999999930e+04 7.175360202789306641e+00
2.501358719999999812e+04 8.248594284057617188e+00
2.501360639999999694e+04 7.797738075256347656e+00
2.501362559999999939e+04 6.666073799133300781e+00
2.501364479999999821e+04 7.522953510284423828e+00
2.501366400000000067e+04 6.968983650207519531e+00
2.501368319999999949e+04 7.324277400970458984e+00
2.501370239999999831e+04 7.203394889831542969e+00
2.501372160000000076e+04 3.887190341949462891e+00
2.501374079999999594e+04 3.880769252777099609e+00
2.501375999999999840e+04 3.876049280166625977e+00
2.501377919999999722e+04 3.868080139160156250e+00
2.501379839999999604e+04 3.859159469604492188e+00
2.501381759999999849e+04 3.857327222824096680e+00
2.501383679999999731e+04 3.854847908020019531e+00
2.501385599999999977e+04 3.848008394241333008e+00
2.501387519999999859e+04 3.841460704803466797e+00
2.501389439999999740e+04 3.839894294738769531e+00
2.501391359999999986e+04 3.835814476013183594e+00
2.501393279999999868e+04 3.830098390579223633e+00
2.501395200000000114e+04 3.826489925384521484e+00
2.501397119999999995e+04 3.818741321563720703e+00
2.501399039999999513e+04 3.815287828445434570e+00
2.501400959999999759e+04 3.811113834381103516e+00
2.501402879999999641e+04 3.807793378829956055e+00
2.501404799999999886e+04 3.802685737609863281e+00
2.501406719999999768e+04 3.796897888183593750e+00
2.501408639999999650e+04 3.793655872344970703e+00
2.501410559999999896e+04 3.787600755691528320e+00
2.501412479999999778e+04 3.781307458877563477e+00
2.501414400000000023e+04 3.779671192169189453e+00
2.501416319999999905e+04 3.777284145355224609e+00
2.501418239999999787e+04 3.769274711608886719e+00
2.501420160000000033e+04 3.762953758239746094e+00
2.501422079999999914e+04 3.761110782623291016e+00
2.501424000000000160e+04 3.756730318069458008e+00
2.501425919999999678e+04 3.754189729690551758e+00
2.501427839999999560e+04 3.748597383499145508e+00
2.501429759999999806e+04 3.743343114852905273e+00
2.501431679999999687e+04 3.738578796386718750e+00
2.501433599999999933e+04 3.734056472778320312e+00
2.501435519999999815e+04 3.731531143188476562e+00
2.501437439999999697e+04 3.733541965484619141e+00
2.501439359999999942e+04 3.740290880203247070e+00
2.501441279999999824e+04 3.749426126480102539e+00
2.501443200000000070e+04 3.757082939147949219e+00
2.501445119999999952e+04 3.769058227539062500e+00
2.501447039999999834e+04 4.399489402770996094e+00
2.501448960000000079e+04 5.443344116210937500e+00
2.501450879999999597e+04 5.161786556243896484e+00
2.501452799999999843e+04 5.554419040679931641e+00
2.501454719999999725e+04 7.792396068572998047e+00
2.501456639999999607e+04 6.984692573547363281e+00
2.501458559999999852e+04 8.228543281555175781e+00
2.501460479999999734e+04 7.683938026428222656e+00
2.501462399999999980e+04 6.718795299530029297e+00
2.501464319999999861e+04 7.357592105865478516e+00
2.501466239999999743e+04 7.091007709503173828e+00
2.501468159999999989e+04 7.242548942565917969e+00
2.501470079999999871e+04 7.154701709747314453e+00
2.501472000000000116e+04 3.910114288330078125e+00
2.501473919999999998e+04 3.889661788940429688e+00
2.501475839999999516e+04 3.883154153823852539e+00
2.501477759999999762e+04 3.869901657104492188e+00
2.501479679999999644e+04 3.863166570663452148e+00
2.501481599999999889e+04 3.860791921615600586e+00
2.501483519999999771e+04 3.857897758483886719e+00
2.501485439999999653e+04 3.852164030075073242e+00
2.501487359999999899e+04 3.845195293426513672e+00
2.501489279999999781e+04 3.841644048690795898e+00
2.501491200000000026e+04 3.837591648101806641e+00
2.501493119999999908e+04 3.835118055343627930e+00
2.501495039999999790e+04 3.826315402984619141e+00
2.501496960000000036e+04 3.822312593460083008e+00
2.501498879999999917e+04 3.817845344543457031e+00
2.501500800000000163e+04 3.813225984573364258e+00
2.501502719999999681e+04 3.811198472976684570e+00
2.501504639999999563e+04 3.804054260253906250e+00
2.501506559999999808e+04 3.802030324935913086e+00
2.501508479999999690e+04 3.794676780700683594e+00
2.501510399999999936e+04 3.789134263992309570e+00
2.501512319999999818e+04 3.782121658325195312e+00
2.501514239999999700e+04 3.778867483139038086e+00
2.501516159999999945e+04 3.774134874343872070e+00
2.501518079999999827e+04 3.771152734756469727e+00
2.501520000000000073e+04 3.765053510665893555e+00
2.501521919999999955e+04 3.763078927993774414e+00
2.501523839999999836e+04 3.760472774505615234e+00
2.501525760000000082e+04 3.757394790649414062e+00
2.501527679999999600e+04 3.749136686325073242e+00
2.501529599999999846e+04 3.744401216506958008e+00
2.501531519999999728e+04 3.741827249526977539e+00
2.501533439999999609e+04 3.738831996917724609e+00
2.501535359999999855e+04 3.733054161071777344e+00
2.501537279999999737e+04 3.735584259033203125e+00
2.501539199999999983e+04 3.740570306777954102e+00
2.501541119999999864e+04 3.750558614730834961e+00
2.501543039999999746e+04 3.761042594909667969e+00
2.501544959999999992e+04 3.771757125854492188e+00
2.501546879999999874e+04 4.400132656097412109e+00
2.501548800000000119e+04 5.514301776885986328e+00
2.501550720000000001e+04 5.154294490814208984e+00
2.501552639999999519e+04 5.568387985229492188e+00
2.501554559999999765e+04 7.837790012359619141e+00
2.501556479999999647e+04 6.984722614288330078e+00
2.501558399999999892e+04 8.272054672241210938e+00
2.501560319999999774e+04 7.677717208862304688e+00
2.501562239999999656e+04 6.738314628601074219e+00
2.501564159999999902e+04 7.366840362548828125e+00
2.501566079999999783e+04 7.088352203369140625e+00
2.501568000000000029e+04 7.252251148223876953e+00
2.501569919999999911e+04 7.155654907226562500e+00
2.501571839999999793e+04 3.899631023406982422e+00
2.501573760000000038e+04 3.890958309173583984e+00
2.501575679999999920e+04 3.884562492370605469e+00
2.501577600000000166e+04 3.879813194274902344e+00
2.501579519999999684e+04 3.863549709320068359e+00
2.501581439999999566e+04 3.861521482467651367e+00
2.501583359999999811e+04 3.856936931610107422e+00
2.501585279999999693e+04 3.850968122482299805e+00
2.501587199999999939e+04 3.845418691635131836e+00
2.501589119999999821e+04 3.842534780502319336e+00
2.501591039999999703e+04 3.838867902755737305e+00
2.501592959999999948e+04 3.834771156311035156e+00
2.501594879999999830e+04 3.829360723495483398e+00
2.501596800000000076e+04 3.824654579162597656e+00
2.501598719999999958e+04 3.819880962371826172e+00
2.501600639999999839e+04 3.815127372741699219e+00
2.501602560000000085e+04 3.809540748596191406e+00
2.501604479999999603e+04 3.806486129760742188e+00
2.501606399999999849e+04 3.801462650299072266e+00
2.501608319999999730e+04 3.795722961425781250e+00
2.501610239999999612e+04 3.790106296539306641e+00
2.501612159999999858e+04 3.788364648818969727e+00
2.501614079999999740e+04 3.782464265823364258e+00
2.501615999999999985e+04 3.778596401214599609e+00
2.501617919999999867e+04 3.774410724639892578e+00
2.501619839999999749e+04 3.769804716110229492e+00
2.501621759999999995e+04 3.765029191970825195e+00
2.501623679999999877e+04 3.762377500534057617e+00
2.501625600000000122e+04 3.759263277053833008e+00
2.501627520000000004e+04 3.751305103302001953e+00
2.501629439999999522e+04 3.743606328964233398e+00
2.501631359999999768e+04 3.741676330566406250e+00
2.501633279999999650e+04 3.739158391952514648e+00
2.501635199999999895e+04 3.732353210449218750e+00
2.501637119999999777e+04 3.736982107162475586e+00
2.501639039999999659e+04 3.742110252380371094e+00
2.501640959999999905e+04 3.752209663391113281e+00
2.501642879999999786e+04 3.762747049331665039e+00
2.501644800000000032e+04 3.773490905761718750e+00
2.501646719999999914e+04 4.401457309722900391e+00
2.501648639999999796e+04 5.448054313659667969e+00
2.501650560000000041e+04 5.165472984313964844e+00
2.501652479999999923e+04 5.533160209655761719e+00
2.501654400000000169e+04 7.849739074707031250e+00
2.501656319999999687e+04 6.977424144744873047e+00
2.501658239999999569e+04 8.261869430541992188e+00
2.501660159999999814e+04 7.688493251800537109e+00
2.501662079999999696e+04 6.736600875854492188e+00
2.501663999999999942e+04 7.374045372009277344e+00
2.501665919999999824e+04 7.088065624237060547e+00
2.501667839999999705e+04 7.259408950805664062e+00
2.501669759999999951e+04 7.160687923431396484e+00
2.501671679999999833e+04 3.892280340194702148e+00
2.501673600000000079e+04 3.885926485061645508e+00
2.501675519999999960e+04 3.881257772445678711e+00
2.501677439999999842e+04 3.877795934677124023e+00
2.501679360000000088e+04 3.865656614303588867e+00
2.501681279999999606e+04 3.863549470901489258e+00
2.501683199999999852e+04 3.857355594635009766e+00
2.501685119999999733e+04 3.852174520492553711e+00
2.501687039999999615e+04 3.846462726593017578e+00
2.501688959999999861e+04 3.844069957733154297e+00
2.501690879999999743e+04 3.842103719711303711e+00
2.501692799999999988e+04 3.834845542907714844e+00
2.501694719999999870e+04 3.830498933792114258e+00
2.501696639999999752e+04 3.824820518493652344e+00
2.501698559999999998e+04 3.823173046112060547e+00
2.501700479999999880e+04 3.820758581161499023e+00
2.501702400000000125e+04 3.811673164367675781e+00
2.501704320000000007e+04 3.807492017745971680e+00
2.501706239999999525e+04 3.805530786514282227e+00
2.501708159999999771e+04 3.798296451568603516e+00
2.501710079999999653e+04 3.796269416809082031e+00
2.501711999999999898e+04 3.787779569625854492e+00
2.501713919999999780e+04 3.785840034484863281e+00
2.501715839999999662e+04 3.783230066299438477e+00
2.501717759999999907e+04 3.773838758468627930e+00
2.501719679999999789e+04 3.770307779312133789e+00
2.501721600000000035e+04 3.764819145202636719e+00
2.501723519999999917e+04 3.762699604034423828e+00
2.501725439999999799e+04 3.757957696914672852e+00
2.501727360000000044e+04 3.755301713943481445e+00
2.501729279999999926e+04 3.746119499206542969e+00
2.501731200000000172e+04 3.742463111877441406e+00
2.501733119999999690e+04 3.737302064895629883e+00
2.501735039999999572e+04 3.735283136367797852e+00
2.501736959999999817e+04 3.738963603973388672e+00
2.501738879999999699e+04 3.745665550231933594e+00
2.501740799999999945e+04 3.754787206649780273e+00
2.501742719999999827e+04 3.764915466308593750e+00
2.501744639999999708e+04 3.775491714477539062e+00
2.501746559999999954e+04 4.402682781219482422e+00
2.501748479999999836e+04 5.361351490020751953e+00
2.501750400000000081e+04 5.214489459991455078e+00
2.501752319999999963e+04 5.511731147766113281e+00
2.501754239999999845e+04 7.864224910736083984e+00
2.501756160000000091e+04 6.967685699462890625e+00
2.501758079999999609e+04 8.278329849243164062e+00
2.501759999999999854e+04 7.682095527648925781e+00
2.501761919999999736e+04 8.248609542846679688e+00
2.501763839999999618e+04 6.531405448913574219e+00
2.501765759999999864e+04 7.676737785339355469e+00
2.501767679999999746e+04 6.890671730041503906e+00
2.501769599999999991e+04 7.505461692810058594e+00
2.501771519999999873e+04 3.896021366119384766e+00
2.501773439999999755e+04 3.889185190200805664e+00
2.501775360000000001e+04 3.884155750274658203e+00
2.501777279999999882e+04 3.880425214767456055e+00
2.501779200000000128e+04 3.867671966552734375e+00
2.501781120000000010e+04 3.865516662597656250e+00
2.501783039999999528e+04 3.862791299819946289e+00
2.501784959999999774e+04 3.859638214111328125e+00
2.501786879999999655e+04 3.852097272872924805e+00
2.501788799999999901e+04 3.844332933425903320e+00
2.501790719999999783e+04 3.842712163925170898e+00
2.501792639999999665e+04 3.840334653854370117e+00
2.501794559999999910e+04 3.831747531890869141e+00
2.501796479999999792e+04 3.828758478164672852e+00
2.501798400000000038e+04 3.822837114334106445e+00
2.501800319999999920e+04 3.819557905197143555e+00
2.501802239999999802e+04 3.814401626586914062e+00
2.501804160000000047e+04 3.809682369232177734e+00
2.501806079999999929e+04 3.804069042205810547e+00
2.501808000000000175e+04 3.799058914184570312e+00
2.501809919999999693e+04 3.794988393783569336e+00
2.501811839999999575e+04 3.791425704956054688e+00
2.501813759999999820e+04 3.787213802337646484e+00
2.501815679999999702e+04 3.782854557037353516e+00
2.501817599999999948e+04 3.775918722152709961e+00
2.501819519999999829e+04 3.772256612777709961e+00
2.501821439999999711e+04 3.769809007644653320e+00
2.501823359999999957e+04 3.764662027359008789e+00
2.501825279999999839e+04 3.761885166168212891e+00
2.501827200000000084e+04 3.754504919052124023e+00
2.501829119999999966e+04 3.748183727264404297e+00
2.501831039999999848e+04 3.744373083114624023e+00
2.501832960000000094e+04 3.738169431686401367e+00
2.501834879999999612e+04 3.736375808715820312e+00
2.501836799999999857e+04 3.740066051483154297e+00
2.501838719999999739e+04 3.748437881469726562e+00
2.501840639999999621e+04 3.754909515380859375e+00
2.501842559999999867e+04 3.766009807586669922e+00
2.501844479999999749e+04 3.777005910873413086e+00
2.501846399999999994e+04 4.441910743713378906e+00
2.501848319999999876e+04 5.429014682769775391e+00
2.501850239999999758e+04 5.180159568786621094e+00
2.501852160000000003e+04 5.560302734375000000e+00
2.501854079999999885e+04 7.852550506591796875e+00
2.501856000000000131e+04 6.979882717132568359e+00
2.501857920000000013e+04 8.284240722656250000e+00
2.501859839999999531e+04 7.683890819549560547e+00
2.501861759999999776e+04 8.240731239318847656e+00
2.501863679999999658e+04 6.555500984191894531e+00
2.501865599999999904e+04 7.648880958557128906e+00
2.501867519999999786e+04 6.918180465698242188e+00
2.501869439999999668e+04 7.483362197875976562e+00
2.501871359999999913e+04 3.907495737075805664e+00
2.501873279999999795e+04 3.891431331634521484e+00
2.501875200000000041e+04 3.886316061019897461e+00
2.501877119999999923e+04 3.882490396499633789e+00
2.501879039999999804e+04 3.869543313980102539e+00
2.501880960000000050e+04 3.867381572723388672e+00
2.501882879999999932e+04 3.862618684768676758e+00
2.501884800000000178e+04 3.855401992797851562e+00
2.501886719999999696e+04 3.851364612579345703e+00
2.501888639999999577e+04 3.846731662750244141e+00
2.501890559999999823e+04 3.844987630844116211e+00
2.501892479999999705e+04 3.840661287307739258e+00
2.501894399999999951e+04 3.835058212280273438e+00
2.501896319999999832e+04 3.830259084701538086e+00
2.501898239999999714e+04 3.824553966522216797e+00
2.501900159999999960e+04 3.821319580078125000e+00
2.501902079999999842e+04 3.817437648773193359e+00
2.501904000000000087e+04 3.811017513275146484e+00
2.501905919999999969e+04 3.805727243423461914e+00
2.501907839999999851e+04 3.799516916275024414e+00
2.501909760000000097e+04 3.798085927963256836e+00
2.501911679999999615e+04 3.790015220642089844e+00
2.501913599999999860e+04 3.788420200347900391e+00
2.501915519999999742e+04 3.783024787902832031e+00
2.501917439999999624e+04 3.779289722442626953e+00
2.501919359999999870e+04 3.774929523468017578e+00
2.501921279999999751e+04 3.768826246261596680e+00
2.501923199999999997e+04 3.766594171524047852e+00
2.501925119999999879e+04 3.763788461685180664e+00
2.501927039999999761e+04 3.760552883148193359e+00
2.501928960000000006e+04 3.750193119049072266e+00
2.501930879999999888e+04 3.746300935745239258e+00
2.501932800000000134e+04 3.740963935852050781e+00
2.501934720000000016e+04 3.738912105560302734e+00
2.501936639999999534e+04 3.734123706817626953e+00
2.501938559999999779e+04 3.737298488616943359e+00
2.501940479999999661e+04 3.744548797607421875e+00
2.501942399999999907e+04 3.751646995544433594e+00
2.501944319999999789e+04 3.763253450393676758e+00
2.501946239999999671e+04 3.841834068298339844e+00
2.501948159999999916e+04 5.226102352142333984e+00
2.501950079999999798e+04 5.356319427490234375e+00
2.501952000000000044e+04 5.425834178924560547e+00
2.501953919999999925e+04 7.897846698760986328e+00
2.501955839999999807e+04 6.897854804992675781e+00
2.501957760000000053e+04 8.323080062866210938e+00
2.501959679999999935e+04 7.649731159210205078e+00
2.501961600000000180e+04 8.255320549011230469e+00
2.501963519999999698e+04 6.549602985382080078e+00
2.501965439999999580e+04 7.677822113037109375e+00
2.501967359999999826e+04 6.905200481414794922e+00
2.501969279999999708e+04 7.519760608673095703e+00
2.501971199999999953e+04 3.909495830535888672e+00
2.501973119999999835e+04 3.900151014328002930e+00
2.501975039999999717e+04 3.893253564834594727e+00
2.501976959999999963e+04 3.888129949569702148e+00
2.501978879999999845e+04 3.873917102813720703e+00
2.501980800000000090e+04 3.871100425720214844e+00
2.501982719999999972e+04 3.867873430252075195e+00
2.501984639999999854e+04 3.864341735839843750e+00
2.501986560000000100e+04 3.854626893997192383e+00
2.501988479999999618e+04 3.849843502044677734e+00
2.501990399999999863e+04 3.846205949783325195e+00
2.501992319999999745e+04 3.843858242034912109e+00
2.501994239999999627e+04 3.840931177139282227e+00
2.501996159999999873e+04 3.832479953765869141e+00
2.501998079999999754e+04 3.827392101287841797e+00
2.502000000000000000e+04 3.822496891021728516e+00
