2.500003199999999924e+04 1.176499748229980469e+01
2.500005119999999806e+04 1.171990108489990234e+01
2.500007039999999688e+04 1.168044757843017578e+01
2.500008959999999934e+04 1.154970932006835938e+01
2.500010879999999815e+04 1.155172538757324219e+01
2.500012800000000061e+04 1.148818492889404297e+01
2.500014719999999943e+04 1.146966361999511719e+01
2.500016639999999825e+04 1.141451835632324219e+01
2.500018560000000070e+04 1.135439109802246094e+01
2.500020479999999588e+04 1.132594203948974609e+01
2.500022399999999834e+04 1.127636528015136719e+01
2.500024319999999716e+04 1.125792598724365234e+01
2.500026239999999598e+04 1.120041847229003906e+01
2.500028159999999843e+04 1.114674949645996094e+01
2.500030079999999725e+04 1.113738155364990234e+01
2.500031999999999971e+04 1.112377262115478516e+01
2.500033919999999853e+04 1.106458663940429688e+01
2.500035839999999735e+04 1.103641510009765625e+01
2.500037759999999980e+04 1.112870407104492188e+01
2.500039679999999862e+04 1.122527885437011719e+01
2.500041600000000108e+04 1.136759281158447266e+01
2.500043519999999990e+04 1.144864940643310547e+01
2.500045439999999871e+04 1.241029262542724609e+01
2.500047359999999753e+04 1.269081974029541016e+01
2.500049279999999635e+04 1.278318786621093750e+01
2.500051199999999881e+04 1.285139846801757812e+01
2.500053119999999763e+04 1.288250446319580078e+01
2.500055039999999644e+04 1.292267417907714844e+01
2.500056959999999890e+04 1.288681983947753906e+01
2.500058879999999772e+04 1.292012596130371094e+01
2.500060800000000017e+04 1.295845127105712891e+01
2.500062719999999899e+04 1.287878513336181641e+01
2.500064639999999781e+04 1.289017105102539062e+01
2.500066560000000027e+04 1.292424011230468750e+01
2.500068479999999909e+04 1.291327476501464844e+01
2.500070400000000154e+04 1.288294029235839844e+01
2.500072319999999672e+04 1.281470108032226562e+01
2.500074239999999554e+04 1.280395984649658203e+01
2.500076159999999800e+04 1.278370571136474609e+01
2.500078079999999682e+04 1.273637008666992188e+01
2.500079999999999927e+04 1.262107372283935547e+01
2.500081919999999809e+04 1.259715270996093750e+01
2.500083839999999691e+04 1.257111740112304688e+01
2.500085759999999937e+04 1.247862815856933594e+01
2.500087679999999818e+04 1.228628540039062500e+01
2.500089600000000064e+04 1.227899932861328125e+01
2.500091519999999946e+04 1.217551231384277344e+01
2.500093439999999828e+04 1.212875270843505859e+01
2.500095360000000073e+04 1.199407291412353516e+01
2.500097279999999591e+04 1.194018363952636719e+01
2.500099199999999837e+04 1.188861656188964844e+01
2.500101119999999719e+04 1.183080577850341797e+01
2.500103039999999601e+04 1.178532123565673828e+01
2.500104959999999846e+04 1.171127510070800781e+01
2.500106879999999728e+04 1.163049697875976562e+01
2.500108799999999974e+04 1.158102321624755859e+01
2.500110719999999856e+04 1.151462745666503906e+01
2.500112639999999737e+04 1.148175430297851562e+01
2.500114559999999983e+04 1.147838211059570312e+01
2.500116479999999865e+04 1.141344738006591797e+01
2.500118400000000111e+04 1.135308933258056641e+01
2.500120319999999992e+04 1.132308387756347656e+01
2.500122239999999510e+04 1.131952571868896484e+01
2.500124159999999756e+04 1.121718215942382812e+01
2.500126079999999638e+04 1.118800163269042969e+01
2.500127999999999884e+04 1.114068222045898438e+01
2.500129919999999765e+04 1.113092803955078125e+01
2.500131839999999647e+04 1.108491230010986328e+01
2.500133759999999893e+04 1.107403659820556641e+01
2.500135679999999775e+04 1.106445789337158203e+01
2.500137600000000020e+04 1.117016506195068359e+01
2.500139519999999902e+04 1.124636459350585938e+01
2.500141439999999784e+04 1.136733531951904297e+01
2.500143360000000030e+04 1.144219875335693359e+01
2.500145279999999912e+04 1.238384819030761719e+01
2.500147200000000157e+04 1.274149417877197266e+01
2.500149119999999675e+04 1.286944389343261719e+01
2.500151039999999557e+04 1.287667083740234375e+01
2.500152959999999803e+04 1.291542911529541016e+01
2.500154879999999685e+04 1.291246318817138672e+01
2.500156799999999930e+04 1.292748069763183594e+01
2.500158719999999812e+04 1.293541717529296875e+01
2.500160639999999694e+04 1.291066455841064453e+01
2.500162559999999939e+04 1.296726417541503906e+01
2.500164479999999821e+04 1.325735187530517578e+01
2.500166400000000067e+04 1.325689983367919922e+01
2.500168319999999949e+04 1.322354316711425781e+01
2.500170239999999831e+04 1.322280979156494141e+01
2.500172160000000076e+04 1.311556243896484375e+01
2.500174079999999594e+04 1.310579967498779297e+01
2.500175999999999840e+04 1.309667110443115234e+01
2.500177919999999722e+04 1.301063632965087891e+01
2.500179839999999604e+04 1.284556770324707031e+01
2.500181759999999849e+04 1.278813648223876953e+01
2.500183679999999731e+04 1.266569614410400391e+01
2.500185599999999977e+04 1.254231166839599609e+01
2.500187519999999859e+04 1.228372478485107422e+01
2.500189439999999740e+04 1.222657680511474609e+01
2.500191359999999986e+04 1.220246315002441406e+01
2.500193279999999868e+04 1.217219829559326172e+01
2.500195200000000114e+04 1.210990524291992188e+01
2.500197119999999995e+04 1.198157787322998047e+01
2.500199039999999513e+04 1.195465278625488281e+01
2.500200959999999759e+04 1.180130863189697266e+01
2.500202879999999641e+04 1.176230812072753906e+01
2.500204799999999886e+04 1.174380397796630859e+01
2.500206719999999768e+04 1.169897747039794922e+01
2.500208639999999650e+04 1.162283325195312500e+01
2.500210559999999896e+04 1.149905014038085938e+01
2.500212479999999778e+04 1.148175525665283203e+01
2.500214400000000023e+04 1.145047473907470703e+01
2.500216319999999905e+04 1.140016937255859375e+01
2.500218239999999787e+04 1.136680316925048828e+01
2.500220160000000033e+04 1.132998847961425781e+01
2.500222079999999914e+04 1.131158638000488281e+01
2.500224000000000160e+04 1.127161121368408203e+01
2.500225919999999678e+04 1.122476196289062500e+01
2.500227839999999560e+04 1.115655517578125000e+01
2.500229759999999806e+04 1.113308238983154297e+01
2.500231679999999687e+04 1.112111854553222656e+01
2.500233599999999933e+04 1.104566478729248047e+01
2.500235519999999815e+04 1.098004341125488281e+01
2.500237439999999697e+04 1.117740345001220703e+01
2.500239359999999942e+04 1.123832893371582031e+01
2.500241279999999824e+04 1.133706855773925781e+01
2.500243200000000070e+04 1.142097377777099609e+01
2.500245119999999952e+04 1.163898944854736328e+01
2.500247039999999834e+04 1.247033119201660156e+01
2.500248960000000079e+04 1.274701023101806641e+01
2.500250879999999597e+04 1.283253002166748047e+01
2.500252799999999843e+04 1.292689609527587891e+01
2.500254719999999725e+04 1.289695644378662109e+01
2.500256639999999607e+04 1.290895557403564453e+01
2.500258559999999852e+04 1.294749546051025391e+01
2.500260479999999734e+04 1.294867706298828125e+01
2.500262399999999980e+04 1.294920349121093750e+01
2.500264319999999861e+04 1.291935825347900391e+01
2.500266239999999743e+04 1.292295360565185547e+01
2.500268159999999989e+04 1.293738460540771484e+01
2.500270079999999871e+04 1.288420867919921875e+01
2.500272000000000116e+04 1.280934619903564453e+01
2.500273919999999998e+04 1.279999160766601562e+01
2.500275839999999516e+04 1.278443431854248047e+01
2.500277759999999762e+04 1.276839733123779297e+01
2.500279679999999644e+04 1.264857578277587891e+01
2.500281599999999889e+04 1.262275123596191406e+01
2.500283519999999771e+04 1.258201694488525391e+01
2.500285439999999653e+04 1.255550575256347656e+01
2.500287359999999899e+04 1.230009746551513672e+01
2.500289279999999781e+04 1.229086685180664062e+01
2.500291200000000026e+04 1.220668983459472656e+01
2.500293119999999908e+04 1.215785694122314453e+01
2.500295039999999790e+04 1.206902599334716797e+01
2.500296960000000036e+04 1.196024990081787109e+01
2.500298879999999917e+04 1.194019603729248047e+01
2.500300800000000163e+04 1.181959056854248047e+01
2.500302719999999681e+04 1.176998043060302734e+01
2.500304639999999563e+04 1.172515869140625000e+01
2.500306559999999808e+04 1.165279006958007812e+01
2.500308479999999690e+04 1.163387680053710938e+01
2.500310399999999936e+04 1.152978515625000000e+01
2.500312319999999818e+04 1.150288581848144531e+01
2.500314239999999700e+04 1.144326019287109375e+01
2.500316159999999945e+04 1.140316390991210938e+01
2.500318079999999827e+04 1.139538955688476562e+01
2.500320000000000073e+04 1.133837795257568359e+01
2.500321919999999955e+04 1.131349468231201172e+01
2.500323839999999836e+04 1.124789619445800781e+01
2.500325760000000082e+04 1.118809509277343750e+01
2.500327679999999600e+04 1.118467330932617188e+01
2.500329599999999846e+04 1.114760780334472656e+01
2.500331519999999728e+04 1.107542037963867188e+01
2.500333439999999609e+04 1.104002571105957031e+01
2.500335359999999855e+04 1.103891468048095703e+01
2.500337279999999737e+04 1.115744018554687500e+01
2.500339199999999983e+04 1.122991752624511719e+01
2.500341119999999864e+04 1.137502956390380859e+01
2.500343039999999746e+04 1.147291755676269531e+01
2.500344959999999992e+04 1.161250209808349609e+01
2.500346879999999874e+04 1.247465038299560547e+01
2.500348800000000119e+04 1.277897071838378906e+01
2.500350720000000001e+04 1.283088970184326172e+01
2.500352639999999519e+04 1.289780521392822266e+01
2.500354559999999765e+04 1.291863155364990234e+01
2.500356479999999647e+04 1.294179058074951172e+01
2.500358399999999892e+04 1.290480709075927734e+01
2.500360319999999774e+04 1.297605228424072266e+01
2.500362239999999656e+04 1.289537525177001953e+01
2.500364159999999902e+04 1.299743938446044922e+01
2.500366079999999783e+04 1.295200443267822266e+01
2.500368000000000029e+04 1.289889144897460938e+01
2.500369919999999911e+04 1.292077159881591797e+01
2.500371839999999793e+04 1.280864143371582031e+01
2.500373760000000038e+04 1.281579208374023438e+01
2.500375679999999920e+04 1.284673404693603516e+01
2.500377600000000166e+04 1.287232398986816406e+01
2.500379519999999684e+04 1.267778873443603516e+01
2.500381439999999566e+04 1.266049194335937500e+01
2.500383359999999811e+04 1.259887790679931641e+01
2.500385279999999693e+04 1.252696418762207031e+01
2.500387199999999939e+04 1.235328292846679688e+01
2.500389119999999821e+04 1.232712554931640625e+01
2.500391039999999703e+04 1.221414089202880859e+01
2.500392959999999948e+04 1.215562438964843750e+01
2.500394879999999830e+04 1.210711765289306641e+01
2.500396800000000076e+04 1.201223850250244141e+01
2.500398719999999958e+04 1.193846321105957031e+01
2.500400639999999839e+04 1.191128635406494141e+01
2.500402560000000085e+04 1.178017807006835938e+01
2.500404479999999603e+04 1.169542789459228516e+01
2.500406399999999849e+04 1.164711761474609375e+01
2.500408319999999730e+04 1.164872837066650391e+01
2.500410239999999612e+04 1.157340049743652344e+01
2.500412159999999858e+04 1.148401832580566406e+01
2.500414079999999740e+04 1.145036506652832031e+01
2.500415999999999985e+04 1.143706035614013672e+01
2.500417919999999867e+04 1.135633945465087891e+01
2.500419839999999749e+04 1.133160400390625000e+01
2.500421759999999995e+04 1.128180313110351562e+01
2.500423679999999877e+04 1.126612091064453125e+01
2.500425600000000122e+04 1.122738170623779297e+01
2.500427520000000004e+04 1.115410423278808594e+01
2.500429439999999522e+04 1.111547946929931641e+01
2.500431359999999768e+04 1.109925270080566406e+01
2.500433279999999650e+04 1.106445407867431641e+01
2.500435199999999895e+04 1.102359485626220703e+01
2.500437119999999777e+04 1.115218162536621094e+01
2.500439039999999659e+04 1.126278114318847656e+01
2.500440959999999905e+04 1.138354206085205078e+01
2.500442879999999786e+04 1.147258472442626953e+01
2.500444800000000032e+04 1.161639595031738281e+01
2.500446719999999914e+04 1.244047641754150391e+01
2.500448639999999796e+04 1.275298500061035156e+01
2.500450560000000041e+04 1.282497119903564453e+01
2.500452479999999923e+04 1.286147880554199219e+01
2.500454400000000169e+04 1.291642189025878906e+01
2.500456319999999687e+04 1.294535541534423828e+01
2.500458239999999569e+04 1.292580986022949219e+01
2.500460159999999814e+04 1.296263790130615234e+01
2.500462079999999696e+04 1.292822933197021484e+01
2.500463999999999942e+04 1.294731235504150391e+01
2.500465919999999824e+04 1.294672012329101562e+01
2.500467839999999705e+04 1.292335224151611328e+01
2.500469759999999951e+04 1.293306350708007812e+01
2.500471679999999833e+04 1.281686687469482422e+01
2.500473600000000079e+04 1.284993457794189453e+01
2.500475519999999960e+04 1.287809467315673828e+01
2.500477439999999842e+04 1.283067131042480469e+01
2.500479360000000088e+04 1.267754650115966797e+01
2.500481279999999606e+04 1.268404388427734375e+01
2.500483199999999852e+04 1.263690090179443359e+01
2.500485119999999733e+04 1.246581935882568359e+01
2.500487039999999615e+04 1.237936782836914062e+01
2.500488959999999861e+04 1.231922435760498047e+01
2.500490879999999743e+04 1.222618293762207031e+01
2.500492799999999988e+04 1.214374923706054688e+01
2.500494719999999870e+04 1.210252761840820312e+01
2.500496639999999752e+04 1.198547935485839844e+01
2.500498559999999998e+04 1.195920372009277344e+01
2.500500479999999880e+04 1.184239959716796875e+01
2.500502400000000125e+04 1.181478214263916016e+01
2.500504320000000007e+04 1.168908786773681641e+01
2.500506239999999525e+04 1.166612625122070312e+01
2.500508159999999771e+04 1.162639617919921875e+01
2.500510079999999653e+04 1.152148056030273438e+01
2.500511999999999898e+04 1.150021648406982422e+01
2.500513919999999780e+04 1.150249099731445312e+01
2.500515839999999662e+04 1.142593479156494141e+01
2.500517759999999907e+04 1.136118507385253906e+01
2.500519679999999789e+04 1.133815002441406250e+01
2.500521600000000035e+04 1.131254768371582031e+01
2.500523519999999917e+04 1.126026248931884766e+01
2.500525439999999799e+04 1.120654010772705078e+01
2.500527360000000044e+04 1.115052032470703125e+01
2.500529279999999926e+04 1.111733341217041016e+01
2.500531200000000172e+04 1.110794258117675781e+01
2.500533119999999690e+04 1.111105823516845703e+01
2.500535039999999572e+04 1.103629875183105469e+01
2.500536959999999817e+04 1.119144058227539062e+01
2.500538879999999699e+04 1.126683044433593750e+01
2.500540799999999945e+04 1.137173271179199219e+01
2.500542719999999827e+04 1.147442245483398438e+01
2.500544639999999708e+04 1.165948772430419922e+01
2.500546559999999954e+04 1.246100711822509766e+01
2.500548479999999836e+04 1.275528335571289062e+01
2.500550400000000081e+04 1.285805320739746094e+01
2.500552319999999963e+04 1.290610980987548828e+01
2.500554239999999845e+04 1.293366622924804688e+01
2.500556160000000091e+04 1.293337249755859375e+01
2.500558079999999609e+04 1.291549777984619141e+01
2.500559999999999854e+04 1.299962902069091797e+01
2.500561919999999736e+04 1.297532844543457031e+01
2.500563839999999618e+04 1.293176364898681641e+01
2.500565759999999864e+04 1.293905735015869141e+01
2.500567679999999746e+04 1.291646289825439453e+01
2.500569599999999991e+04 1.286946773529052734e+01
2.500571519999999873e+04 1.284640884399414062e+01
2.500573439999999755e+04 1.284629821777343750e+01
2.500575360000000001e+04 1.282394218444824219e+01
2.500577279999999882e+04 1.281785392761230469e+01
2.500579200000000128e+04 1.265538501739501953e+01
2.500581120000000010e+04 1.261607837677001953e+01
2.500583039999999528e+04 1.257482147216796875e+01
2.500584959999999774e+04 1.253701686859130859e+01
2.500586879999999655e+04 1.239215660095214844e+01
2.500588799999999901e+04 1.227311992645263672e+01
2.500590719999999783e+04 1.221722888946533203e+01
2.500592639999999665e+04 1.215944290161132812e+01
2.500594559999999910e+04 1.209887790679931641e+01
2.500596479999999792e+04 1.196254634857177734e+01
2.500598400000000038e+04 1.191343116760253906e+01
2.500600319999999920e+04 1.187678909301757812e+01
2.500602239999999802e+04 1.181075191497802734e+01
2.500604160000000047e+04 1.175512790679931641e+01
2.500606079999999929e+04 1.167366600036621094e+01
2.500608000000000175e+04 1.165544700622558594e+01
2.500609919999999693e+04 1.155768680572509766e+01
2.500611839999999575e+04 1.153488922119140625e+01
2.500613759999999820e+04 1.147298717498779297e+01
2.500615679999999702e+04 1.144213485717773438e+01
2.500617599999999948e+04 1.138475513458251953e+01
2.500619519999999829e+04 1.133298492431640625e+01
2.500621439999999711e+04 1.130706882476806641e+01
2.500623359999999957e+04 1.127364349365234375e+01
2.500625279999999839e+04 1.123188209533691406e+01
2.500627200000000084e+04 1.120056438446044922e+01
2.500629119999999966e+04 1.115461921691894531e+01
2.500631039999999848e+04 1.112205886840820312e+01
2.500632960000000094e+04 1.103802204132080078e+01
2.500634879999999612e+04 1.101907730102539062e+01
2.500636799999999857e+04 1.116967773437500000e+01
2.500638719999999739e+04 1.127822780609130859e+01
2.500640639999999621e+04 1.139731025695800781e+01
2.500642559999999867e+04 1.149161720275878906e+01
2.500644479999999749e+04 1.170016098022460938e+01
2.500646399999999994e+04 1.247993659973144531e+01
2.500648319999999876e+04 1.276945781707763672e+01
2.500650239999999758e+04 1.285540294647216797e+01
2.500652160000000003e+04 1.294072628021240234e+01
2.500654079999999885e+04 1.288043212890625000e+01
2.500656000000000131e+04 1.320486831665039062e+01
2.500657920000000013e+04 1.333293724060058594e+01
2.500659839999999531e+04 1.336168193817138672e+01
2.500661759999999776e+04 1.338316440582275391e+01
2.500663679999999658e+04 1.335716438293457031e+01
2.500665599999999904e+04 1.339146423339843750e+01
2.500667519999999786e+04 1.333413887023925781e+01
2.500669439999999668e+04 1.337903594970703125e+01
2.500671359999999913e+04 1.329921150207519531e+01
2.500673279999999795e+04 1.329898357391357422e+01
2.500675200000000041e+04 1.329981613159179688e+01
2.500677119999999923e+04 1.329918670654296875e+01
2.500679039999999804e+04 1.315273952484130859e+01
2.500680960000000050e+04 1.310569477081298828e+01
2.500682879999999932e+04 1.305076122283935547e+01
2.500684800000000178e+04 1.299065971374511719e+01
2.500686719999999696e+04 1.267103576660156250e+01
2.500688639999999577e+04 1.248743629455566406e+01
2.500690559999999823e+04 1.237756729125976562e+01
2.500692479999999705e+04 1.232614898681640625e+01
2.500694399999999951e+04 1.213609027862548828e+01
2.500696319999999832e+04 1.203199768066406250e+01
2.500698239999999714e+04 1.197620105743408203e+01
2.500700159999999960e+04 1.184861278533935547e+01
2.500702079999999842e+04 1.181542205810546875e+01
2.500704000000000087e+04 1.174403381347656250e+01
2.500705919999999969e+04 1.169400596618652344e+01
2.500707839999999851e+04 1.160805702209472656e+01
2.500709760000000097e+04 1.153250122070312500e+01
2.500711679999999615e+04 1.151161479949951172e+01
2.500713599999999860e+04 1.147865676879882812e+01
2.500715519999999742e+04 1.144070911407470703e+01
2.500717439999999624e+04 1.141590785980224609e+01
2.500719359999999870e+04 1.134338474273681641e+01
2.500721279999999751e+04 1.128575325012207031e+01
2.500723199999999997e+04 1.127327728271484375e+01
2.500725119999999879e+04 1.121534538269042969e+01
2.500727039999999761e+04 1.115578651428222656e+01
2.500728960000000006e+04 1.113728713989257812e+01
2.500730879999999888e+04 1.115152454376220703e+01
2.500732800000000134e+04 1.106859397888183594e+01
2.500734720000000016e+04 1.106551074981689453e+01
2.500736639999999534e+04 1.101299285888671875e+01
2.500738559999999779e+04 1.115472316741943359e+01
2.500740479999999661e+04 1.122156238555908203e+01
2.500742399999999907e+04 1.132606220245361328e+01
2.500744319999999789e+04 1.151228332519531250e+01
2.500746239999999671e+04 1.236015987396240234e+01
2.500748159999999916e+04 1.275841617584228516e+01
2.500750079999999798e+04 1.289082241058349609e+01
2.500752000000000044e+04 1.291712188720703125e+01
2.500753919999999925e+04 1.292255020141601562e+01
2.500755839999999807e+04 1.296277809143066406e+01
2.500757760000000053e+04 1.300637531280517578e+01
2.500759679999999935e+04 1.333269882202148438e+01
2.500761600000000180e+04 1.319293308258056641e+01
2.500763519999999698e+04 1.306205844879150391e+01
2.500765439999999580e+04 1.297466182708740234e+01
2.500767359999999826e+04 1.294472885131835938e+01
2.500769279999999708e+04 1.294740962982177734e+01
2.500771199999999953e+04 1.286144351959228516e+01
2.500773119999999835e+04 1.284041595458984375e+01
2.500775039999999717e+04 1.283278560638427734e+01
2.500776959999999963e+04 1.282507514953613281e+01
2.500778879999999845e+04 1.269664859771728516e+01
2.500780800000000090e+04 1.264154720306396484e+01
2.500782719999999972e+04 1.256519126892089844e+01
2.500784639999999854e+04 1.254781055450439453e+01
2.500786560000000100e+04 1.243055152893066406e+01
2.500788479999999618e+04 1.230560493469238281e+01
2.500790399999999863e+04 1.223645305633544922e+01
2.500792319999999745e+04 1.222123432159423828e+01
2.500794239999999627e+04 1.213111972808837891e+01
2.500796159999999873e+04 1.200505733489990234e+01
2.500798079999999754e+04 1.199961471557617188e+01
2.500800000000000000e+04 1.185884571075439453e+01
2.500801919999999882e+04 1.178869533538818359e+01
2.500803839999999764e+04 1.172074413299560547e+01
2.500805760000000009e+04 1.171367168426513672e+01
2.500807679999999891e+04 1.162323188781738281e+01
2.500809600000000137e+04 1.158973217010498047e+01
2.500811520000000019e+04 1.155656051635742188e+01
2.500813439999999537e+04 1.148127746582031250e+01
2.500815359999999782e+04 1.147123146057128906e+01
2.500817279999999664e+04 1.140289020538330078e+01
2.500819199999999910e+04 1.133436584472656250e+01
2.500821119999999792e+04 1.129279041290283203e+01
2.500823039999999673e+04 1.127335357666015625e+01
2.500824959999999919e+04 1.125502967834472656e+01
2.500826879999999801e+04 1.120672702789306641e+01
2.500828800000000047e+04 1.113836860656738281e+01
2.500830719999999928e+04 1.112221050262451172e+01
2.500832639999999810e+04 1.112449455261230469e+01
2.500834560000000056e+04 1.101672458648681641e+01
2.500836479999999938e+04 1.099060726165771484e+01
2.500838399999999820e+04 1.110749340057373047e+01
2.500840319999999701e+04 1.124252128601074219e+01
2.500842239999999583e+04 1.135322856903076172e+01
2.500844159999999829e+04 1.142946529388427734e+01
2.500846079999999711e+04 1.240568351745605469e+01
2.500847999999999956e+04 1.275717449188232422e+01
2.500849919999999838e+04 1.284751796722412109e+01
2.500851839999999720e+04 1.287095451354980469e+01
2.500853759999999966e+04 1.290864086151123047e+01
2.500855679999999847e+04 1.296154594421386719e+01
2.500857600000000093e+04 1.294065952301025391e+01
2.500859519999999975e+04 1.297041702270507812e+01
2.500861439999999857e+04 1.294368457794189453e+01
2.500863360000000102e+04 1.294186019897460938e+01
2.500865279999999620e+04 1.294625759124755859e+01
2.500867199999999866e+04 1.298450279235839844e+01
2.500869119999999748e+04 1.296999454498291016e+01
2.500871039999999630e+04 1.287320518493652344e+01
2.500872959999999875e+04 1.289762306213378906e+01
2.500874879999999757e+04 1.287951755523681641e+01
2.500876800000000003e+04 1.284751415252685547e+01
2.500878719999999885e+04 1.271316719055175781e+01
2.500880639999999767e+04 1.264911079406738281e+01
2.500882560000000012e+04 1.259846973419189453e+01
2.500884479999999894e+04 1.256051349639892578e+01
2.500886400000000140e+04 1.243971252441406250e+01
2.500888320000000022e+04 1.230234146118164062e+01
2.500890239999999540e+04 1.225932884216308594e+01
2.500892159999999785e+04 1.222566604614257812e+01
2.500894079999999667e+04 1.216568374633789062e+01
2.500895999999999913e+04 1.201809406280517578e+01
2.500897919999999795e+04 1.194861316680908203e+01
2.500899839999999676e+04 1.183892822265625000e+01
2.500901759999999922e+04 1.182247066497802734e+01
2.500903679999999804e+04 1.180284309387207031e+01
2.500905600000000049e+04 1.170049762725830078e+01
2.500907519999999931e+04 1.162038898468017578e+01
2.500909439999999813e+04 1.159178352355957031e+01
2.500911360000000059e+04 1.151277923583984375e+01
2.500913279999999941e+04 1.147330379486083984e+01
2.500915199999999822e+04 1.141706180572509766e+01
2.500917119999999704e+04 1.138499641418457031e+01
2.500919039999999586e+04 1.134060955047607422e+01
2.500920959999999832e+04 1.134032344818115234e+01
2.500922879999999714e+04 1.129792308807373047e+01
2.500924799999999959e+04 1.120400714874267578e+01
2.500926719999999841e+04 1.117832088470458984e+01
2.500928639999999723e+04 1.111515331268310547e+01
2.500930559999999969e+04 1.109357261657714844e+01
2.500932479999999850e+04 1.107271099090576172e+01
2.500934400000000096e+04 1.108282947540283203e+01
2.500936319999999978e+04 1.100410747528076172e+01
2.500938239999999860e+04 1.117052173614501953e+01
2.500940159999999742e+04 1.121904182434082031e+01
2.500942079999999623e+04 1.133277702331542969e+01
2.500943999999999869e+04 1.146153354644775391e+01
2.500945919999999751e+04 1.240314865112304688e+01
2.500947839999999633e+04 1.274818992614746094e+01
2.500949759999999878e+04 1.290872383117675781e+01
2.500951679999999760e+04 1.292263698577880859e+01
2.500953600000000006e+04 1.299113178253173828e+01
2.500955519999999888e+04 1.295839309692382812e+01
2.500957439999999769e+04 1.299650382995605469e+01
2.500959360000000015e+04 1.299053382873535156e+01
2.500961279999999897e+04 1.297962951660156250e+01
2.500963200000000143e+04 1.297227573394775391e+01
2.500965120000000024e+04 1.297392082214355469e+01
2.500967039999999542e+04 1.327673816680908203e+01
2.500968959999999788e+04 1.339233589172363281e+01
2.500970879999999670e+04 1.309451293945312500e+01
2.500972799999999916e+04 1.310128879547119141e+01
2.500974719999999797e+04 1.310838985443115234e+01
2.500976639999999679e+04 1.309081077575683594e+01
2.500978559999999925e+04 1.297401332855224609e+01
2.500980479999999807e+04 1.279838752746582031e+01
2.500982400000000052e+04 1.276860332489013672e+01
2.500984319999999934e+04 1.268448829650878906e+01
2.500986239999999816e+04 1.255195808410644531e+01
2.500988160000000062e+04 1.243202781677246094e+01
2.500990079999999944e+04 1.232686805725097656e+01
2.500991999999999825e+04 1.224691295623779297e+01
2.500993919999999707e+04 1.221511268615722656e+01
2.500995839999999589e+04 1.204273033142089844e+01
2.500997759999999835e+04 1.203858280181884766e+01
2.500999679999999717e+04 1.192987918853759766e+01
2.501001599999999962e+04 1.189170455932617188e+01
2.501003519999999844e+04 1.176224613189697266e+01
2.501005439999999726e+04 1.174114227294921875e+01
2.501007359999999971e+04 1.166455745697021484e+01
2.501009279999999853e+04 1.162448978424072266e+01
2.501011200000000099e+04 1.157547187805175781e+01
2.501013119999999981e+04 1.153440570831298828e+01
2.501015039999999863e+04 1.150204563140869141e+01
2.501016959999999744e+04 1.147883224487304688e+01
2.501018879999999626e+04 1.139967536926269531e+01
2.501020799999999872e+04 1.134097194671630859e+01
2.501022719999999754e+04 1.131231021881103516e+01
2.501024639999999636e+04 1.128428554534912109e+01
2.501026559999999881e+04 1.123924160003662109e+01
2.501028479999999763e+04 1.118012619018554688e+01
2.501030400000000009e+04 1.114973926544189453e+01
2.501032319999999891e+04 1.112924957275390625e+01
2.501034239999999772e+04 1.107753181457519531e+01
2.501036160000000018e+04 1.108842086791992188e+01
2.501038079999999900e+04 1.114291477203369141e+01
2.501040000000000146e+04 1.122876358032226562e+01
2.501041919999999664e+04 1.131801128387451172e+01
2.501043839999999545e+04 1.153481864929199219e+01
2.501045759999999791e+04 1.245350646972656250e+01
2.501047679999999673e+04 1.276960277557373047e+01
2.501049599999999919e+04 1.288402366638183594e+01
2.501051519999999800e+04 1.289732074737548828e+01
2.501053439999999682e+04 1.295302295684814453e+01
2.501055359999999928e+04 1.296098899841308594e+01
2.501057279999999810e+04 1.293164920806884766e+01
2.501059200000000055e+04 1.295511054992675781e+01
2.501061119999999937e+04 1.297844314575195312e+01
2.501063039999999819e+04 1.294521617889404297e+01
2.501064960000000065e+04 1.296413898468017578e+01
2.501066879999999946e+04 1.299315261840820312e+01
2.501068799999999828e+04 1.292454147338867188e+01
2.501070719999999710e+04 1.286760711669921875e+01
2.501072639999999592e+04 1.283864593505859375e+01
2.501074559999999838e+04 1.282380199432373047e+01
2.501076479999999719e+04 1.282556915283203125e+01
2.501078399999999965e+04 1.281237888336181641e+01
2.501080319999999847e+04 1.265035152435302734e+01
2.501082239999999729e+04 1.265466785430908203e+01
2.501084159999999974e+04 1.264037609100341797e+01
2.501086079999999856e+04 1.250460147857666016e+01
2.501088000000000102e+04 1.235880279541015625e+01
2.501089919999999984e+04 1.229838752746582031e+01
2.501091839999999866e+04 1.227265739440917969e+01
2.501093759999999747e+04 1.218122005462646484e+01
2.501095679999999629e+04 1.203933715820312500e+01
2.501097599999999875e+04 1.196924114227294922e+01
2.501099519999999757e+04 1.195122623443603516e+01
2.501101439999999639e+04 1.183242321014404297e+01
2.501103359999999884e+04 1.181774711608886719e+01
2.501105279999999766e+04 1.180238056182861328e+01
2.501107200000000012e+04 1.171117305755615234e+01
2.501109119999999893e+04 1.166180801391601562e+01
2.501111039999999775e+04 1.158980369567871094e+01
2.501112960000000021e+04 1.155640697479248047e+01
2.501114879999999903e+04 1.148718070983886719e+01
2.501116800000000148e+04 1.143970394134521484e+01
2.501118719999999666e+04 1.142619800567626953e+01
2.501120639999999548e+04 1.136335754394531250e+01
2.501122559999999794e+04 1.130774497985839844e+01
2.501124479999999676e+04 1.128185176849365234e+01
2.501126399999999921e+04 1.122734832763671875e+01
2.501128319999999803e+04 1.116394138336181641e+01
2.501130239999999685e+04 1.116552829742431641e+01
2.501132159999999931e+04 1.111947822570800781e+01
2.501134079999999813e+04 1.109985446929931641e+01
2.501136000000000058e+04 1.108587360382080078e+01
2.501137919999999940e+04 1.117272186279296875e+01
2.501139839999999822e+04 1.131725120544433594e+01
2.501141760000000068e+04 1.136564731597900391e+01
2.501143679999999949e+04 1.149789142608642578e+01
2.501145599999999831e+04 1.239230442047119141e+01
2.501147519999999713e+04 1.277065372467041016e+01
2.501149439999999595e+04 1.290163421630859375e+01
2.501151359999999841e+04 1.287147235870361328e+01
2.501153279999999722e+04 1.290988349914550781e+01
2.501155199999999968e+04 1.299525737762451172e+01
2.501157119999999850e+04 1.325872039794921875e+01
2.501159039999999732e+04 1.324771213531494141e+01
2.501160959999999977e+04 1.344549274444580078e+01
2.501162879999999859e+04 1.350308799743652344e+01
2.501164800000000105e+04 1.351817226409912109e+01
2.501166719999999987e+04 1.346745109558105469e+01
2.501168639999999868e+04 1.352480220794677734e+01
2.501170559999999750e+04 1.329534435272216797e+01
2.501172479999999632e+04 1.332257843017578125e+01
2.501174399999999878e+04 1.335938072204589844e+01
2.501176319999999760e+04 1.338725566864013672e+01
2.501178239999999641e+04 1.335806369781494141e+01
2.501180159999999887e+04 1.320258903503417969e+01
2.501182079999999769e+04 1.316789817810058594e+01
2.501184000000000015e+04 1.309326267242431641e+01
2.501185919999999896e+04 1.298856830596923828e+01
2.501187839999999778e+04 1.260999965667724609e+01
2.501189760000000024e+04 1.242937564849853516e+01
2.501191679999999906e+04 1.239557838439941406e+01
2.501193600000000151e+04 1.237465763092041016e+01
2.501195519999999669e+04 1.216096401214599609e+01
2.501197439999999551e+04 1.198967456817626953e+01
2.501199359999999797e+04 1.195620918273925781e+01
2.501201279999999679e+04 1.189138412475585938e+01
2.501203199999999924e+04 1.180803585052490234e+01
2.501205119999999806e+04 1.172574615478515625e+01
2.501207039999999688e+04 1.169954967498779297e+01
2.501208959999999934e+04 1.161145019531250000e+01
2.501210879999999815e+04 1.157883358001708984e+01
2.501212800000000061e+04 1.151750087738037109e+01
2.501214719999999943e+04 1.148962402343750000e+01
2.501216639999999825e+04 1.148227977752685547e+01
2.501218560000000070e+04 1.143451404571533203e+01
2.501220479999999588e+04 1.135255527496337891e+01
2.501222399999999834e+04 1.133185291290283203e+01
2.501224319999999716e+04 1.130346870422363281e+01
2.501226239999999598e+04 1.127116584777832031e+01
2.501228159999999843e+04 1.119122123718261719e+01
2.501230079999999725e+04 1.117591094970703125e+01
2.501231999999999971e+04 1.116839694976806641e+01
2.501233919999999853e+04 1.113218593597412109e+01
2.501235839999999735e+04 1.104744529724121094e+01
2.501237759999999980e+04 1.120399379730224609e+01
2.501239679999999862e+04 1.130156040191650391e+01
2.501241600000000108e+04 1.137001228332519531e+01
2.501243519999999990e+04 1.149090480804443359e+01
2.501245439999999871e+04 1.237564182281494141e+01
2.501247359999999753e+04 1.279076576232910156e+01
2.501249279999999635e+04 1.292081928253173828e+01
2.501251199999999881e+04 1.292067909240722656e+01
2.501253119999999763e+04 1.293574428558349609e+01
2.501255039999999644e+04 1.296782112121582031e+01
2.501256959999999890e+04 1.299615859985351562e+01
2.501258879999999772e+04 1.296761322021484375e+01
2.501260800000000017e+04 1.297778701782226562e+01
2.501262719999999899e+04 1.295482349395751953e+01
2.501264639999999781e+04 1.294626712799072266e+01
2.501266560000000027e+04 1.298406314849853516e+01
2.501268479999999909e+04 1.302004051208496094e+01
2.501270400000000154e+04 1.291877841949462891e+01
2.501272319999999672e+04 1.286904048919677734e+01
2.501274239999999554e+04 1.289184474945068359e+01
2.501276159999999800e+04 1.288622379302978516e+01
2.501278079999999682e+04 1.278075408935546875e+01
2.501279999999999927e+04 1.269950103759765625e+01
2.501281919999999809e+04 1.267503738403320312e+01
2.501283839999999691e+04 1.264922332763671875e+01
2.501285759999999937e+04 1.262591457366943359e+01
2.501287679999999818e+04 1.235173511505126953e+01
2.501289600000000064e+04 1.230847549438476562e+01
2.501291519999999946e+04 1.228066158294677734e+01
2.501293439999999828e+04 1.220879554748535156e+01
2.501295360000000073e+04 1.205960464477539062e+01
2.501297279999999591e+04 1.199594879150390625e+01
2.501299199999999837e+04 1.198390865325927734e+01
2.501301119999999719e+04 1.190694046020507812e+01
2.501303039999999601e+04 1.183559989929199219e+01
2.501304959999999846e+04 1.175979232788085938e+01
2.501306879999999728e+04 1.170270347595214844e+01
2.501308799999999974e+04 1.163803482055664062e+01
2.501310719999999856e+04 1.160308456420898438e+01
2.501312639999999737e+04 1.157804775238037109e+01
2.501314559999999983e+04 1.151851081848144531e+01
2.501316479999999865e+04 1.146499156951904297e+01
2.501318400000000111e+04 1.141120433807373047e+01
2.501320319999999992e+04 1.135368061065673828e+01
2.501322239999999510e+04 1.133075809478759766e+01
2.501324159999999756e+04 1.131735134124755859e+01
2.501326079999999638e+04 1.127155113220214844e+01
2.501327999999999884e+04 1.119168090820312500e+01
2.501329919999999765e+04 1.118586921691894531e+01
2.501331839999999647e+04 1.116798114776611328e+01
2.501333759999999893e+04 1.111860084533691406e+01
2.501335679999999775e+04 1.107353305816650391e+01
2.501337600000000020e+04 1.124094676971435547e+01
2.501339519999999902e+04 1.128356933593750000e+01
2.501341439999999784e+04 1.138487052917480469e+01
2.501343360000000030e+04 1.151276016235351562e+01
2.501345279999999912e+04 1.245489215850830078e+01
2.501347200000000157e+04 1.278141307830810547e+01
2.501349119999999675e+04 1.294658279418945312e+01
2.501351039999999557e+04 1.287389755249023438e+01
2.501352959999999803e+04 1.295001316070556641e+01
2.501354879999999685e+04 1.299838638305664062e+01
2.501356799999999930e+04 1.322422122955322266e+01
2.501358719999999812e+04 1.337440395355224609e+01
2.501360639999999694e+04 1.342598247528076172e+01
2.501362559999999939e+04 1.340629196166992188e+01
2.501364479999999821e+04 1.343246269226074219e+01
2.501366400000000067e+04 1.344827842712402344e+01
2.501368319999999949e+04 1.339731884002685547e+01
2.501370239999999831e+04 1.339116382598876953e+01
2.501372160000000076e+04 1.324580383300781250e+01
2.501374079999999594e+04 1.324758911132812500e+01
2.501375999999999840e+04 1.323614025115966797e+01
2.501377919999999722e+04 1.309290409088134766e+01
2.501379839999999604e+04 1.284665966033935547e+01
2.501381759999999849e+04 1.277679824829101562e+01
2.501383679999999731e+04 1.271425819396972656e+01
2.501385599999999977e+04 1.265458679199218750e+01
2.501387519999999859e+04 1.235308933258056641e+01
2.501389439999999740e+04 1.235329627990722656e+01
2.501391359999999986e+04 1.230246448516845703e+01
2.501393279999999868e+04 1.217825508117675781e+01
2.501395200000000114e+04 1.214385223388671875e+01
2.501397119999999995e+04 1.199594497680664062e+01
2.501399039999999513e+04 1.193752098083496094e+01
2.501400959999999759e+04 1.188130950927734375e+01
2.501402879999999641e+04 1.188235855102539062e+01
2.501404799999999886e+04 1.177196693420410156e+01
2.501406719999999768e+04 1.167710018157958984e+01
2.501408639999999650e+04 1.168010902404785156e+01
2.501410559999999896e+04 1.158669567108154297e+01
2.501412479999999778e+04 1.156064319610595703e+01
2.501414400000000023e+04 1.154801368713378906e+01
2.501416319999999905e+04 1.148833274841308594e+01
2.501418239999999787e+04 1.139124393463134766e+01
2.501420160000000033e+04 1.139100074768066406e+01
2.501422079999999914e+04 1.135532283782958984e+01
2.501424000000000160e+04 1.128615283966064453e+01
2.501425919999999678e+04 1.125618457794189453e+01
2.501427839999999560e+04 1.125912952423095703e+01
2.501429759999999806e+04 1.120310497283935547e+01
2.501431679999999687e+04 1.118381023406982422e+01
2.501433599999999933e+04 1.111449813842773438e+01
2.501435519999999815e+04 1.108392620086669922e+01
2.501437439999999697e+04 1.121219730377197266e+01
2.501439359999999942e+04 1.131711769104003906e+01
2.501441279999999824e+04 1.141317558288574219e+01
2.501443200000000070e+04 1.153663921356201172e+01
2.501445119999999952e+04 1.166628742218017578e+01
2.501447039999999834e+04 1.253314304351806641e+01
2.501448960000000079e+04 1.283560466766357422e+01
2.501450879999999597e+04 1.288530921936035156e+01
2.501452799999999843e+04 1.295977592468261719e+01
2.501454719999999725e+04 1.299239063262939453e+01
2.501456639999999607e+04 1.301011085510253906e+01
2.501458559999999852e+04 1.303467273712158203e+01
2.501460479999999734e+04 1.300861263275146484e+01
2.501462399999999980e+04 1.295125770568847656e+01
2.501464319999999861e+04 1.298741436004638672e+01
2.501466239999999743e+04 1.305307960510253906e+01
2.501468159999999989e+04 1.299832630157470703e+01
2.501470079999999871e+04 1.292404747009277344e+01
2.501472000000000116e+04 1.288640499114990234e+01
2.501473919999999998e+04 1.290057182312011719e+01
2.501475839999999516e+04 1.288521289825439453e+01
2.501477759999999762e+04 1.281551170349121094e+01
2.501479679999999644e+04 1.272496891021728516e+01
2.501481599999999889e+04 1.269533538818359375e+01
2.501483519999999771e+04 1.267447090148925781e+01
2.501485439999999653e+04 1.256815528869628906e+01
2.501487359999999899e+04 1.238570499420166016e+01
2.501489279999999781e+04 1.232921218872070312e+01
2.501491200000000026e+04 1.226838588714599609e+01
2.501493119999999908e+04 1.225739955902099609e+01
2.501495039999999790e+04 1.208013725280761719e+01
2.501496960000000036e+04 1.204155063629150391e+01
2.501498879999999917e+04 1.194440746307373047e+01
2.501500800000000163e+04 1.193219661712646484e+01
2.501502719999999681e+04 1.190814590454101562e+01
2.501504639999999563e+04 1.177145385742187500e+01
2.501506559999999808e+04 1.174595165252685547e+01
2.501508479999999690e+04 1.166282367706298828e+01
2.501510399999999936e+04 1.159915065765380859e+01
2.501512319999999818e+04 1.152273082733154297e+01
2.501514239999999700e+04 1.148636817932128906e+01
2.501516159999999945e+04 1.142951011657714844e+01
2.501518079999999827e+04 1.142791843414306641e+01
2.501520000000000073e+04 1.134588336944580078e+01
2.501521919999999955e+04 1.132919979095458984e+01
2.501523839999999836e+04 1.131554222106933594e+01
2.501525760000000082e+04 1.129201030731201172e+01
2.501527679999999600e+04 1.125307846069335938e+01
2.501529599999999846e+04 1.119034481048583984e+01
2.501531519999999728e+04 1.117000102996826172e+01
2.501533439999999609e+04 1.114625072479248047e+01
2.501535359999999855e+04 1.110872936248779297e+01
2.501537279999999737e+04 1.126928615570068359e+01
2.501539199999999983e+04 1.129564094543457031e+01
2.501541119999999864e+04 1.140271949768066406e+01
2.501543039999999746e+04 1.158537197113037109e+01
2.501544959999999992e+04 1.167930793762207031e+01
2.501546879999999874e+04 1.254519081115722656e+01
2.501548800000000119e+04 1.284800243377685547e+01
2.501550720000000001e+04 1.291388607025146484e+01
2.501552639999999519e+04 1.296345615386962891e+01
2.501554559999999765e+04 1.299427413940429688e+01
2.501556479999999647e+04 1.296729469299316406e+01
2.501558399999999892e+04 1.301582717895507812e+01
2.501560319999999774e+04 1.312020301818847656e+01
2.501562239999999656e+04 1.302635383605957031e+01
2.501564159999999902e+04 1.333136940002441406e+01
2.501566079999999783e+04 1.322618675231933594e+01
2.501568000000000029e+04 1.339046096801757812e+01
2.501569919999999911e+04 1.309442806243896484e+01
2.501571839999999793e+04 1.322670078277587891e+01
2.501573760000000038e+04 1.321453380584716797e+01
2.501575679999999920e+04 1.319633007049560547e+01
2.501577600000000166e+04 1.317601871490478516e+01
2.501579519999999684e+04 1.288169002532958984e+01
2.501581439999999566e+04 1.278304386138916016e+01
2.501583359999999811e+04 1.267949867248535156e+01
2.501585279999999693e+04 1.258226871490478516e+01
2.501587199999999939e+04 1.236851310729980469e+01
2.501589119999999821e+04 1.232850456237792969e+01
2.501591039999999703e+04 1.228553581237792969e+01
2.501592959999999948e+04 1.219180679321289062e+01
2.501594879999999830e+04 1.212346458435058594e+01
2.501596800000000076e+04 1.204212474822998047e+01
2.501598719999999958e+04 1.195478057861328125e+01
2.501600639999999839e+04 1.190442752838134766e+01
2.501602560000000085e+04 1.182294464111328125e+01
2.501604479999999603e+04 1.177966308593750000e+01
2.501606399999999849e+04 1.173669624328613281e+01
2.501608319999999730e+04 1.165082168579101562e+01
2.501610239999999612e+04 1.158544540405273438e+01
2.501612159999999858e+04 1.156387138366699219e+01
2.501614079999999740e+04 1.153855800628662109e+01
2.501615999999999985e+04 1.148610782623291016e+01
2.501617919999999867e+04 1.140931224822998047e+01
2.501619839999999749e+04 1.139408874511718750e+01
2.501621759999999995e+04 1.136990928649902344e+01
2.501623679999999877e+04 1.133016109466552734e+01
2.501625600000000122e+04 1.128415870666503906e+01
2.501627520000000004e+04 1.119971561431884766e+01
2.501629439999999522e+04 1.117634201049804688e+01
2.501631359999999768e+04 1.116800403594970703e+01
2.501633279999999650e+04 1.116560268402099609e+01
2.501635199999999895e+04 1.106135749816894531e+01
2.501637119999999777e+04 1.120609569549560547e+01
2.501639039999999659e+04 1.132192993164062500e+01
2.501640959999999905e+04 1.142692852020263672e+01
2.501642879999999786e+04 1.151739501953125000e+01
2.501644800000000032e+04 1.174210166931152344e+01
2.501646719999999914e+04 1.247016906738281250e+01
2.501648639999999796e+04 1.283076286315917969e+01
2.501650560000000041e+04 1.294318866729736328e+01
2.501652479999999923e+04 1.296362400054931641e+01
2.501654400000000169e+04 1.300123119354248047e+01
2.501656319999999687e+04 1.301365089416503906e+01
2.501658239999999569e+04 1.303964138031005859e+01
2.501660159999999814e+04 1.303360748291015625e+01
2.501662079999999696e+04 1.305142974853515625e+01
2.501663999999999942e+04 1.305522918701171875e+01
2.501665919999999824e+04 1.299902153015136719e+01
2.501667839999999705e+04 1.302337837219238281e+01
2.501669759999999951e+04 1.294777870178222656e+01
2.501671679999999833e+04 1.289336872100830078e+01
2.501673600000000079e+04 1.292059612274169922e+01
2.501675519999999960e+04 1.291614341735839844e+01
2.501677439999999842e+04 1.289807033538818359e+01
2.501679360000000088e+04 1.271016597747802734e+01
2.501681279999999606e+04 1.270572471618652344e+01
2.501683199999999852e+04 1.260970878601074219e+01
2.501685119999999733e+04 1.254558753967285156e+01
2.501687039999999615e+04 1.240976142883300781e+01
2.501688959999999861e+04 1.234157657623291016e+01
2.501690879999999743e+04 1.231924724578857422e+01
2.501692799999999988e+04 1.220330810546875000e+01
2.501694719999999870e+04 1.213255977630615234e+01
2.501696639999999752e+04 1.201446914672851562e+01
2.501698559999999998e+04 1.197727394104003906e+01
2.501700479999999880e+04 1.195462322235107422e+01
2.501702400000000125e+04 1.184829616546630859e+01
2.501704320000000007e+04 1.180267143249511719e+01
2.501706239999999525e+04 1.176098537445068359e+01
2.501708159999999771e+04 1.166928195953369141e+01
2.501710079999999653e+04 1.163902568817138672e+01
2.501711999999999898e+04 1.156363010406494141e+01
2.501713919999999780e+04 1.153889656066894531e+01
2.501715839999999662e+04 1.151953411102294922e+01
2.501717759999999907e+04 1.142843151092529297e+01
2.501719679999999789e+04 1.138690280914306641e+01
2.501721600000000035e+04 1.131580543518066406e+01
2.501723519999999917e+04 1.129938697814941406e+01
2.501725439999999799e+04 1.129804897308349609e+01
2.501727360000000044e+04 1.128185558319091797e+01
2.501729279999999926e+04 1.118401050567626953e+01
2.501731200000000172e+04 1.117585849761962891e+01
2.501733119999999690e+04 1.111322975158691406e+01
2.501735039999999572e+04 1.107580566406250000e+01
2.501736959999999817e+04 1.123519992828369141e+01
2.501738879999999699e+04 1.133882427215576172e+01
2.501740799999999945e+04 1.140546226501464844e+01
2.501742719999999827e+04 1.158757686614990234e+01
2.501744639999999708e+04 1.170687866210937500e+01
2.501746559999999954e+04 1.251698589324951172e+01
2.501748479999999836e+04 1.281316566467285156e+01
2.501750400000000081e+04 1.293214893341064453e+01
2.501752319999999963e+04 1.296651363372802734e+01
2.501754239999999845e+04 1.297152137756347656e+01
2.501756160000000091e+04 1.300849914550781250e+01
2.501758079999999609e+04 1.304987049102783203e+01
2.501759999999999854e+04 1.301693725585937500e+01
2.501761919999999736e+04 1.303530216217041016e+01
2.501763839999999618e+04 1.304272747039794922e+01
2.501765759999999864e+04 1.329491806030273438e+01
2.501767679999999746e+04 1.331052112579345703e+01
2.501769599999999991e+04 1.338792228698730469e+01
2.501771519999999873e+04 1.335812854766845703e+01
2.501773439999999755e+04 1.335904121398925781e+01
2.501775360000000001e+04 1.335951423645019531e+01
2.501777279999999882e+04 1.335947990417480469e+01
2.501779200000000128e+04 1.313874244689941406e+01
2.501781120000000010e+04 1.309027957916259766e+01
2.501783039999999528e+04 1.303244209289550781e+01
2.501784959999999774e+04 1.297060203552246094e+01
2.501786879999999655e+04 1.277435779571533203e+01
2.501788799999999901e+04 1.233816909790039062e+01
2.501790719999999783e+04 1.228592395782470703e+01
2.501792639999999665e+04 1.224872493743896484e+01
2.501794559999999910e+04 1.212181758880615234e+01
2.501796479999999792e+04 1.205721282958984375e+01
2.501798400000000038e+04 1.195870494842529297e+01
2.501800319999999920e+04 1.193435287475585938e+01
2.501802239999999802e+04 1.185742568969726562e+01
2.501804160000000047e+04 1.178358745574951172e+01
2.501806079999999929e+04 1.170726394653320312e+01
2.501808000000000175e+04 1.166417217254638672e+01
2.501809919999999693e+04 1.160196971893310547e+01
2.501811839999999575e+04 1.157207584381103516e+01
2.501813759999999820e+04 1.152976703643798828e+01
2.501815679999999702e+04 1.148831939697265625e+01
2.501817599999999948e+04 1.141052913665771484e+01
2.501819519999999829e+04 1.137300395965576172e+01
2.501821439999999711e+04 1.137646293640136719e+01
2.501823359999999957e+04 1.133397960662841797e+01
2.501825279999999839e+04 1.132437705993652344e+01
2.501827200000000084e+04 1.119793415069580078e+01
2.501829119999999966e+04 1.120322036743164062e+01
2.501831039999999848e+04 1.115310287475585938e+01
2.501832960000000094e+04 1.110120201110839844e+01
2.501834879999999612e+04 1.108965492248535156e+01
2.501836799999999857e+04 1.126180171966552734e+01
2.501838719999999739e+04 1.136330795288085938e+01
2.501840639999999621e+04 1.142322540283203125e+01
2.501842559999999867e+04 1.156179714202880859e+01
2.501844479999999749e+04 1.168454647064208984e+01
2.501846399999999994e+04 1.257785129547119141e+01
2.501848319999999876e+04 1.287010669708251953e+01
2.501850239999999758e+04 1.293020820617675781e+01
2.501852160000000003e+04 1.297900962829589844e+01
2.501854079999999885e+04 1.306379604339599609e+01
2.501856000000000131e+04 1.335356521606445312e+01
2.501857920000000013e+04 1.352771949768066406e+01
2.501859839999999531e+04 1.362900543212890625e+01
2.501861759999999776e+04 1.358331775665283203e+01
2.501863679999999658e+04 1.356005668640136719e+01
2.501865599999999904e+04 1.353346157073974609e+01
2.501867519999999786e+04 1.358251476287841797e+01
2.501869439999999668e+04 1.358606910705566406e+01
2.501871359999999913e+04 1.333778858184814453e+01
2.501873279999999795e+04 1.329670619964599609e+01
2.501875200000000041e+04 1.328008937835693359e+01
2.501877119999999923e+04 1.326152420043945312e+01
2.501879039999999804e+04 1.293150806427001953e+01
2.501880960000000050e+04 1.286636257171630859e+01
2.501882879999999932e+04 1.276348495483398438e+01
2.501884800000000178e+04 1.259037113189697266e+01
2.501886719999999696e+04 1.246912765502929688e+01
2.501888639999999577e+04 1.235645580291748047e+01
2.501890559999999823e+04 1.231672000885009766e+01
2.501892479999999705e+04 1.224352359771728516e+01
2.501894399999999951e+04 1.214861488342285156e+01
2.501896319999999832e+04 1.205366897583007812e+01
2.501898239999999714e+04 1.201074790954589844e+01
2.501900159999999960e+04 1.194099330902099609e+01
2.501902079999999842e+04 1.188368606567382812e+01
2.501904000000000087e+04 1.179669284820556641e+01
2.501905919999999969e+04 1.170738220214843750e+01
2.501907839999999851e+04 1.164454555511474609e+01
2.501909760000000097e+04 1.162989044189453125e+01
2.501911679999999615e+04 1.156092453002929688e+01
2.501913599999999860e+04 1.152896881103515625e+01
2.501915519999999742e+04 1.151558017730712891e+01
2.501917439999999624e+04 1.143779087066650391e+01
2.501919359999999870e+04 1.140430068969726562e+01
2.501921279999999751e+04 1.136326503753662109e+01
2.501923199999999997e+04 1.136180782318115234e+01
2.501925119999999879e+04 1.132421398162841797e+01
2.501927039999999761e+04 1.127339458465576172e+01
2.501928960000000006e+04 1.122148036956787109e+01
2.501930879999999888e+04 1.117286872863769531e+01
2.501932800000000134e+04 1.112399959564208984e+01
2.501934720000000016e+04 1.111446857452392578e+01
2.501936639999999534e+04 1.106906795501708984e+01
2.501938559999999779e+04 1.117120742797851562e+01
2.501940479999999661e+04 1.127471733093261719e+01
2.501942399999999907e+04 1.134372234344482422e+01
2.501944319999999789e+04 1.153944969177246094e+01
2.501946239999999671e+04 1.242245388031005859e+01
2.501948159999999916e+04 1.282936096191406250e+01
2.501950079999999798e+04 1.290240764617919922e+01
2.501952000000000044e+04 1.296432590484619141e+01
2.501953919999999925e+04 1.304086685180664062e+01
2.501955839999999807e+04 1.299469280242919922e+01
2.501957760000000053e+04 1.304423713684082031e+01
2.501959679999999935e+04 1.301773834228515625e+01
2.501961600000000180e+04 1.300941467285156250e+01
2.501963519999999698e+04 1.301462173461914062e+01
2.501965439999999580e+04 1.303309440612792969e+01
2.501967359999999826e+04 1.302165603637695312e+01
2.501969279999999708e+04 1.305196285247802734e+01
2.501971199999999953e+04 1.290849781036376953e+01
2.501973119999999835e+04 1.289063262939453125e+01
2.501975039999999717e+04 1.288672924041748047e+01
2.501976959999999963e+04 1.289663982391357422e+01
2.501978879999999845e+04 1.274163246154785156e+01
2.501980800000000090e+04 1.269728946685791016e+01
2.501982719999999972e+04 1.266007423400878906e+01
2.501984639999999854e+04 1.262380886077880859e+01
2.501986560000000100e+04 1.251774215698242188e+01
2.501988479999999618e+04 1.234864139556884766e+01
2.501990399999999863e+04 1.233069515228271484e+01
2.501992319999999745e+04 1.231575679779052734e+01
2.501994239999999627e+04 1.225290298461914062e+01
2.501996159999999873e+04 1.206545639038085938e+01
2.501998079999999754e+04 1.201703643798828125e+01
2.502000000000000000e+04 1.192549037933349609e+01
