2.500003199999999924e+04 0.000000000000000000e+00
2.500005119999999806e+04 0.000000000000000000e+00
2.500007039999999688e+04 0.000000000000000000e+00
2.500008959999999934e+04 0.000000000000000000e+00
2.500010879999999815e+04 0.000000000000000000e+00
2.500012800000000061e+04 0.000000000000000000e+00
2.500014719999999943e+04 0.000000000000000000e+00
2.500016639999999825e+04 0.000000000000000000e+00
2.500018560000000070e+04 0.000000000000000000e+00
2.500020479999999588e+04 0.000000000000000000e+00
2.500022399999999834e+04 0.000000000000000000e+00
2.500024319999999716e+04 0.000000000000000000e+00
2.500026239999999598e+04 0.000000000000000000e+00
2.500028159999999843e+04 0.000000000000000000e+00
2.500030079999999725e+04 0.000000000000000000e+00
2.500031999999999971e+04 0.000000000000000000e+00
2.500033919999999853e+04 0.000000000000000000e+00
2.500035839999999735e+04 0.000000000000000000e+00
2.500037759999999980e+04 0.000000000000000000e+00
2.500039679999999862e+04 0.000000000000000000e+00
2.500041600000000108e+04 0.000000000000000000e+00
2.500043519999999990e+04 0.000000000000000000e+00
2.500045439999999871e+04 3.798692226409912109e+00
2.500047359999999753e+04 5.851072788238525391e+00
2.500049279999999635e+04 6.512316703796386719e+00
2.500051199999999881e+04 7.023237705230712891e+00
2.500053119999999763e+04 1.968525123596191406e+01
2.500055039999999644e+04 2.560301017761230469e+01
2.500056959999999890e+04 2.985685920715332031e+01
2.500058879999999772e+04 3.238313293457031250e+01
2.500060800000000017e+04 1.921191596984863281e+01
2.500062719999999899e+04 2.039355087280273438e+01
2.500064639999999781e+04 2.034253311157226562e+01
2.500066560000000027e+04 2.039940452575683594e+01
2.500068479999999909e+04 2.102387428283691406e+01
2.500070400000000154e+04 3.267791569232940674e-01
2.500072319999999672e+04 6.284875869750976562e-01
2.500074239999999554e+04 6.284757256507873535e-01
2.500076159999999800e+04 6.284742355346679688e-01
2.500078079999999682e+04 0.000000000000000000e+00
2.500079999999999927e+04 0.000000000000000000e+00
2.500081919999999809e+04 0.000000000000000000e+00
2.500083839999999691e+04 0.000000000000000000e+00
2.500085759999999937e+04 0.000000000000000000e+00
2.500087679999999818e+04 0.000000000000000000e+00
2.500089600000000064e+04 0.000000000000000000e+00
2.500091519999999946e+04 0.000000000000000000e+00
2.500093439999999828e+04 0.000000000000000000e+00
2.500095360000000073e+04 0.000000000000000000e+00
2.500097279999999591e+04 0.000000000000000000e+00
2.500099199999999837e+04 0.000000000000000000e+00
2.500101119999999719e+04 0.000000000000000000e+00
2.500103039999999601e+04 0.000000000000000000e+00
2.500104959999999846e+04 0.000000000000000000e+00
2.500106879999999728e+04 0.000000000000000000e+00
2.500108799999999974e+04 0.000000000000000000e+00
2.500110719999999856e+04 0.000000000000000000e+00
2.500112639999999737e+04 0.000000000000000000e+00
2.500114559999999983e+04 0.000000000000000000e+00
2.500116479999999865e+04 0.000000000000000000e+00
2.500118400000000111e+04 0.000000000000000000e+00
2.500120319999999992e+04 0.000000000000000000e+00
2.500122239999999510e+04 0.000000000000000000e+00
2.500124159999999756e+04 0.000000000000000000e+00
2.500126079999999638e+04 0.000000000000000000e+00
2.500127999999999884e+04 0.000000000000000000e+00
2.500129919999999765e+04 0.000000000000000000e+00
2.500131839999999647e+04 0.000000000000000000e+00
2.500133759999999893e+04 0.000000000000000000e+00
2.500135679999999775e+04 0.000000000000000000e+00
2.500137600000000020e+04 0.000000000000000000e+00
2.500139519999999902e+04 0.000000000000000000e+00
2.500141439999999784e+04 0.000000000000000000e+00
2.500143360000000030e+04 0.000000000000000000e+00
2.500145279999999912e+04 3.800655364990234375e+00
2.500147200000000157e+04 5.854914665222167969e+00
2.500149119999999675e+04 6.516497135162353516e+00
2.500151039999999557e+04 7.009156703948974609e+00
2.500152959999999803e+04 1.969832801818847656e+01
2.500154879999999685e+04 2.562045669555664062e+01
2.500156799999999930e+04 2.987600517272949219e+01
2.500158719999999812e+04 3.240516281127929688e+01
2.500160639999999694e+04 1.922737884521484375e+01
2.500162559999999939e+04 2.040663909912109375e+01
2.500164479999999821e+04 2.035352706909179688e+01
2.500166400000000067e+04 2.041134262084960938e+01
2.500168319999999949e+04 2.104234313964843750e+01
2.500170239999999831e+04 3.282320499420166016e-01
2.500172160000000076e+04 6.296387314796447754e-01
2.500174079999999594e+04 6.296241283416748047e-01
2.500175999999999840e+04 6.296204924583435059e-01
2.500177919999999722e+04 0.000000000000000000e+00
2.500179839999999604e+04 0.000000000000000000e+00
2.500181759999999849e+04 0.000000000000000000e+00
2.500183679999999731e+04 0.000000000000000000e+00
2.500185599999999977e+04 0.000000000000000000e+00
2.500187519999999859e+04 0.000000000000000000e+00
2.500189439999999740e+04 0.000000000000000000e+00
2.500191359999999986e+04 0.000000000000000000e+00
2.500193279999999868e+04 0.000000000000000000e+00
2.500195200000000114e+04 0.000000000000000000e+00
2.500197119999999995e+04 0.000000000000000000e+00
2.500199039999999513e+04 0.000000000000000000e+00
2.500200959999999759e+04 0.000000000000000000e+00
2.500202879999999641e+04 0.000000000000000000e+00
2.500204799999999886e+04 0.000000000000000000e+00
2.500206719999999768e+04 0.000000000000000000e+00
2.500208639999999650e+04 0.000000000000000000e+00
2.500210559999999896e+04 0.000000000000000000e+00
2.500212479999999778e+04 0.000000000000000000e+00
2.500214400000000023e+04 0.000000000000000000e+00
2.500216319999999905e+04 0.000000000000000000e+00
2.500218239999999787e+04 0.000000000000000000e+00
2.500220160000000033e+04 0.000000000000000000e+00
2.500222079999999914e+04 0.000000000000000000e+00
2.500224000000000160e+04 0.000000000000000000e+00
2.500225919999999678e+04 0.000000000000000000e+00
2.500227839999999560e+04 0.000000000000000000e+00
2.500229759999999806e+04 0.000000000000000000e+00
2.500231679999999687e+04 0.000000000000000000e+00
2.500233599999999933e+04 0.000000000000000000e+00
2.500235519999999815e+04 0.000000000000000000e+00
2.500237439999999697e+04 0.000000000000000000e+00
2.500239359999999942e+04 0.000000000000000000e+00
2.500241279999999824e+04 0.000000000000000000e+00
2.500243200000000070e+04 0.000000000000000000e+00
2.500245119999999952e+04 2.312090635299682617e+00
2.500247039999999834e+04 3.805565357208251953e+00
2.500248960000000079e+04 5.857174873352050781e+00
2.500250879999999597e+04 6.520113468170166016e+00
2.500252799999999843e+04 1.566836643218994141e+01
2.500254719999999725e+04 2.260621452331542969e+01
2.500256639999999607e+04 2.804159545898437500e+01
2.500258559999999852e+04 3.105028533935546875e+01
2.500260479999999734e+04 1.926112365722656250e+01
2.500262399999999980e+04 1.937954521179199219e+01
2.500264319999999861e+04 2.038082122802734375e+01
2.500266239999999743e+04 2.042375755310058594e+01
2.500268159999999989e+04 2.039157104492187500e+01
2.500270079999999871e+04 3.289892673492431641e-01
2.500272000000000116e+04 6.307126879692077637e-01
2.500273919999999998e+04 6.306971907615661621e-01
2.500275839999999516e+04 6.306926012039184570e-01
2.500277759999999762e+04 0.000000000000000000e+00
2.500279679999999644e+04 0.000000000000000000e+00
2.500281599999999889e+04 0.000000000000000000e+00
2.500283519999999771e+04 0.000000000000000000e+00
2.500285439999999653e+04 0.000000000000000000e+00
2.500287359999999899e+04 0.000000000000000000e+00
2.500289279999999781e+04 0.000000000000000000e+00
2.500291200000000026e+04 0.000000000000000000e+00
2.500293119999999908e+04 0.000000000000000000e+00
2.500295039999999790e+04 0.000000000000000000e+00
2.500296960000000036e+04 0.000000000000000000e+00
2.500298879999999917e+04 0.000000000000000000e+00
2.500300800000000163e+04 0.000000000000000000e+00
2.500302719999999681e+04 0.000000000000000000e+00
2.500304639999999563e+04 0.000000000000000000e+00
2.500306559999999808e+04 0.000000000000000000e+00
2.500308479999999690e+04 0.000000000000000000e+00
2.500310399999999936e+04 0.000000000000000000e+00
2.500312319999999818e+04 0.000000000000000000e+00
2.500314239999999700e+04 0.000000000000000000e+00
2.500316159999999945e+04 0.000000000000000000e+00
2.500318079999999827e+04 0.000000000000000000e+00
2.500320000000000073e+04 0.000000000000000000e+00
2.500321919999999955e+04 0.000000000000000000e+00
2.500323839999999836e+04 0.000000000000000000e+00
2.500325760000000082e+04 0.000000000000000000e+00
2.500327679999999600e+04 0.000000000000000000e+00
2.500329599999999846e+04 0.000000000000000000e+00
2.500331519999999728e+04 0.000000000000000000e+00
2.500333439999999609e+04 0.000000000000000000e+00
2.500335359999999855e+04 0.000000000000000000e+00
2.500337279999999737e+04 0.000000000000000000e+00
2.500339199999999983e+04 0.000000000000000000e+00
2.500341119999999864e+04 0.000000000000000000e+00
2.500343039999999746e+04 0.000000000000000000e+00
2.500344959999999992e+04 2.313042640686035156e+00
2.500346879999999874e+04 3.807361602783203125e+00
2.500348800000000119e+04 5.860170841217041016e+00
2.500350720000000001e+04 6.523570537567138672e+00
2.500352639999999519e+04 1.588655376434326172e+01
2.500354559999999765e+04 2.280722808837890625e+01
2.500356479999999647e+04 2.822436332702636719e+01
2.500358399999999892e+04 3.122034263610839844e+01
2.500360319999999774e+04 1.927151679992675781e+01
2.500362239999999656e+04 1.949581718444824219e+01
2.500364159999999902e+04 2.042980003356933594e+01
2.500366079999999783e+04 2.043450164794921875e+01
2.500368000000000029e+04 2.041762924194335938e+01
2.500369919999999911e+04 3.299911022186279297e-01
2.500371839999999793e+04 6.317346692085266113e-01
2.500373760000000038e+04 6.317184567451477051e-01
2.500375679999999920e+04 6.317131519317626953e-01
2.500377600000000166e+04 0.000000000000000000e+00
2.500379519999999684e+04 0.000000000000000000e+00
2.500381439999999566e+04 0.000000000000000000e+00
2.500383359999999811e+04 0.000000000000000000e+00
2.500385279999999693e+04 0.000000000000000000e+00
2.500387199999999939e+04 0.000000000000000000e+00
2.500389119999999821e+04 0.000000000000000000e+00
2.500391039999999703e+04 0.000000000000000000e+00
2.500392959999999948e+04 0.000000000000000000e+00
2.500394879999999830e+04 0.000000000000000000e+00
2.500396800000000076e+04 0.000000000000000000e+00
2.500398719999999958e+04 0.000000000000000000e+00
2.500400639999999839e+04 0.000000000000000000e+00
2.500402560000000085e+04 0.000000000000000000e+00
2.500404479999999603e+04 0.000000000000000000e+00
2.500406399999999849e+04 0.000000000000000000e+00
2.500408319999999730e+04 0.000000000000000000e+00
2.500410239999999612e+04 0.000000000000000000e+00
2.500412159999999858e+04 0.000000000000000000e+00
2.500414079999999740e+04 0.000000000000000000e+00
2.500415999999999985e+04 0.000000000000000000e+00
2.500417919999999867e+04 0.000000000000000000e+00
2.500419839999999749e+04 0.000000000000000000e+00
2.500421759999999995e+04 0.000000000000000000e+00
2.500423679999999877e+04 0.000000000000000000e+00
2.500425600000000122e+04 0.000000000000000000e+00
2.500427520000000004e+04 0.000000000000000000e+00
2.500429439999999522e+04 0.000000000000000000e+00
2.500431359999999768e+04 0.000000000000000000e+00
2.500433279999999650e+04 0.000000000000000000e+00
2.500435199999999895e+04 0.000000000000000000e+00
2.500437119999999777e+04 0.000000000000000000e+00
2.500439039999999659e+04 0.000000000000000000e+00
2.500440959999999905e+04 0.000000000000000000e+00
2.500442879999999786e+04 0.000000000000000000e+00
2.500444800000000032e+04 2.313986539840698242e+00
2.500446719999999914e+04 3.846424579620361328e+00
2.500448639999999796e+04 5.863386154174804688e+00
2.500450560000000041e+04 6.526725292205810547e+00
2.500452479999999923e+04 1.590191173553466797e+01
2.500454400000000169e+04 2.282333374023437500e+01
2.500456319999999687e+04 2.824574089050292969e+01
2.500458239999999569e+04 3.124125289916992188e+01
2.500460159999999814e+04 1.928215408325195312e+01
2.500462079999999696e+04 1.951408767700195312e+01
2.500463999999999942e+04 2.044094467163085938e+01
2.500465919999999824e+04 2.045149993896484375e+01
2.500467839999999705e+04 2.045644760131835938e+01
2.500469759999999951e+04 3.309520781040191650e-01
2.500471679999999833e+04 6.327247023582458496e-01
2.500473600000000079e+04 6.327079534530639648e-01
2.500475519999999960e+04 6.327021718025207520e-01
2.500477439999999842e+04 0.000000000000000000e+00
2.500479360000000088e+04 0.000000000000000000e+00
2.500481279999999606e+04 0.000000000000000000e+00
2.500483199999999852e+04 0.000000000000000000e+00
2.500485119999999733e+04 0.000000000000000000e+00
2.500487039999999615e+04 0.000000000000000000e+00
2.500488959999999861e+04 0.000000000000000000e+00
2.500490879999999743e+04 0.000000000000000000e+00
2.500492799999999988e+04 0.000000000000000000e+00
2.500494719999999870e+04 0.000000000000000000e+00
2.500496639999999752e+04 0.000000000000000000e+00
2.500498559999999998e+04 0.000000000000000000e+00
2.500500479999999880e+04 0.000000000000000000e+00
2.500502400000000125e+04 0.000000000000000000e+00
2.500504320000000007e+04 0.000000000000000000e+00
2.500506239999999525e+04 0.000000000000000000e+00
2.500508159999999771e+04 0.000000000000000000e+00
2.500510079999999653e+04 0.000000000000000000e+00
2.500511999999999898e+04 0.000000000000000000e+00
2.500513919999999780e+04 0.000000000000000000e+00
2.500515839999999662e+04 0.000000000000000000e+00
2.500517759999999907e+04 0.000000000000000000e+00
2.500519679999999789e+04 0.000000000000000000e+00
2.500521600000000035e+04 0.000000000000000000e+00
2.500523519999999917e+04 0.000000000000000000e+00
2.500525439999999799e+04 0.000000000000000000e+00
2.500527360000000044e+04 0.000000000000000000e+00
2.500529279999999926e+04 0.000000000000000000e+00
2.500531200000000172e+04 0.000000000000000000e+00
2.500533119999999690e+04 0.000000000000000000e+00
2.500535039999999572e+04 0.000000000000000000e+00
2.500536959999999817e+04 0.000000000000000000e+00
2.500538879999999699e+04 0.000000000000000000e+00
2.500540799999999945e+04 0.000000000000000000e+00
2.500542719999999827e+04 0.000000000000000000e+00
2.500544639999999708e+04 2.314924716949462891e+00
2.500546559999999954e+04 3.885629415512084961e+00
2.500548479999999836e+04 5.866498947143554688e+00
2.500550400000000081e+04 6.529861927032470703e+00
2.500552319999999963e+04 1.580865478515625000e+01
2.500554239999999845e+04 2.274624443054199219e+01
2.500556160000000091e+04 2.818003654479980469e+01
2.500558079999999609e+04 3.119944953918457031e+01
2.500559999999999854e+04 3.318918609619140625e+01
2.500561919999999736e+04 2.036646842956542969e+01
2.500563839999999618e+04 2.039880752563476562e+01
2.500565759999999864e+04 2.047804450988769531e+01
2.500567679999999746e+04 2.110135841369628906e+01
2.500569599999999991e+04 3.348489105701446533e-01
2.500571519999999873e+04 6.336602568626403809e-01
2.500573439999999755e+04 6.336504220962524414e-01
2.500575360000000001e+04 6.336497664451599121e-01
2.500577279999999882e+04 0.000000000000000000e+00
2.500579200000000128e+04 0.000000000000000000e+00
2.500581120000000010e+04 0.000000000000000000e+00
2.500583039999999528e+04 0.000000000000000000e+00
2.500584959999999774e+04 0.000000000000000000e+00
2.500586879999999655e+04 0.000000000000000000e+00
2.500588799999999901e+04 0.000000000000000000e+00
2.500590719999999783e+04 0.000000000000000000e+00
2.500592639999999665e+04 0.000000000000000000e+00
2.500594559999999910e+04 0.000000000000000000e+00
2.500596479999999792e+04 0.000000000000000000e+00
2.500598400000000038e+04 0.000000000000000000e+00
2.500600319999999920e+04 0.000000000000000000e+00
2.500602239999999802e+04 0.000000000000000000e+00
2.500604160000000047e+04 0.000000000000000000e+00
2.500606079999999929e+04 0.000000000000000000e+00
2.500608000000000175e+04 0.000000000000000000e+00
2.500609919999999693e+04 0.000000000000000000e+00
2.500611839999999575e+04 0.000000000000000000e+00
2.500613759999999820e+04 0.000000000000000000e+00
2.500615679999999702e+04 0.000000000000000000e+00
2.500617599999999948e+04 0.000000000000000000e+00
2.500619519999999829e+04 0.000000000000000000e+00
2.500621439999999711e+04 0.000000000000000000e+00
2.500623359999999957e+04 0.000000000000000000e+00
2.500625279999999839e+04 0.000000000000000000e+00
2.500627200000000084e+04 0.000000000000000000e+00
2.500629119999999966e+04 0.000000000000000000e+00
2.500631039999999848e+04 0.000000000000000000e+00
2.500632960000000094e+04 0.000000000000000000e+00
2.500634879999999612e+04 0.000000000000000000e+00
2.500636799999999857e+04 0.000000000000000000e+00
2.500638719999999739e+04 0.000000000000000000e+00
2.500640639999999621e+04 0.000000000000000000e+00
2.500642559999999867e+04 0.000000000000000000e+00
2.500644479999999749e+04 2.315856218338012695e+00
2.500646399999999994e+04 3.887373924255371094e+00
2.500648319999999876e+04 5.869345664978027344e+00
2.500650239999999758e+04 6.533130645751953125e+00
2.500652160000000003e+04 1.582372379302978516e+01
2.500654079999999885e+04 2.276562118530273438e+01
2.500656000000000131e+04 2.820009040832519531e+01
2.500657920000000013e+04 3.122120857238769531e+01
2.500659839999999531e+04 3.321237182617187500e+01
2.500661759999999776e+04 2.037629508972167969e+01
2.500663679999999658e+04 2.040993690490722656e+01
2.500665599999999904e+04 2.048757362365722656e+01
2.500667519999999786e+04 2.110964202880859375e+01
2.500669439999999668e+04 3.354012668132781982e-01
2.500671359999999913e+04 6.346545219421386719e-01
2.500673279999999795e+04 6.346334218978881836e-01
2.500675200000000041e+04 6.346243023872375488e-01
2.500677119999999923e+04 0.000000000000000000e+00
2.500679039999999804e+04 0.000000000000000000e+00
2.500680960000000050e+04 0.000000000000000000e+00
2.500682879999999932e+04 0.000000000000000000e+00
2.500684800000000178e+04 0.000000000000000000e+00
2.500686719999999696e+04 0.000000000000000000e+00
2.500688639999999577e+04 0.000000000000000000e+00
2.500690559999999823e+04 0.000000000000000000e+00
2.500692479999999705e+04 0.000000000000000000e+00
2.500694399999999951e+04 0.000000000000000000e+00
2.500696319999999832e+04 0.000000000000000000e+00
2.500698239999999714e+04 0.000000000000000000e+00
2.500700159999999960e+04 0.000000000000000000e+00
2.500702079999999842e+04 0.000000000000000000e+00
2.500704000000000087e+04 0.000000000000000000e+00
2.500705919999999969e+04 0.000000000000000000e+00
2.500707839999999851e+04 0.000000000000000000e+00
2.500709760000000097e+04 0.000000000000000000e+00
2.500711679999999615e+04 0.000000000000000000e+00
2.500713599999999860e+04 0.000000000000000000e+00
2.500715519999999742e+04 0.000000000000000000e+00
2.500717439999999624e+04 0.000000000000000000e+00
2.500719359999999870e+04 0.000000000000000000e+00
2.500721279999999751e+04 0.000000000000000000e+00
2.500723199999999997e+04 0.000000000000000000e+00
2.500725119999999879e+04 0.000000000000000000e+00
2.500727039999999761e+04 0.000000000000000000e+00
2.500728960000000006e+04 0.000000000000000000e+00
2.500730879999999888e+04 0.000000000000000000e+00
2.500732800000000134e+04 0.000000000000000000e+00
2.500734720000000016e+04 0.000000000000000000e+00
2.500736639999999534e+04 0.000000000000000000e+00
2.500738559999999779e+04 0.000000000000000000e+00
2.500740479999999661e+04 0.000000000000000000e+00
2.500742399999999907e+04 0.000000000000000000e+00
2.500744319999999789e+04 0.000000000000000000e+00
2.500746239999999671e+04 3.811179637908935547e+00
2.500748159999999916e+04 5.872560977935791016e+00
2.500750079999999798e+04 6.536220550537109375e+00
2.500752000000000044e+04 1.518191051483154297e+01
2.500753919999999925e+04 2.236680793762207031e+01
2.500755839999999807e+04 2.795181846618652344e+01
2.500757760000000053e+04 3.106637191772460938e+01
2.500759679999999935e+04 3.319159317016601562e+01
2.500761600000000180e+04 2.031418800354003906e+01
2.500763519999999698e+04 2.041864776611328125e+01
2.500765439999999580e+04 2.049725723266601562e+01
2.500767359999999826e+04 2.106429481506347656e+01
2.500769279999999708e+04 3.366473913192749023e-01
2.500771199999999953e+04 6.355552077293395996e-01
2.500773119999999835e+04 6.355208158493041992e-01
2.500775039999999717e+04 6.355258822441101074e-01
2.500776959999999963e+04 0.000000000000000000e+00
2.500778879999999845e+04 0.000000000000000000e+00
2.500780800000000090e+04 0.000000000000000000e+00
2.500782719999999972e+04 0.000000000000000000e+00
2.500784639999999854e+04 0.000000000000000000e+00
2.500786560000000100e+04 0.000000000000000000e+00
2.500788479999999618e+04 0.000000000000000000e+00
2.500790399999999863e+04 0.000000000000000000e+00
2.500792319999999745e+04 0.000000000000000000e+00
2.500794239999999627e+04 0.000000000000000000e+00
2.500796159999999873e+04 0.000000000000000000e+00
2.500798079999999754e+04 0.000000000000000000e+00
2.500800000000000000e+04 0.000000000000000000e+00
2.500801919999999882e+04 0.000000000000000000e+00
2.500803839999999764e+04 0.000000000000000000e+00
2.500805760000000009e+04 0.000000000000000000e+00
2.500807679999999891e+04 0.000000000000000000e+00
2.500809600000000137e+04 0.000000000000000000e+00
2.500811520000000019e+04 0.000000000000000000e+00
2.500813439999999537e+04 0.000000000000000000e+00
2.500815359999999782e+04 0.000000000000000000e+00
2.500817279999999664e+04 0.000000000000000000e+00
2.500819199999999910e+04 0.000000000000000000e+00
2.500821119999999792e+04 0.000000000000000000e+00
2.500823039999999673e+04 0.000000000000000000e+00
2.500824959999999919e+04 0.000000000000000000e+00
2.500826879999999801e+04 0.000000000000000000e+00
2.500828800000000047e+04 0.000000000000000000e+00
2.500830719999999928e+04 0.000000000000000000e+00
2.500832639999999810e+04 0.000000000000000000e+00
2.500834560000000056e+04 0.000000000000000000e+00
2.500836479999999938e+04 0.000000000000000000e+00
2.500838399999999820e+04 0.000000000000000000e+00
2.500840319999999701e+04 0.000000000000000000e+00
2.500842239999999583e+04 0.000000000000000000e+00
2.500844159999999829e+04 0.000000000000000000e+00
2.500846079999999711e+04 3.812891483306884766e+00
2.500847999999999956e+04 5.875365734100341797e+00
2.500849919999999838e+04 6.540030956268310547e+00
2.500851839999999720e+04 1.519638442993164062e+01
2.500853759999999966e+04 2.238490104675292969e+01
2.500855679999999847e+04 2.797195243835449219e+01
2.500857600000000093e+04 3.108838844299316406e+01
2.500859519999999975e+04 3.320674896240234375e+01
2.500861439999999857e+04 2.033202362060546875e+01
2.500863360000000102e+04 2.042945098876953125e+01
2.500865279999999620e+04 2.050718307495117188e+01
2.500867199999999866e+04 2.108446502685546875e+01
2.500869119999999748e+04 3.373682200908660889e-01
2.500871039999999630e+04 6.364929080009460449e-01
2.500872959999999875e+04 6.364827752113342285e-01
2.500874879999999757e+04 6.364817619323730469e-01
2.500876800000000003e+04 0.000000000000000000e+00
2.500878719999999885e+04 0.000000000000000000e+00
2.500880639999999767e+04 0.000000000000000000e+00
2.500882560000000012e+04 0.000000000000000000e+00
2.500884479999999894e+04 0.000000000000000000e+00
2.500886400000000140e+04 0.000000000000000000e+00
2.500888320000000022e+04 0.000000000000000000e+00
2.500890239999999540e+04 0.000000000000000000e+00
2.500892159999999785e+04 0.000000000000000000e+00
2.500894079999999667e+04 0.000000000000000000e+00
2.500895999999999913e+04 0.000000000000000000e+00
2.500897919999999795e+04 0.000000000000000000e+00
2.500899839999999676e+04 0.000000000000000000e+00
2.500901759999999922e+04 0.000000000000000000e+00
2.500903679999999804e+04 0.000000000000000000e+00
2.500905600000000049e+04 0.000000000000000000e+00
2.500907519999999931e+04 0.000000000000000000e+00
2.500909439999999813e+04 0.000000000000000000e+00
2.500911360000000059e+04 0.000000000000000000e+00
2.500913279999999941e+04 0.000000000000000000e+00
2.500915199999999822e+04 0.000000000000000000e+00
2.500917119999999704e+04 0.000000000000000000e+00
2.500919039999999586e+04 0.000000000000000000e+00
2.500920959999999832e+04 0.000000000000000000e+00
2.500922879999999714e+04 0.000000000000000000e+00
2.500924799999999959e+04 0.000000000000000000e+00
2.500926719999999841e+04 0.000000000000000000e+00
2.500928639999999723e+04 0.000000000000000000e+00
2.500930559999999969e+04 0.000000000000000000e+00
2.500932479999999850e+04 0.000000000000000000e+00
2.500934400000000096e+04 0.000000000000000000e+00
2.500936319999999978e+04 0.000000000000000000e+00
2.500938239999999860e+04 0.000000000000000000e+00
2.500940159999999742e+04 0.000000000000000000e+00
2.500942079999999623e+04 0.000000000000000000e+00
2.500943999999999869e+04 0.000000000000000000e+00
2.500945919999999751e+04 3.814575433731079102e+00
2.500947839999999633e+04 5.878174304962158203e+00
2.500949759999999878e+04 6.542683124542236328e+00
2.500951679999999760e+04 1.521396446228027344e+01
2.500953600000000006e+04 2.240316009521484375e+01
2.500955519999999888e+04 2.799223327636718750e+01
2.500957439999999769e+04 3.111042976379394531e+01
2.500959360000000015e+04 3.322129440307617188e+01
2.500961279999999897e+04 2.035146522521972656e+01
2.500963200000000143e+04 2.044018554687500000e+01
2.500965120000000024e+04 2.051853942871093750e+01
2.500967039999999542e+04 2.109193992614746094e+01
2.500968959999999788e+04 3.382545411586761475e-01
2.500970879999999670e+04 6.374725103378295898e-01
2.500972799999999916e+04 6.374508142471313477e-01
2.500974719999999797e+04 6.374411582946777344e-01
2.500976639999999679e+04 6.537296772003173828e-01
2.500978559999999925e+04 0.000000000000000000e+00
2.500980479999999807e+04 0.000000000000000000e+00
2.500982400000000052e+04 0.000000000000000000e+00
2.500984319999999934e+04 0.000000000000000000e+00
2.500986239999999816e+04 0.000000000000000000e+00
2.500988160000000062e+04 0.000000000000000000e+00
2.500990079999999944e+04 0.000000000000000000e+00
2.500991999999999825e+04 0.000000000000000000e+00
2.500993919999999707e+04 0.000000000000000000e+00
2.500995839999999589e+04 0.000000000000000000e+00
2.500997759999999835e+04 0.000000000000000000e+00
2.500999679999999717e+04 0.000000000000000000e+00
2.501001599999999962e+04 0.000000000000000000e+00
2.501003519999999844e+04 0.000000000000000000e+00
2.501005439999999726e+04 0.000000000000000000e+00
2.501007359999999971e+04 0.000000000000000000e+00
2.501009279999999853e+04 0.000000000000000000e+00
2.501011200000000099e+04 0.000000000000000000e+00
2.501013119999999981e+04 0.000000000000000000e+00
2.501015039999999863e+04 0.000000000000000000e+00
2.501016959999999744e+04 0.000000000000000000e+00
2.501018879999999626e+04 0.000000000000000000e+00
2.501020799999999872e+04 0.000000000000000000e+00
2.501022719999999754e+04 0.000000000000000000e+00
2.501024639999999636e+04 0.000000000000000000e+00
2.501026559999999881e+04 0.000000000000000000e+00
2.501028479999999763e+04 0.000000000000000000e+00
2.501030400000000009e+04 0.000000000000000000e+00
2.501032319999999891e+04 0.000000000000000000e+00
2.501034239999999772e+04 0.000000000000000000e+00
2.501036160000000018e+04 0.000000000000000000e+00
2.501038079999999900e+04 0.000000000000000000e+00
2.501040000000000146e+04 0.000000000000000000e+00
2.501041919999999664e+04 0.000000000000000000e+00
2.501043839999999545e+04 0.000000000000000000e+00
2.501045759999999791e+04 3.816254854202270508e+00
2.501047679999999673e+04 5.880964756011962891e+00
2.501049599999999919e+04 6.546452999114990234e+00
2.501051519999999800e+04 1.584533214569091797e+01
2.501053439999999682e+04 2.297147178649902344e+01
2.501055359999999928e+04 2.850943374633789062e+01
2.501057279999999810e+04 3.158303070068359375e+01
2.501059200000000055e+04 3.360045242309570312e+01
2.501061119999999937e+04 2.042122077941894531e+01
2.501063039999999819e+04 2.045236778259277344e+01
2.501064960000000065e+04 2.081597518920898438e+01
2.501066879999999946e+04 2.119798469543457031e+01
2.501068799999999828e+04 3.391142189502716064e-01
2.501070719999999710e+04 6.383551359176635742e-01
2.501072639999999592e+04 6.383358240127563477e-01
2.501074559999999838e+04 6.383455395698547363e-01
2.501076479999999719e+04 6.547182798385620117e-01
2.501078399999999965e+04 0.000000000000000000e+00
2.501080319999999847e+04 0.000000000000000000e+00
2.501082239999999729e+04 0.000000000000000000e+00
2.501084159999999974e+04 0.000000000000000000e+00
2.501086079999999856e+04 0.000000000000000000e+00
2.501088000000000102e+04 0.000000000000000000e+00
2.501089919999999984e+04 0.000000000000000000e+00
2.501091839999999866e+04 0.000000000000000000e+00
2.501093759999999747e+04 0.000000000000000000e+00
2.501095679999999629e+04 0.000000000000000000e+00
2.501097599999999875e+04 0.000000000000000000e+00
2.501099519999999757e+04 0.000000000000000000e+00
2.501101439999999639e+04 0.000000000000000000e+00
2.501103359999999884e+04 0.000000000000000000e+00
2.501105279999999766e+04 0.000000000000000000e+00
2.501107200000000012e+04 0.000000000000000000e+00
2.501109119999999893e+04 0.000000000000000000e+00
2.501111039999999775e+04 0.000000000000000000e+00
2.501112960000000021e+04 0.000000000000000000e+00
2.501114879999999903e+04 0.000000000000000000e+00
2.501116800000000148e+04 0.000000000000000000e+00
2.501118719999999666e+04 0.000000000000000000e+00
2.501120639999999548e+04 0.000000000000000000e+00
2.501122559999999794e+04 0.000000000000000000e+00
2.501124479999999676e+04 0.000000000000000000e+00
2.501126399999999921e+04 0.000000000000000000e+00
2.501128319999999803e+04 0.000000000000000000e+00
2.501130239999999685e+04 0.000000000000000000e+00
2.501132159999999931e+04 0.000000000000000000e+00
2.501134079999999813e+04 0.000000000000000000e+00
2.501136000000000058e+04 0.000000000000000000e+00
2.501137919999999940e+04 0.000000000000000000e+00
2.501139839999999822e+04 0.000000000000000000e+00
2.501141760000000068e+04 0.000000000000000000e+00
2.501143679999999949e+04 0.000000000000000000e+00
2.501145599999999831e+04 3.817912340164184570e+00
2.501147519999999713e+04 5.883770942687988281e+00
2.501149439999999595e+04 6.549648761749267578e+00
2.501151359999999841e+04 7.045622348785400391e+00
2.501153279999999722e+04 1.986859703063964844e+01
2.501155199999999968e+04 2.581517791748046875e+01
2.501157119999999850e+04 3.009104347229003906e+01
2.501159039999999732e+04 3.264625549316406250e+01
2.501160959999999977e+04 1.941816711425781250e+01
2.501162879999999859e+04 2.052165412902832031e+01
2.501164800000000105e+04 2.046875000000000000e+01
2.501166719999999987e+04 2.053223991394042969e+01
2.501168639999999868e+04 3.382570445537567139e-01
2.501170559999999750e+04 6.393576264381408691e-01
2.501172479999999632e+04 6.393387317657470703e-01
2.501174399999999878e+04 6.393311023712158203e-01
2.501176319999999760e+04 6.423828005790710449e-01
2.501178239999999641e+04 0.000000000000000000e+00
2.501180159999999887e+04 0.000000000000000000e+00
2.501182079999999769e+04 0.000000000000000000e+00
2.501184000000000015e+04 0.000000000000000000e+00
2.501185919999999896e+04 0.000000000000000000e+00
2.501187839999999778e+04 0.000000000000000000e+00
2.501189760000000024e+04 0.000000000000000000e+00
2.501191679999999906e+04 0.000000000000000000e+00
2.501193600000000151e+04 0.000000000000000000e+00
2.501195519999999669e+04 0.000000000000000000e+00
2.501197439999999551e+04 0.000000000000000000e+00
2.501199359999999797e+04 0.000000000000000000e+00
2.501201279999999679e+04 0.000000000000000000e+00
2.501203199999999924e+04 0.000000000000000000e+00
2.501205119999999806e+04 0.000000000000000000e+00
2.501207039999999688e+04 0.000000000000000000e+00
2.501208959999999934e+04 0.000000000000000000e+00
2.501210879999999815e+04 0.000000000000000000e+00
2.501212800000000061e+04 0.000000000000000000e+00
2.501214719999999943e+04 0.000000000000000000e+00
2.501216639999999825e+04 0.000000000000000000e+00
2.501218560000000070e+04 0.000000000000000000e+00
2.501220479999999588e+04 0.000000000000000000e+00
2.501222399999999834e+04 0.000000000000000000e+00
2.501224319999999716e+04 0.000000000000000000e+00
2.501226239999999598e+04 0.000000000000000000e+00
2.501228159999999843e+04 0.000000000000000000e+00
2.501230079999999725e+04 0.000000000000000000e+00
2.501231999999999971e+04 0.000000000000000000e+00
2.501233919999999853e+04 0.000000000000000000e+00
2.501235839999999735e+04 0.000000000000000000e+00
2.501237759999999980e+04 0.000000000000000000e+00
2.501239679999999862e+04 0.000000000000000000e+00
2.501241600000000108e+04 0.000000000000000000e+00
2.501243519999999990e+04 0.000000000000000000e+00
2.501245439999999871e+04 3.819593191146850586e+00
2.501247359999999753e+04 5.886981964111328125e+00
2.501249279999999635e+04 6.552650928497314453e+00
2.501251199999999881e+04 7.049263954162597656e+00
2.501253119999999763e+04 1.988505363464355469e+01
2.501255039999999644e+04 2.583584976196289062e+01
2.501256959999999890e+04 3.011204719543457031e+01
2.501258879999999772e+04 3.267029571533203125e+01
2.501260800000000017e+04 1.943612098693847656e+01
2.501262719999999899e+04 2.053296470642089844e+01
2.501264639999999781e+04 2.047926902770996094e+01
2.501266560000000027e+04 2.054541015625000000e+01
2.501268479999999909e+04 2.124792289733886719e+01
2.501270400000000154e+04 3.384622335433959961e-01
2.501272319999999672e+04 6.402924656867980957e-01
2.501274239999999554e+04 6.402742266654968262e-01
2.501276159999999800e+04 6.402671337127685547e-01
2.501278079999999682e+04 0.000000000000000000e+00
2.501279999999999927e+04 0.000000000000000000e+00
2.501281919999999809e+04 0.000000000000000000e+00
2.501283839999999691e+04 0.000000000000000000e+00
2.501285759999999937e+04 0.000000000000000000e+00
2.501287679999999818e+04 0.000000000000000000e+00
2.501289600000000064e+04 0.000000000000000000e+00
2.501291519999999946e+04 0.000000000000000000e+00
2.501293439999999828e+04 0.000000000000000000e+00
2.501295360000000073e+04 0.000000000000000000e+00
2.501297279999999591e+04 0.000000000000000000e+00
2.501299199999999837e+04 0.000000000000000000e+00
2.501301119999999719e+04 0.000000000000000000e+00
2.501303039999999601e+04 0.000000000000000000e+00
2.501304959999999846e+04 0.000000000000000000e+00
2.501306879999999728e+04 0.000000000000000000e+00
2.501308799999999974e+04 0.000000000000000000e+00
2.501310719999999856e+04 0.000000000000000000e+00
2.501312639999999737e+04 0.000000000000000000e+00
2.501314559999999983e+04 0.000000000000000000e+00
2.501316479999999865e+04 0.000000000000000000e+00
2.501318400000000111e+04 0.000000000000000000e+00
2.501320319999999992e+04 0.000000000000000000e+00
2.501322239999999510e+04 0.000000000000000000e+00
2.501324159999999756e+04 0.000000000000000000e+00
2.501326079999999638e+04 0.000000000000000000e+00
2.501327999999999884e+04 0.000000000000000000e+00
2.501329919999999765e+04 0.000000000000000000e+00
2.501331839999999647e+04 0.000000000000000000e+00
2.501333759999999893e+04 0.000000000000000000e+00
2.501335679999999775e+04 0.000000000000000000e+00
2.501337600000000020e+04 0.000000000000000000e+00
2.501339519999999902e+04 0.000000000000000000e+00
2.501341439999999784e+04 0.000000000000000000e+00
2.501343360000000030e+04 0.000000000000000000e+00
2.501345279999999912e+04 3.821286201477050781e+00
2.501347200000000157e+04 5.889334678649902344e+00
2.501349119999999675e+04 6.555484294891357422e+00
2.501351039999999557e+04 7.052875518798828125e+00
2.501352959999999803e+04 1.990155029296875000e+01
2.501354879999999685e+04 2.585435676574707031e+01
2.501356799999999930e+04 3.013420104980468750e+01
2.501358719999999812e+04 3.269194793701171875e+01
2.501360639999999694e+04 1.945507621765136719e+01
2.501362559999999939e+04 2.054319953918457031e+01
2.501364479999999821e+04 2.049016571044921875e+01
2.501366400000000067e+04 2.055779075622558594e+01
2.501368319999999949e+04 2.126628684997558594e+01
2.501370239999999831e+04 3.393535614013671875e-01
2.501372160000000076e+04 6.411685347557067871e-01
2.501374079999999594e+04 6.411609053611755371e-01
2.501375999999999840e+04 6.411617398262023926e-01
2.501377919999999722e+04 0.000000000000000000e+00
2.501379839999999604e+04 0.000000000000000000e+00
2.501381759999999849e+04 0.000000000000000000e+00
2.501383679999999731e+04 0.000000000000000000e+00
2.501385599999999977e+04 0.000000000000000000e+00
2.501387519999999859e+04 0.000000000000000000e+00
2.501389439999999740e+04 0.000000000000000000e+00
2.501391359999999986e+04 0.000000000000000000e+00
2.501393279999999868e+04 0.000000000000000000e+00
2.501395200000000114e+04 0.000000000000000000e+00
2.501397119999999995e+04 0.000000000000000000e+00
2.501399039999999513e+04 0.000000000000000000e+00
2.501400959999999759e+04 0.000000000000000000e+00
2.501402879999999641e+04 0.000000000000000000e+00
2.501404799999999886e+04 0.000000000000000000e+00
2.501406719999999768e+04 0.000000000000000000e+00
2.501408639999999650e+04 0.000000000000000000e+00
2.501410559999999896e+04 0.000000000000000000e+00
2.501412479999999778e+04 0.000000000000000000e+00
2.501414400000000023e+04 0.000000000000000000e+00
2.501416319999999905e+04 0.000000000000000000e+00
2.501418239999999787e+04 0.000000000000000000e+00
2.501420160000000033e+04 0.000000000000000000e+00
2.501422079999999914e+04 0.000000000000000000e+00
2.501424000000000160e+04 0.000000000000000000e+00
2.501425919999999678e+04 0.000000000000000000e+00
2.501427839999999560e+04 0.000000000000000000e+00
2.501429759999999806e+04 0.000000000000000000e+00
2.501431679999999687e+04 0.000000000000000000e+00
2.501433599999999933e+04 0.000000000000000000e+00
2.501435519999999815e+04 0.000000000000000000e+00
2.501437439999999697e+04 0.000000000000000000e+00
2.501439359999999942e+04 0.000000000000000000e+00
2.501441279999999824e+04 0.000000000000000000e+00
2.501443200000000070e+04 0.000000000000000000e+00
2.501445119999999952e+04 2.323254108428955078e+00
2.501447039999999834e+04 5.007779121398925781e+00
2.501448960000000079e+04 5.895936489105224609e+00
2.501450879999999597e+04 6.556574821472167969e+00
2.501452799999999843e+04 1.586472606658935547e+01
2.501454719999999725e+04 2.282385063171386719e+01
2.501456639999999607e+04 2.829008483886718750e+01
2.501458559999999852e+04 3.132755279541015625e+01
2.501460479999999734e+04 1.938813781738281250e+01
2.501462399999999980e+04 1.957153511047363281e+01
2.501464319999999861e+04 2.055530166625976562e+01
2.501466239999999743e+04 2.055942344665527344e+01
2.501468159999999989e+04 2.054318046569824219e+01
2.501470079999999871e+04 3.398326337337493896e-01
2.501472000000000116e+04 6.421989798545837402e-01
2.501473919999999998e+04 6.421269178390502930e-01
2.501475839999999516e+04 6.421199440956115723e-01
2.501477759999999762e+04 0.000000000000000000e+00
2.501479679999999644e+04 0.000000000000000000e+00
2.501481599999999889e+04 0.000000000000000000e+00
2.501483519999999771e+04 0.000000000000000000e+00
2.501485439999999653e+04 0.000000000000000000e+00
2.501487359999999899e+04 0.000000000000000000e+00
2.501489279999999781e+04 0.000000000000000000e+00
2.501491200000000026e+04 0.000000000000000000e+00
2.501493119999999908e+04 0.000000000000000000e+00
2.501495039999999790e+04 0.000000000000000000e+00
2.501496960000000036e+04 0.000000000000000000e+00
2.501498879999999917e+04 0.000000000000000000e+00
2.501500800000000163e+04 0.000000000000000000e+00
2.501502719999999681e+04 0.000000000000000000e+00
2.501504639999999563e+04 0.000000000000000000e+00
2.501506559999999808e+04 0.000000000000000000e+00
2.501508479999999690e+04 0.000000000000000000e+00
2.501510399999999936e+04 0.000000000000000000e+00
2.501512319999999818e+04 0.000000000000000000e+00
2.501514239999999700e+04 0.000000000000000000e+00
2.501516159999999945e+04 0.000000000000000000e+00
2.501518079999999827e+04 0.000000000000000000e+00
2.501520000000000073e+04 0.000000000000000000e+00
2.501521919999999955e+04 0.000000000000000000e+00
2.501523839999999836e+04 0.000000000000000000e+00
2.501525760000000082e+04 0.000000000000000000e+00
2.501527679999999600e+04 0.000000000000000000e+00
2.501529599999999846e+04 0.000000000000000000e+00
2.501531519999999728e+04 0.000000000000000000e+00
2.501533439999999609e+04 0.000000000000000000e+00
2.501535359999999855e+04 0.000000000000000000e+00
2.501537279999999737e+04 0.000000000000000000e+00
2.501539199999999983e+04 0.000000000000000000e+00
2.501541119999999864e+04 0.000000000000000000e+00
2.501543039999999746e+04 0.000000000000000000e+00
2.501544959999999992e+04 2.324180364608764648e+00
2.501546879999999874e+04 5.010076999664306641e+00
2.501548800000000119e+04 5.899353027343750000e+00
2.501550720000000001e+04 6.559585094451904297e+00
2.501552639999999519e+04 1.608294296264648438e+01
2.501554559999999765e+04 2.302238082885742188e+01
2.501556479999999647e+04 2.847262763977050781e+01
2.501558399999999892e+04 3.154330635070800781e+01
2.501560319999999774e+04 1.941321372985839844e+01
2.501562239999999656e+04 1.974585151672363281e+01
2.501564159999999902e+04 2.058567047119140625e+01
2.501566079999999783e+04 2.059035682678222656e+01
2.501568000000000029e+04 2.057152175903320312e+01
2.501569919999999911e+04 3.406950533390045166e-01
2.501571839999999793e+04 6.430763006210327148e-01
2.501573760000000038e+04 6.430584788322448730e-01
2.501575679999999920e+04 6.430517435073852539e-01
2.501577600000000166e+04 0.000000000000000000e+00
2.501579519999999684e+04 0.000000000000000000e+00
2.501581439999999566e+04 0.000000000000000000e+00
2.501583359999999811e+04 0.000000000000000000e+00
2.501585279999999693e+04 0.000000000000000000e+00
2.501587199999999939e+04 0.000000000000000000e+00
2.501589119999999821e+04 0.000000000000000000e+00
2.501591039999999703e+04 0.000000000000000000e+00
2.501592959999999948e+04 0.000000000000000000e+00
2.501594879999999830e+04 0.000000000000000000e+00
2.501596800000000076e+04 0.000000000000000000e+00
2.501598719999999958e+04 0.000000000000000000e+00
2.501600639999999839e+04 0.000000000000000000e+00
2.501602560000000085e+04 0.000000000000000000e+00
2.501604479999999603e+04 0.000000000000000000e+00
2.501606399999999849e+04 0.000000000000000000e+00
2.501608319999999730e+04 0.000000000000000000e+00
2.501610239999999612e+04 0.000000000000000000e+00
2.501612159999999858e+04 0.000000000000000000e+00
2.501614079999999740e+04 0.000000000000000000e+00
2.501615999999999985e+04 0.000000000000000000e+00
2.501617919999999867e+04 0.000000000000000000e+00
2.501619839999999749e+04 0.000000000000000000e+00
2.501621759999999995e+04 0.000000000000000000e+00
2.501623679999999877e+04 0.000000000000000000e+00
2.501625600000000122e+04 0.000000000000000000e+00
2.501627520000000004e+04 0.000000000000000000e+00
2.501629439999999522e+04 0.000000000000000000e+00
2.501631359999999768e+04 0.000000000000000000e+00
2.501633279999999650e+04 0.000000000000000000e+00
2.501635199999999895e+04 0.000000000000000000e+00
2.501637119999999777e+04 0.000000000000000000e+00
2.501639039999999659e+04 0.000000000000000000e+00
2.501640959999999905e+04 0.000000000000000000e+00
2.501642879999999786e+04 0.000000000000000000e+00
2.501644800000000032e+04 2.325105190277099609e+00
2.501646719999999914e+04 5.012375354766845703e+00
2.501648639999999796e+04 5.901542186737060547e+00
2.501650560000000041e+04 6.562992572784423828e+00
2.501652479999999923e+04 1.609750366210937500e+01
2.501654400000000169e+04 2.305332946777343750e+01
2.501656319999999687e+04 2.849301528930664062e+01
2.501658239999999569e+04 3.156399154663085938e+01
2.501660159999999814e+04 1.942514610290527344e+01
2.501662079999999696e+04 1.976478576660156250e+01
2.501663999999999942e+04 2.059663963317871094e+01
2.501665919999999824e+04 2.060072898864746094e+01
2.501667839999999705e+04 2.061852073669433594e+01
2.501669759999999951e+04 3.415972888469696045e-01
2.501671679999999833e+04 6.439687609672546387e-01
2.501673600000000079e+04 6.439616680145263672e-01
2.501675519999999960e+04 6.439629197120666504e-01
2.501677439999999842e+04 0.000000000000000000e+00
2.501679360000000088e+04 0.000000000000000000e+00
2.501681279999999606e+04 0.000000000000000000e+00
2.501683199999999852e+04 0.000000000000000000e+00
2.501685119999999733e+04 0.000000000000000000e+00
2.501687039999999615e+04 0.000000000000000000e+00
2.501688959999999861e+04 0.000000000000000000e+00
2.501690879999999743e+04 0.000000000000000000e+00
2.501692799999999988e+04 0.000000000000000000e+00
2.501694719999999870e+04 0.000000000000000000e+00
2.501696639999999752e+04 0.000000000000000000e+00
2.501698559999999998e+04 0.000000000000000000e+00
2.501700479999999880e+04 0.000000000000000000e+00
2.501702400000000125e+04 0.000000000000000000e+00
2.501704320000000007e+04 0.000000000000000000e+00
2.501706239999999525e+04 0.000000000000000000e+00
2.501708159999999771e+04 0.000000000000000000e+00
2.501710079999999653e+04 0.000000000000000000e+00
2.501711999999999898e+04 0.000000000000000000e+00
2.501713919999999780e+04 0.000000000000000000e+00
2.501715839999999662e+04 0.000000000000000000e+00
2.501717759999999907e+04 0.000000000000000000e+00
2.501719679999999789e+04 0.000000000000000000e+00
2.501721600000000035e+04 0.000000000000000000e+00
2.501723519999999917e+04 0.000000000000000000e+00
2.501725439999999799e+04 0.000000000000000000e+00
2.501727360000000044e+04 0.000000000000000000e+00
2.501729279999999926e+04 0.000000000000000000e+00
2.501731200000000172e+04 0.000000000000000000e+00
2.501733119999999690e+04 0.000000000000000000e+00
2.501735039999999572e+04 0.000000000000000000e+00
2.501736959999999817e+04 0.000000000000000000e+00
2.501738879999999699e+04 0.000000000000000000e+00
2.501740799999999945e+04 0.000000000000000000e+00
2.501742719999999827e+04 0.000000000000000000e+00
2.501744639999999708e+04 2.326043605804443359e+00
2.501746559999999954e+04 5.014703750610351562e+00
2.501748479999999836e+04 5.903587818145751953e+00
2.501750400000000081e+04 6.566539287567138672e+00
2.501752319999999963e+04 1.600682640075683594e+01
2.501754239999999845e+04 2.297667503356933594e+01
2.501756160000000091e+04 2.842762184143066406e+01
2.501758079999999609e+04 3.150788497924804688e+01
2.501759999999999854e+04 3.350681304931640625e+01
2.501761919999999736e+04 2.051593971252441406e+01
2.501763839999999618e+04 2.054916381835937500e+01
2.501765759999999864e+04 2.066962051391601562e+01
2.501767679999999746e+04 2.125284194946289062e+01
2.501769599999999991e+04 3.453046679496765137e-01
2.501771519999999873e+04 6.449218392372131348e-01
2.501773439999999755e+04 6.449117064476013184e-01
2.501775360000000001e+04 6.449450254440307617e-01
2.501777279999999882e+04 0.000000000000000000e+00
2.501779200000000128e+04 0.000000000000000000e+00
2.501781120000000010e+04 0.000000000000000000e+00
2.501783039999999528e+04 0.000000000000000000e+00
2.501784959999999774e+04 0.000000000000000000e+00
2.501786879999999655e+04 0.000000000000000000e+00
2.501788799999999901e+04 0.000000000000000000e+00
2.501790719999999783e+04 0.000000000000000000e+00
2.501792639999999665e+04 0.000000000000000000e+00
2.501794559999999910e+04 0.000000000000000000e+00
2.501796479999999792e+04 0.000000000000000000e+00
2.501798400000000038e+04 0.000000000000000000e+00
2.501800319999999920e+04 0.000000000000000000e+00
2.501802239999999802e+04 0.000000000000000000e+00
2.501804160000000047e+04 0.000000000000000000e+00
2.501806079999999929e+04 0.000000000000000000e+00
2.501808000000000175e+04 0.000000000000000000e+00
2.501809919999999693e+04 0.000000000000000000e+00
2.501811839999999575e+04 0.000000000000000000e+00
2.501813759999999820e+04 0.000000000000000000e+00
2.501815679999999702e+04 0.000000000000000000e+00
2.501817599999999948e+04 0.000000000000000000e+00
2.501819519999999829e+04 0.000000000000000000e+00
2.501821439999999711e+04 0.000000000000000000e+00
2.501823359999999957e+04 0.000000000000000000e+00
2.501825279999999839e+04 0.000000000000000000e+00
2.501827200000000084e+04 0.000000000000000000e+00
2.501829119999999966e+04 0.000000000000000000e+00
2.501831039999999848e+04 0.000000000000000000e+00
2.501832960000000094e+04 0.000000000000000000e+00
2.501834879999999612e+04 0.000000000000000000e+00
2.501836799999999857e+04 0.000000000000000000e+00
2.501838719999999739e+04 0.000000000000000000e+00
2.501840639999999621e+04 0.000000000000000000e+00
2.501842559999999867e+04 0.000000000000000000e+00
2.501844479999999749e+04 2.326983690261840820e+00
2.501846399999999994e+04 5.017174720764160156e+00
2.501848319999999876e+04 5.907152175903320312e+00
2.501850239999999758e+04 6.569529533386230469e+00
2.501852160000000003e+04 1.602258872985839844e+01
2.501854079999999885e+04 2.299486541748046875e+01
2.501856000000000131e+04 2.844849395751953125e+01
2.501857920000000013e+04 3.153039932250976562e+01
2.501859839999999531e+04 3.353013992309570312e+01
2.501861759999999776e+04 2.052628898620605469e+01
2.501863679999999658e+04 2.056042861938476562e+01
2.501865599999999904e+04 2.068840599060058594e+01
2.501867519999999786e+04 2.126483535766601562e+01
2.501869439999999668e+04 3.459286093711853027e-01
2.501871359999999913e+04 6.459079384803771973e-01
2.501873279999999795e+04 6.458541154861450195e-01
2.501875200000000041e+04 6.458875536918640137e-01
2.501877119999999923e+04 0.000000000000000000e+00
2.501879039999999804e+04 0.000000000000000000e+00
2.501880960000000050e+04 0.000000000000000000e+00
2.501882879999999932e+04 0.000000000000000000e+00
2.501884800000000178e+04 0.000000000000000000e+00
2.501886719999999696e+04 0.000000000000000000e+00
2.501888639999999577e+04 0.000000000000000000e+00
2.501890559999999823e+04 0.000000000000000000e+00
2.501892479999999705e+04 0.000000000000000000e+00
2.501894399999999951e+04 0.000000000000000000e+00
2.501896319999999832e+04 0.000000000000000000e+00
2.501898239999999714e+04 0.000000000000000000e+00
2.501900159999999960e+04 0.000000000000000000e+00
2.501902079999999842e+04 0.000000000000000000e+00
2.501904000000000087e+04 0.000000000000000000e+00
2.501905919999999969e+04 0.000000000000000000e+00
2.501907839999999851e+04 0.000000000000000000e+00
2.501909760000000097e+04 0.000000000000000000e+00
2.501911679999999615e+04 0.000000000000000000e+00
2.501913599999999860e+04 0.000000000000000000e+00
2.501915519999999742e+04 0.000000000000000000e+00
2.501917439999999624e+04 0.000000000000000000e+00
2.501919359999999870e+04 0.000000000000000000e+00
2.501921279999999751e+04 0.000000000000000000e+00
2.501923199999999997e+04 0.000000000000000000e+00
2.501925119999999879e+04 0.000000000000000000e+00
2.501927039999999761e+04 0.000000000000000000e+00
2.501928960000000006e+04 0.000000000000000000e+00
2.501930879999999888e+04 0.000000000000000000e+00
2.501932800000000134e+04 0.000000000000000000e+00
2.501934720000000016e+04 0.000000000000000000e+00
2.501936639999999534e+04 0.000000000000000000e+00
2.501938559999999779e+04 0.000000000000000000e+00
2.501940479999999661e+04 0.000000000000000000e+00
2.501942399999999907e+04 0.000000000000000000e+00
2.501944319999999789e+04 0.000000000000000000e+00
2.501946239999999671e+04 3.831448554992675781e+00
2.501948159999999916e+04 5.906302928924560547e+00
2.501950079999999798e+04 6.574906826019287109e+00
2.501952000000000044e+04 1.537598705291748047e+01
2.501953919999999925e+04 2.258458709716796875e+01
2.501955839999999807e+04 2.819805526733398438e+01
2.501957760000000053e+04 3.137487030029296875e+01
2.501959679999999935e+04 3.352545166015625000e+01
2.501961600000000180e+04 2.058433341979980469e+01
2.501963519999999698e+04 2.061291122436523438e+01
2.501965439999999580e+04 2.070352554321289062e+01
2.501967359999999826e+04 2.136467933654785156e+01
2.501969279999999708e+04 3.471481800079345703e-01
2.501971199999999953e+04 6.468544602394104004e-01
2.501973119999999835e+04 6.468327641487121582e-01
2.501975039999999717e+04 6.468577384948730469e-01
2.501976959999999963e+04 0.000000000000000000e+00
2.501978879999999845e+04 0.000000000000000000e+00
2.501980800000000090e+04 0.000000000000000000e+00
2.501982719999999972e+04 0.000000000000000000e+00
2.501984639999999854e+04 0.000000000000000000e+00
2.501986560000000100e+04 0.000000000000000000e+00
2.501988479999999618e+04 0.000000000000000000e+00
2.501990399999999863e+04 0.000000000000000000e+00
2.501992319999999745e+04 0.000000000000000000e+00
2.501994239999999627e+04 0.000000000000000000e+00
2.501996159999999873e+04 0.000000000000000000e+00
2.501998079999999754e+04 0.000000000000000000e+00
2.502000000000000000e+04 0.000000000000000000e+00
