2.500009800000000178e+04 6.270762329101562500e+02
2.500018100000000049e+04 6.270836791992187500e+02
2.500026399999999921e+04 6.270924682617187500e+02
2.500034700000000157e+04 6.271013793945312500e+02
2.500043000000000029e+04 6.271078491210937500e+02
2.500051299999999901e+04 6.270977172851562500e+02
2.500059600000000137e+04 6.270394897460937500e+02
2.500067900000000009e+04 6.270026855468750000e+02
2.500076199999999881e+04 6.270070800781250000e+02
2.500084500000000116e+04 6.270130615234375000e+02
2.500092799999999988e+04 6.270183105468750000e+02
2.500101099999999860e+04 6.270245971679687500e+02
2.500109400000000096e+04 6.270311279296875000e+02
2.500117699999999968e+04 6.270381469726562500e+02
2.500125999999999840e+04 6.270468750000000000e+02
2.500134300000000076e+04 6.270563354492187500e+02
2.500142599999999948e+04 6.270630493164062500e+02
2.500150899999999820e+04 6.270552368164062500e+02
2.500159200000000055e+04 6.270013427734375000e+02
2.500167499999999927e+04 6.269644775390625000e+02
2.500175800000000163e+04 6.269688110351562500e+02
2.500184100000000035e+04 6.269747924804687500e+02
2.500192399999999907e+04 6.269799804687500000e+02
2.500200700000000143e+04 6.269863281250000000e+02
2.500209000000000015e+04 6.269927978515625000e+02
2.500217299999999886e+04 6.269998779296875000e+02
2.500225600000000122e+04 6.270086059570312500e+02
2.500233899999999994e+04 6.270181274414062500e+02
2.500242199999999866e+04 6.270247802734375000e+02
2.500250500000000102e+04 6.270171508789062500e+02
2.500258799999999974e+04 6.269633178710937500e+02
2.500267099999999846e+04 6.269264526367187500e+02
2.500275400000000081e+04 6.269307861328125000e+02
2.500283699999999953e+04 6.269368286132812500e+02
2.500291999999999825e+04 6.269420166015625000e+02
2.500300300000000061e+04 6.269483642578125000e+02
2.500308599999999933e+04 6.269548339843750000e+02
2.500316900000000169e+04 6.269619750976562500e+02
2.500325200000000041e+04 6.269707031250000000e+02
2.500333499999999913e+04 6.269801025390625000e+02
2.500341800000000148e+04 6.269867553710937500e+02
2.500350100000000020e+04 6.269790649414062500e+02
2.500358399999999892e+04 6.269251098632812500e+02
2.500366700000000128e+04 6.268882446289062500e+02
2.500375000000000000e+04 6.268925781250000000e+02
2.500383299999999872e+04 6.268985595703125000e+02
2.500391600000000108e+04 6.269038696289062500e+02
2.500399899999999980e+04 6.269102172851562500e+02
2.500408199999999852e+04 6.269167480468750000e+02
2.500416500000000087e+04 6.269237060546875000e+02
2.500424799999999959e+04 6.269323730468750000e+02
2.500433099999999831e+04 6.269418945312500000e+02
2.500441400000000067e+04 6.269486083984375000e+02
2.500449699999999939e+04 6.269407958984375000e+02
2.500458000000000175e+04 6.268867187500000000e+02
2.500466300000000047e+04 6.268449707031250000e+02
2.500474599999999919e+04 6.268410644531250000e+02
2.500482900000000154e+04 6.268471069335937500e+02
2.500491200000000026e+04 6.268524169921875000e+02
2.500499499999999898e+04 6.268584594726562500e+02
2.500507800000000134e+04 6.268647460937500000e+02
2.500516100000000006e+04 6.268714599609375000e+02
2.500524399999999878e+04 6.268797607421875000e+02
2.500532700000000114e+04 6.268889770507812500e+02
2.500540999999999985e+04 6.268960571289062500e+02
2.500549299999999857e+04 6.268911743164062500e+02
2.500557600000000093e+04 6.268448486328125000e+02
2.500565899999999965e+04 6.268031005859375000e+02
2.500574199999999837e+04 6.267991943359375000e+02
2.500582500000000073e+04 6.268052978515625000e+02
2.500590799999999945e+04 6.268105468750000000e+02
2.500599100000000180e+04 6.268165283203125000e+02
2.500607400000000052e+04 6.268229370117187500e+02
2.500615699999999924e+04 6.268297119140625000e+02
2.500624000000000160e+04 6.268379516601562500e+02
2.500632300000000032e+04 6.268471679687500000e+02
2.500640599999999904e+04 6.268543090820312500e+02
2.500648900000000140e+04 6.268493041992187500e+02
2.500657200000000012e+04 6.268029785156250000e+02
2.500665499999999884e+04 6.267611694335937500e+02
2.500673800000000119e+04 6.267572631835937500e+02
2.500682099999999991e+04 6.267633666992187500e+02
2.500690399999999863e+04 6.267687377929687500e+02
2.500698700000000099e+04 6.267747192382812500e+02
2.500706999999999971e+04 6.267810058593750000e+02
2.500715299999999843e+04 6.267877807617187500e+02
2.500723600000000079e+04 6.267960815429687500e+02
2.500731899999999951e+04 6.268052978515625000e+02
2.500740199999999822e+04 6.268123779296875000e+02
2.500748500000000058e+04 6.268074340820312500e+02
2.500756799999999930e+04 6.267611083984375000e+02
2.500765100000000166e+04 6.267192993164062500e+02
2.500773400000000038e+04 6.267153930664062500e+02
2.500781699999999910e+04 6.267214965820312500e+02
2.500790000000000146e+04 6.267267456054687500e+02
2.500798300000000017e+04 6.267327270507812500e+02
2.500806599999999889e+04 6.267390747070312500e+02
2.500814900000000125e+04 6.267457275390625000e+02
2.500823199999999997e+04 6.267539672851562500e+02
2.500831499999999869e+04 6.267631835937500000e+02
2.500839800000000105e+04 6.267702636718750000e+02
2.500848099999999977e+04 6.267651977539062500e+02
2.500856399999999849e+04 6.267186279296875000e+02
2.500864700000000084e+04 6.266718750000000000e+02
2.500872999999999956e+04 6.266596679687500000e+02
2.500881299999999828e+04 6.266654052734375000e+02
2.500889600000000064e+04 6.266709594726562500e+02
2.500897899999999936e+04 6.266768188476562500e+02
2.500906200000000172e+04 6.266830444335937500e+02
2.500914500000000044e+04 6.266897583007812500e+02
2.500922799999999916e+04 6.266976318359375000e+02
2.500931100000000151e+04 6.267067260742187500e+02
2.500939400000000023e+04 6.267144165039062500e+02
2.500947699999999895e+04 6.267123413085937500e+02
2.500956000000000131e+04 6.266774902343750000e+02
2.500964300000000003e+04 6.266306762695312500e+02
2.500972599999999875e+04 6.266185302734375000e+02
2.500980900000000111e+04 6.266242065429687500e+02
2.500989199999999983e+04 6.266297607421875000e+02
2.500997499999999854e+04 6.266355590820312500e+02
2.501005800000000090e+04 6.266418457031250000e+02
2.501014099999999962e+04 6.266485595703125000e+02
2.501022399999999834e+04 6.266564331054687500e+02
2.501030700000000070e+04 6.266655273437500000e+02
2.501038999999999942e+04 6.266732177734375000e+02
2.501047300000000178e+04 6.266711425781250000e+02
2.501055600000000049e+04 6.266363525390625000e+02
2.501063899999999921e+04 6.265894775390625000e+02
2.501072200000000157e+04 6.265772705078125000e+02
2.501080500000000029e+04 6.265829467773437500e+02
2.501088799999999901e+04 6.265885009765625000e+02
2.501097100000000137e+04 6.265942993164062500e+02
2.501105400000000009e+04 6.266005859375000000e+02
2.501113699999999881e+04 6.266072998046875000e+02
2.501122000000000116e+04 6.266152343750000000e+02
2.501130299999999988e+04 6.266242675781250000e+02
2.501138599999999860e+04 6.266319580078125000e+02
2.501146900000000096e+04 6.266298217773437500e+02
2.501155199999999968e+04 6.265949707031250000e+02
2.501163499999999840e+04 6.265481567382812500e+02
2.501171800000000076e+04 6.265359497070312500e+02
2.501180099999999948e+04 6.265416259765625000e+02
2.501188399999999820e+04 6.265471801757812500e+02
2.501196700000000055e+04 6.265530395507812500e+02
2.501204999999999927e+04 6.265593261718750000e+02
2.501213300000000163e+04 6.265659790039062500e+02
2.501221600000000035e+04 6.265739135742187500e+02
2.501229899999999907e+04 6.265829467773437500e+02
2.501238200000000143e+04 6.265906372070312500e+02
2.501246500000000015e+04 6.265884399414062500e+02
2.501254799999999886e+04 6.265534667968750000e+02
2.501263100000000122e+04 6.265065917968750000e+02
2.501271399999999994e+04 6.264860839843750000e+02
2.501279699999999866e+04 6.264913330078125000e+02
2.501288000000000102e+04 6.264971313476562500e+02
2.501296299999999974e+04 6.265028686523437500e+02
2.501304599999999846e+04 6.265091552734375000e+02
2.501312900000000081e+04 6.265158081054687500e+02
2.501321199999999953e+04 6.265238647460937500e+02
2.501329499999999825e+04 6.265328369140625000e+02
2.501337800000000061e+04 6.265411376953125000e+02
2.501346099999999933e+04 6.265419921875000000e+02
2.501354400000000169e+04 6.265184326171875000e+02
2.501362700000000041e+04 6.264666137695312500e+02
2.501370999999999913e+04 6.264461059570312500e+02
2.501379300000000148e+04 6.264512329101562500e+02
2.501387600000000020e+04 6.264569091796875000e+02
2.501395899999999892e+04 6.264625244140625000e+02
2.501404200000000128e+04 6.264688720703125000e+02
2.501412500000000000e+04 6.264755859375000000e+02
2.501420799999999872e+04 6.264832153320312500e+02
2.501429100000000108e+04 6.264921875000000000e+02
2.501437399999999980e+04 6.265004882812500000e+02
2.501445699999999852e+04 6.265012817382812500e+02
2.501454000000000087e+04 6.264774780273437500e+02
2.501462299999999959e+04 6.264256591796875000e+02
2.501470599999999831e+04 6.264051513671875000e+02
2.501478900000000067e+04 6.264104003906250000e+02
2.501487199999999939e+04 6.264161376953125000e+02
2.501495500000000175e+04 6.264218139648437500e+02
2.501503800000000047e+04 6.264281616210937500e+02
2.501512099999999919e+04 6.264348144531250000e+02
2.501520400000000154e+04 6.264425048828125000e+02
2.501528700000000026e+04 6.264514770507812500e+02
2.501536999999999898e+04 6.264598388671875000e+02
2.501545300000000134e+04 6.264606933593750000e+02
2.501553600000000006e+04 6.264369506835937500e+02
2.501561899999999878e+04 6.263851318359375000e+02
2.501570200000000114e+04 6.263645629882812500e+02
2.501578499999999985e+04 6.263698120117187500e+02
2.501586799999999857e+04 6.263754882812500000e+02
2.501595100000000093e+04 6.263812255859375000e+02
2.501603399999999965e+04 6.263875732421875000e+02
2.501611699999999837e+04 6.263941040039062500e+02
2.501620000000000073e+04 6.264017944335937500e+02
2.501628299999999945e+04 6.264107666015625000e+02
2.501636600000000180e+04 6.264190673828125000e+02
2.501644900000000052e+04 6.264197998046875000e+02
2.501653199999999924e+04 6.263959350585937500e+02
2.501661500000000160e+04 6.263441162109375000e+02
2.501669800000000032e+04 6.263153076171875000e+02
2.501678099999999904e+04 6.263200683593750000e+02
2.501686400000000140e+04 6.263259887695312500e+02
2.501694700000000012e+04 6.263314819335937500e+02
2.501702999999999884e+04 6.263378906250000000e+02
2.501711300000000119e+04 6.263444824218750000e+02
2.501719599999999991e+04 6.263522338867187500e+02
2.501727899999999863e+04 6.263611450195312500e+02
2.501736200000000099e+04 6.263695068359375000e+02
2.501744499999999971e+04 6.263731689453125000e+02
2.501752799999999843e+04 6.263601074218750000e+02
2.501761100000000079e+04 6.263033447265625000e+02
2.501769399999999951e+04 6.262745361328125000e+02
2.501777699999999822e+04 6.262792358398437500e+02
2.501786000000000058e+04 6.262850952148437500e+02
2.501794299999999930e+04 6.262905883789062500e+02
2.501802600000000166e+04 6.262969360351562500e+02
2.501810900000000038e+04 6.263035278320312500e+02
2.501819199999999910e+04 6.263109130859375000e+02
2.501827500000000146e+04 6.263198242187500000e+02
2.501835800000000017e+04 6.263287353515625000e+02
2.501844099999999889e+04 6.263325195312500000e+02
2.501852400000000125e+04 6.263201293945312500e+02
2.501860699999999997e+04 6.262633056640625000e+02
2.501868999999999869e+04 6.262344360351562500e+02
2.501877300000000105e+04 6.262391967773437500e+02
2.501885599999999977e+04 6.262450561523437500e+02
2.501893899999999849e+04 6.262505493164062500e+02
2.501902200000000084e+04 6.262568969726562500e+02
2.501910499999999956e+04 6.262634887695312500e+02
2.501918799999999828e+04 6.262709350585937500e+02
2.501927100000000064e+04 6.262797851562500000e+02
2.501935399999999936e+04 6.262886352539062500e+02
2.501943700000000172e+04 6.262924804687500000e+02
2.501952000000000044e+04 6.262800292968750000e+02
2.501960299999999916e+04 6.262232666015625000e+02
2.501968600000000151e+04 6.261943969726562500e+02
2.501976900000000023e+04 6.261991577148437500e+02
2.501985199999999895e+04 6.262050170898437500e+02
2.501993500000000131e+04 6.262105102539062500e+02
