2.500009800000000178e+04 7.041171264648437500e+02
2.500018100000000049e+04 7.041245117187500000e+02
2.500026399999999921e+04 7.041333618164062500e+02
2.500034700000000157e+04 7.041422119140625000e+02
2.500043000000000029e+04 7.041487426757812500e+02
2.500051299999999901e+04 7.041386108398437500e+02
2.500059600000000137e+04 7.040803222656250000e+02
2.500067900000000009e+04 7.040435791015625000e+02
2.500076199999999881e+04 7.040479736328125000e+02
2.500084500000000116e+04 7.040539550781250000e+02
2.500092799999999988e+04 7.040591430664062500e+02
2.500101099999999860e+04 7.040654296875000000e+02
2.500109400000000096e+04 7.040720214843750000e+02
2.500117699999999968e+04 7.040790405273437500e+02
2.500125999999999840e+04 7.040877075195312500e+02
2.500134300000000076e+04 7.040972290039062500e+02
2.500142599999999948e+04 7.041038818359375000e+02
2.500150899999999820e+04 7.040960693359375000e+02
2.500159200000000055e+04 7.040422363281250000e+02
2.500167499999999927e+04 7.040053710937500000e+02
2.500175800000000163e+04 7.040096435546875000e+02
2.500184100000000035e+04 7.040156250000000000e+02
2.500192399999999907e+04 7.040208740234375000e+02
2.500200700000000143e+04 7.040271606445312500e+02
2.500209000000000015e+04 7.040336914062500000e+02
2.500217299999999886e+04 7.040407104492187500e+02
2.500225600000000122e+04 7.040494995117187500e+02
2.500233899999999994e+04 7.040589599609375000e+02
2.500242199999999866e+04 7.040656738281250000e+02
2.500250500000000102e+04 7.040580444335937500e+02
2.500258799999999974e+04 7.040041503906250000e+02
2.500267099999999846e+04 7.039672851562500000e+02
2.500275400000000081e+04 7.039716796875000000e+02
2.500283699999999953e+04 7.039776611328125000e+02
2.500291999999999825e+04 7.039829101562500000e+02
2.500300300000000061e+04 7.039891967773437500e+02
2.500308599999999933e+04 7.039957275390625000e+02
2.500316900000000169e+04 7.040028076171875000e+02
2.500325200000000041e+04 7.040115356445312500e+02
2.500333499999999913e+04 7.040209960937500000e+02
2.500341800000000148e+04 7.040276489257812500e+02
2.500350100000000020e+04 7.040198974609375000e+02
2.500358399999999892e+04 7.039660034179687500e+02
2.500366700000000128e+04 7.039290771484375000e+02
2.500375000000000000e+04 7.039334716796875000e+02
2.500383299999999872e+04 7.039394531250000000e+02
2.500391600000000108e+04 7.039447021484375000e+02
2.500399899999999980e+04 7.039511108398437500e+02
2.500408199999999852e+04 7.039576416015625000e+02
2.500416500000000087e+04 7.039645996093750000e+02
2.500424799999999959e+04 7.039732666015625000e+02
2.500433099999999831e+04 7.039827880859375000e+02
2.500441400000000067e+04 7.039894409179687500e+02
2.500449699999999939e+04 7.039816284179687500e+02
2.500458000000000175e+04 7.039276123046875000e+02
2.500466300000000047e+04 7.038858032226562500e+02
2.500474599999999919e+04 7.038819580078125000e+02
2.500482900000000154e+04 7.038880004882812500e+02
2.500491200000000026e+04 7.038933105468750000e+02
2.500499499999999898e+04 7.038992919921875000e+02
2.500507800000000134e+04 7.039055786132812500e+02
2.500516100000000006e+04 7.039123535156250000e+02
2.500524399999999878e+04 7.039205932617187500e+02
2.500532700000000114e+04 7.039298095703125000e+02
2.500540999999999985e+04 7.039369506835937500e+02
2.500549299999999857e+04 7.039320068359375000e+02
2.500557600000000093e+04 7.038857421875000000e+02
2.500565899999999965e+04 7.038439941406250000e+02
2.500574199999999837e+04 7.038400878906250000e+02
2.500582500000000073e+04 7.038461303710937500e+02
2.500590799999999945e+04 7.038513793945312500e+02
2.500599100000000180e+04 7.038574218750000000e+02
2.500607400000000052e+04 7.038637695312500000e+02
2.500615699999999924e+04 7.038706054687500000e+02
2.500624000000000160e+04 7.038788452148437500e+02
2.500632300000000032e+04 7.038880004882812500e+02
2.500640599999999904e+04 7.038952026367187500e+02
2.500648900000000140e+04 7.038901977539062500e+02
2.500657200000000012e+04 7.038438720703125000e+02
2.500665499999999884e+04 7.038020629882812500e+02
2.500673800000000119e+04 7.037981567382812500e+02
2.500682099999999991e+04 7.038042602539062500e+02
2.500690399999999863e+04 7.038096313476562500e+02
2.500698700000000099e+04 7.038155517578125000e+02
2.500706999999999971e+04 7.038218383789062500e+02
2.500715299999999843e+04 7.038286743164062500e+02
2.500723600000000079e+04 7.038369140625000000e+02
2.500731899999999951e+04 7.038461303710937500e+02
2.500740199999999822e+04 7.038532104492187500e+02
2.500748500000000058e+04 7.038482666015625000e+02
2.500756799999999930e+04 7.038019409179687500e+02
2.500765100000000166e+04 7.037601318359375000e+02
2.500773400000000038e+04 7.037562255859375000e+02
2.500781699999999910e+04 7.037623291015625000e+02
2.500790000000000146e+04 7.037676391601562500e+02
2.500798300000000017e+04 7.037735595703125000e+02
2.500806599999999889e+04 7.037799072265625000e+02
2.500814900000000125e+04 7.037865600585937500e+02
2.500823199999999997e+04 7.037948608398437500e+02
2.500831499999999869e+04 7.038040161132812500e+02
2.500839800000000105e+04 7.038110961914062500e+02
2.500848099999999977e+04 7.038060302734375000e+02
2.500856399999999849e+04 7.037595214843750000e+02
2.500864700000000084e+04 7.037127075195312500e+02
2.500872999999999956e+04 7.037005615234375000e+02
2.500881299999999828e+04 7.037062377929687500e+02
2.500889600000000064e+04 7.037118530273437500e+02
2.500897899999999936e+04 7.037176513671875000e+02
2.500906200000000172e+04 7.037239379882812500e+02
2.500914500000000044e+04 7.037305908203125000e+02
2.500922799999999916e+04 7.037385253906250000e+02
2.500931100000000151e+04 7.037475585937500000e+02
2.500939400000000023e+04 7.037552490234375000e+02
2.500947699999999895e+04 7.037531738281250000e+02
2.500956000000000131e+04 7.037183227539062500e+02
2.500964300000000003e+04 7.036715087890625000e+02
2.500972599999999875e+04 7.036594238281250000e+02
2.500980900000000111e+04 7.036651000976562500e+02
2.500989199999999983e+04 7.036705932617187500e+02
2.500997499999999854e+04 7.036764526367187500e+02
2.501005800000000090e+04 7.038004150390625000e+02
2.501014099999999962e+04 7.038070678710937500e+02
2.501022399999999834e+04 7.038150024414062500e+02
2.501030700000000070e+04 7.038240966796875000e+02
2.501038999999999942e+04 7.038317871093750000e+02
2.501047300000000178e+04 7.038296508789062500e+02
2.501055600000000049e+04 7.037948608398437500e+02
2.501063899999999921e+04 7.037480468750000000e+02
2.501072200000000157e+04 7.037358398437500000e+02
2.501080500000000029e+04 7.037415161132812500e+02
2.501088799999999901e+04 7.037470092773437500e+02
2.501097100000000137e+04 7.037528686523437500e+02
2.501105400000000009e+04 7.037591552734375000e+02
2.501113699999999881e+04 7.037658691406250000e+02
2.501122000000000116e+04 7.037738037109375000e+02
2.501130299999999988e+04 7.037828369140625000e+02
2.501138599999999860e+04 7.037905273437500000e+02
2.501146900000000096e+04 7.037883911132812500e+02
2.501155199999999968e+04 7.037535400390625000e+02
2.501163499999999840e+04 7.037067260742187500e+02
2.501171800000000076e+04 7.036944580078125000e+02
2.501180099999999948e+04 7.037001953125000000e+02
2.501188399999999820e+04 7.037057495117187500e+02
2.501196700000000055e+04 7.037116088867187500e+02
2.501204999999999927e+04 7.037178955078125000e+02
2.501213300000000163e+04 7.037244873046875000e+02
2.501221600000000035e+04 7.037324218750000000e+02
2.501229899999999907e+04 7.037415161132812500e+02
2.501238200000000143e+04 7.037492065429687500e+02
2.501246500000000015e+04 7.037470092773437500e+02
2.501254799999999886e+04 7.037119750976562500e+02
2.501263100000000122e+04 7.036651611328125000e+02
2.501271399999999994e+04 7.036445922851562500e+02
2.501279699999999866e+04 7.036499023437500000e+02
2.501288000000000102e+04 7.036556396484375000e+02
2.501296299999999974e+04 7.036613769531250000e+02
2.501304599999999846e+04 7.036677246093750000e+02
2.501312900000000081e+04 7.036743774414062500e+02
2.501321199999999953e+04 7.036824340820312500e+02
2.501329499999999825e+04 7.036914062500000000e+02
2.501337800000000061e+04 7.036997070312500000e+02
2.501346099999999933e+04 7.037005615234375000e+02
2.501354400000000169e+04 7.036770019531250000e+02
2.501362700000000041e+04 7.036251220703125000e+02
2.501370999999999913e+04 7.036046142578125000e+02
2.501379300000000148e+04 7.036098022460937500e+02
2.501387600000000020e+04 7.036154174804687500e+02
2.501395899999999892e+04 7.036210937500000000e+02
2.501404200000000128e+04 7.036274414062500000e+02
2.501412500000000000e+04 7.036340942382812500e+02
2.501420799999999872e+04 7.036417846679687500e+02
2.501429100000000108e+04 7.036507568359375000e+02
2.501437399999999980e+04 7.036590576171875000e+02
2.501445699999999852e+04 7.036597900390625000e+02
2.501454000000000087e+04 7.036360473632812500e+02
2.501462299999999959e+04 7.035842285156250000e+02
2.501470599999999831e+04 7.035637207031250000e+02
2.501478900000000067e+04 7.035689697265625000e+02
2.501487199999999939e+04 7.035746459960937500e+02
2.501495500000000175e+04 7.035803222656250000e+02
2.501503800000000047e+04 7.035866699218750000e+02
2.501512099999999919e+04 7.035933837890625000e+02
2.501520400000000154e+04 7.036010742187500000e+02
2.501528700000000026e+04 7.036100463867187500e+02
2.501536999999999898e+04 7.036184082031250000e+02
2.501545300000000134e+04 7.036192626953125000e+02
2.501553600000000006e+04 7.035954589843750000e+02
2.501561899999999878e+04 7.035436401367187500e+02
2.501570200000000114e+04 7.035231323242187500e+02
2.501578499999999985e+04 7.035283813476562500e+02
2.501586799999999857e+04 7.035340576171875000e+02
2.501595100000000093e+04 7.035397949218750000e+02
2.501603399999999965e+04 7.035460815429687500e+02
2.501611699999999837e+04 7.035526123046875000e+02
2.501620000000000073e+04 7.035603027343750000e+02
2.501628299999999945e+04 7.035693359375000000e+02
2.501636600000000180e+04 7.035776367187500000e+02
2.501644900000000052e+04 7.035783691406250000e+02
2.501653199999999924e+04 7.035545043945312500e+02
2.501661500000000160e+04 7.035026855468750000e+02
2.501669800000000032e+04 7.034738769531250000e+02
2.501678099999999904e+04 7.034786376953125000e+02
2.501686400000000140e+04 7.034845581054687500e+02
2.501694700000000012e+04 7.034900512695312500e+02
2.501702999999999884e+04 7.034964599609375000e+02
2.501711300000000119e+04 7.035030517578125000e+02
2.501719599999999991e+04 7.035108032226562500e+02
2.501727899999999863e+04 7.035196533203125000e+02
2.501736200000000099e+04 7.035280761718750000e+02
2.501744499999999971e+04 7.035316772460937500e+02
2.501752799999999843e+04 7.035186767578125000e+02
2.501761100000000079e+04 7.034618530273437500e+02
2.501769399999999951e+04 7.034330444335937500e+02
2.501777699999999822e+04 7.034378051757812500e+02
2.501786000000000058e+04 7.034436645507812500e+02
2.501794299999999930e+04 7.034490966796875000e+02
2.501802600000000166e+04 7.034555053710937500e+02
2.501810900000000038e+04 7.034620971679687500e+02
2.501819199999999910e+04 7.034694824218750000e+02
2.501827500000000146e+04 7.034783325195312500e+02
2.501835800000000017e+04 7.034873046875000000e+02
2.501844099999999889e+04 7.034910888671875000e+02
2.501852400000000125e+04 7.034786376953125000e+02
2.501860699999999997e+04 7.034218750000000000e+02
2.501868999999999869e+04 7.033930053710937500e+02
2.501877300000000105e+04 7.033977661132812500e+02
2.501885599999999977e+04 7.034036254882812500e+02
2.501893899999999849e+04 7.034091186523437500e+02
2.501902200000000084e+04 7.034154663085937500e+02
2.501910499999999956e+04 7.034219970703125000e+02
2.501918799999999828e+04 7.034294433593750000e+02
2.501927100000000064e+04 7.034382934570312500e+02
2.501935399999999936e+04 7.034472045898437500e+02
2.501943700000000172e+04 7.034510498046875000e+02
2.501952000000000044e+04 7.034385986328125000e+02
2.501960299999999916e+04 7.033817749023437500e+02
2.501968600000000151e+04 7.033529663085937500e+02
2.501976900000000023e+04 7.033577270507812500e+02
2.501985199999999895e+04 7.033635864257812500e+02
2.501993500000000131e+04 7.033690795898437500e+02
