2.500009800000000178e+04 7.722218036651611328e+00
2.500018100000000049e+04 7.586299896240234375e+00
2.500026399999999921e+04 7.421640396118164062e+00
2.500034700000000157e+04 7.301200866699218750e+00
2.500043000000000029e+04 7.248279094696044922e+00
2.500051299999999901e+04 7.538341999053955078e+00
2.500059600000000137e+04 8.245483398437500000e+00
2.500067900000000009e+04 8.322164535522460938e+00
2.500076199999999881e+04 8.326848983764648438e+00
2.500084500000000116e+04 8.310508728027343750e+00
2.500092799999999988e+04 8.135423660278320312e+00
2.500101099999999860e+04 7.914012432098388672e+00
2.500109400000000096e+04 7.714744091033935547e+00
2.500117699999999968e+04 7.566205501556396484e+00
2.500125999999999840e+04 7.414628982543945312e+00
2.500134300000000076e+04 7.267425537109375000e+00
2.500142599999999948e+04 7.142684936523437500e+00
2.500150899999999820e+04 7.431363105773925781e+00
2.500159200000000055e+04 8.221176147460937500e+00
2.500167499999999927e+04 8.332836151123046875e+00
2.500175800000000163e+04 8.335119247436523438e+00
2.500184100000000035e+04 8.316482543945312500e+00
2.500192399999999907e+04 8.137936592102050781e+00
2.500200700000000143e+04 7.907203197479248047e+00
2.500209000000000015e+04 7.723451137542724609e+00
2.500217299999999886e+04 7.567689418792724609e+00
2.500225600000000122e+04 7.412064075469970703e+00
2.500233899999999994e+04 7.269573688507080078e+00
2.500242199999999866e+04 7.147347927093505859e+00
2.500250500000000102e+04 7.418682575225830078e+00
2.500258799999999974e+04 8.224023818969726562e+00
2.500267099999999846e+04 8.336396217346191406e+00
2.500275400000000081e+04 8.334568977355957031e+00
2.500283699999999953e+04 8.316814422607421875e+00
2.500291999999999825e+04 8.142758369445800781e+00
2.500300300000000061e+04 7.924066066741943359e+00
2.500308599999999933e+04 7.729850292205810547e+00
2.500316900000000169e+04 7.565315246582031250e+00
2.500325200000000041e+04 7.419972896575927734e+00
2.500333499999999913e+04 7.276778697967529297e+00
2.500341800000000148e+04 7.153891086578369141e+00
2.500350100000000020e+04 7.429200172424316406e+00
2.500358399999999892e+04 8.228274345397949219e+00
2.500366700000000128e+04 8.342757225036621094e+00
2.500375000000000000e+04 8.338362693786621094e+00
2.500383299999999872e+04 8.326703071594238281e+00
2.500391600000000108e+04 8.142360687255859375e+00
2.500399899999999980e+04 7.908572196960449219e+00
2.500408199999999852e+04 7.740971565246582031e+00
2.500416500000000087e+04 7.564584732055664062e+00
2.500424799999999959e+04 7.426937103271484375e+00
2.500433099999999831e+04 7.276236534118652344e+00
2.500441400000000067e+04 7.153908252716064453e+00
2.500449699999999939e+04 7.444647312164306641e+00
2.500458000000000175e+04 8.236289024353027344e+00
2.500466300000000047e+04 8.340943336486816406e+00
2.500474599999999919e+04 8.345434188842773438e+00
2.500482900000000154e+04 8.338105201721191406e+00
2.500491200000000026e+04 8.144549369812011719e+00
2.500499499999999898e+04 7.922482013702392578e+00
2.500507800000000134e+04 7.733820438385009766e+00
2.500516100000000006e+04 7.576494216918945312e+00
2.500524399999999878e+04 7.414362907409667969e+00
2.500532700000000114e+04 7.268624782562255859e+00
2.500540999999999985e+04 7.143428325653076172e+00
2.500549299999999857e+04 7.333419322967529297e+00
2.500557600000000093e+04 8.221401214599609375e+00
2.500565899999999965e+04 8.347176551818847656e+00
2.500574199999999837e+04 8.350810050964355469e+00
2.500582500000000073e+04 8.337276458740234375e+00
2.500590799999999945e+04 8.175286293029785156e+00
2.500599100000000180e+04 7.914155483245849609e+00
2.500607400000000052e+04 7.730228424072265625e+00
2.500615699999999924e+04 7.574947834014892578e+00
2.500624000000000160e+04 7.408802032470703125e+00
2.500632300000000032e+04 7.273640632629394531e+00
2.500640599999999904e+04 7.137876510620117188e+00
2.500648900000000140e+04 7.348543167114257812e+00
2.500657200000000012e+04 8.229368209838867188e+00
2.500665499999999884e+04 8.350433349609375000e+00
2.500673800000000119e+04 8.356069564819335938e+00
2.500682099999999991e+04 8.343283653259277344e+00
2.500690399999999863e+04 8.147329330444335938e+00
2.500698700000000099e+04 7.933722496032714844e+00
2.500706999999999971e+04 7.758479595184326172e+00
2.500715299999999843e+04 7.585431575775146484e+00
2.500723600000000079e+04 7.420841217041015625e+00
2.500731899999999951e+04 7.265353679656982422e+00
2.500740199999999822e+04 7.151124477386474609e+00
2.500748500000000058e+04 7.340517997741699219e+00
2.500756799999999930e+04 8.228850364685058594e+00
2.500765100000000166e+04 8.355683326721191406e+00
2.500773400000000038e+04 8.360525131225585938e+00
2.500781699999999910e+04 8.348102569580078125e+00
2.500790000000000146e+04 8.163357734680175781e+00
2.500798300000000017e+04 7.930598258972167969e+00
2.500806599999999889e+04 7.740050792694091797e+00
2.500814900000000125e+04 7.586521625518798828e+00
2.500823199999999997e+04 7.428061008453369141e+00
2.500831499999999869e+04 7.283216476440429688e+00
2.500839800000000105e+04 7.153339385986328125e+00
2.500848099999999977e+04 7.358133792877197266e+00
2.500856399999999849e+04 8.245484352111816406e+00
2.500864700000000084e+04 8.358582496643066406e+00
2.500872999999999956e+04 8.365912437438964844e+00
2.500881299999999828e+04 8.350986480712890625e+00
2.500889600000000064e+04 8.229522705078125000e+00
2.500897899999999936e+04 8.040281295776367188e+00
2.500906200000000172e+04 7.868220329284667969e+00
2.500914500000000044e+04 7.681118965148925781e+00
2.500922799999999916e+04 7.527153015136718750e+00
2.500931100000000151e+04 7.375842094421386719e+00
2.500939400000000023e+04 7.242437839508056641e+00
2.500947699999999895e+04 7.360040187835693359e+00
2.500956000000000131e+04 8.243352890014648438e+00
2.500964300000000003e+04 8.365097999572753906e+00
2.500972599999999875e+04 8.369724273681640625e+00
2.500980900000000111e+04 8.361419677734375000e+00
2.500989199999999983e+04 8.243058204650878906e+00
2.500997499999999854e+04 8.046653747558593750e+00
2.501005800000000090e+04 7.870624542236328125e+00
2.501014099999999962e+04 7.675598621368408203e+00
2.501022399999999834e+04 7.518001079559326172e+00
2.501030700000000070e+04 7.367898941040039062e+00
2.501038999999999942e+04 7.233530044555664062e+00
2.501047300000000178e+04 7.352540493011474609e+00
2.501055600000000049e+04 8.226166725158691406e+00
2.501063899999999921e+04 8.356661796569824219e+00
2.501072200000000157e+04 8.361212730407714844e+00
2.501080500000000029e+04 8.351786613464355469e+00
2.501088799999999901e+04 8.230671882629394531e+00
2.501097100000000137e+04 8.035752296447753906e+00
2.501105400000000009e+04 7.864894866943359375e+00
2.501113699999999881e+04 7.669223785400390625e+00
2.501122000000000116e+04 7.522222995758056641e+00
2.501130299999999988e+04 7.377509117126464844e+00
2.501138599999999860e+04 7.237337589263916016e+00
2.501146900000000096e+04 7.360067367553710938e+00
2.501155199999999968e+04 8.232945442199707031e+00
2.501163499999999840e+04 8.359466552734375000e+00
2.501171800000000076e+04 8.367665290832519531e+00
2.501180099999999948e+04 8.349783897399902344e+00
2.501188399999999820e+04 8.232810020446777344e+00
2.501196700000000055e+04 8.042672157287597656e+00
2.501204999999999927e+04 7.851208686828613281e+00
2.501213300000000163e+04 7.686951637268066406e+00
2.501221600000000035e+04 7.528687477111816406e+00
2.501229899999999907e+04 7.376408100128173828e+00
2.501238200000000143e+04 7.243375301361083984e+00
2.501246500000000015e+04 7.367409229278564453e+00
2.501254799999999886e+04 8.241259574890136719e+00
2.501263100000000122e+04 8.361243247985839844e+00
2.501271399999999994e+04 8.375236511230468750e+00
2.501279699999999866e+04 8.358617782592773438e+00
2.501288000000000102e+04 8.303521156311035156e+00
2.501296299999999974e+04 8.106420516967773438e+00
2.501304599999999846e+04 7.935698986053466797e+00
2.501312900000000081e+04 7.759742259979248047e+00
2.501321199999999953e+04 7.586249351501464844e+00
2.501329499999999825e+04 7.439545154571533203e+00
2.501337800000000061e+04 7.303205966949462891e+00
2.501346099999999933e+04 7.337997913360595703e+00
2.501354400000000169e+04 8.188692092895507812e+00
2.501362700000000041e+04 8.367886543273925781e+00
2.501370999999999913e+04 8.375348091125488281e+00
2.501379300000000148e+04 8.369173049926757812e+00
2.501387600000000020e+04 8.328514099121093750e+00
2.501395899999999892e+04 8.113084793090820312e+00
2.501404200000000128e+04 7.934990406036376953e+00
2.501412500000000000e+04 7.761590957641601562e+00
2.501420799999999872e+04 7.585458278656005859e+00
2.501429100000000108e+04 7.443460941314697266e+00
2.501437399999999980e+04 7.303359031677246094e+00
2.501445699999999852e+04 7.347922801971435547e+00
2.501454000000000087e+04 8.191594123840332031e+00
2.501462299999999959e+04 8.362854003906250000e+00
2.501470599999999831e+04 8.378875732421875000e+00
2.501478900000000067e+04 8.368864059448242188e+00
2.501487199999999939e+04 8.323083877563476562e+00
2.501495500000000175e+04 8.116388320922851562e+00
2.501503800000000047e+04 7.941964149475097656e+00
2.501512099999999919e+04 7.747830390930175781e+00
2.501520400000000154e+04 7.584754943847656250e+00
2.501528700000000026e+04 7.446439743041992188e+00
2.501536999999999898e+04 7.318067550659179688e+00
2.501545300000000134e+04 7.350594520568847656e+00
2.501553600000000006e+04 8.197202682495117188e+00
2.501561899999999878e+04 8.367706298828125000e+00
2.501570200000000114e+04 8.383452415466308594e+00
2.501578499999999985e+04 8.371459007263183594e+00
2.501586799999999857e+04 8.329125404357910156e+00
2.501595100000000093e+04 8.112266540527343750e+00
2.501603399999999965e+04 7.949351787567138672e+00
2.501611699999999837e+04 7.759125232696533203e+00
2.501620000000000073e+04 7.601021289825439453e+00
2.501628299999999945e+04 7.448581218719482422e+00
2.501636600000000180e+04 7.328857898712158203e+00
2.501644900000000052e+04 7.362066268920898438e+00
2.501653199999999924e+04 8.203315734863281250e+00
2.501661500000000160e+04 8.373382568359375000e+00
2.501669800000000032e+04 8.388356208801269531e+00
2.501678099999999904e+04 8.379395484924316406e+00
2.501686400000000140e+04 8.352742195129394531e+00
2.501694700000000012e+04 8.165909767150878906e+00
2.501702999999999884e+04 7.953777790069580078e+00
2.501711300000000119e+04 7.789996623992919922e+00
2.501719599999999991e+04 7.616473197937011719e+00
2.501727899999999863e+04 7.466907501220703125e+00
2.501736200000000099e+04 7.329574584960937500e+00
2.501744499999999971e+04 7.366045951843261719e+00
2.501752799999999843e+04 8.099804878234863281e+00
2.501761100000000079e+04 8.356904983520507812e+00
2.501769399999999951e+04 8.391401290893554688e+00
2.501777699999999822e+04 8.393856048583984375e+00
2.501786000000000058e+04 8.366746902465820312e+00
2.501794299999999930e+04 8.174519538879394531e+00
2.501802600000000166e+04 7.963841438293457031e+00
2.501810900000000038e+04 7.780827522277832031e+00
2.501819199999999910e+04 7.622103214263916016e+00
2.501827500000000146e+04 7.470194339752197266e+00
2.501835800000000017e+04 7.327578067779541016e+00
2.501844099999999889e+04 7.280673027038574219e+00
2.501852400000000125e+04 8.024654388427734375e+00
2.501860699999999997e+04 8.352750778198242188e+00
2.501868999999999869e+04 8.397102355957031250e+00
2.501877300000000105e+04 8.393453598022460938e+00
2.501885599999999977e+04 8.367420196533203125e+00
2.501893899999999849e+04 8.174901008605957031e+00
2.501902200000000084e+04 7.969225406646728516e+00
2.501910499999999956e+04 7.800764083862304688e+00
2.501918799999999828e+04 7.620866298675537109e+00
2.501927100000000064e+04 7.478506088256835938e+00
2.501935399999999936e+04 7.337058067321777344e+00
2.501943700000000172e+04 7.280564785003662109e+00
2.501952000000000044e+04 8.030189514160156250e+00
2.501960299999999916e+04 8.357654571533203125e+00
2.501968600000000151e+04 8.404483795166015625e+00
2.501976900000000023e+04 8.398526191711425781e+00
2.501985199999999895e+04 8.368405342102050781e+00
2.501993500000000131e+04 8.195389747619628906e+00
