2.500009800000000178e+04 3.736728429794311523e+00
2.500018100000000049e+04 3.719594478607177734e+00
2.500026399999999921e+04 3.693828582763671875e+00
2.500034700000000157e+04 3.674031496047973633e+00
2.500043000000000029e+04 3.661391496658325195e+00
2.500051299999999901e+04 3.700114488601684570e+00
2.500059600000000137e+04 3.790887355804443359e+00
2.500067900000000009e+04 3.799374341964721680e+00
2.500076199999999881e+04 3.800784349441528320e+00
2.500084500000000116e+04 3.800878047943115234e+00
2.500092799999999988e+04 3.783705472946166992e+00
2.500101099999999860e+04 3.760872840881347656e+00
2.500109400000000096e+04 3.738190650939941406e+00
2.500117699999999968e+04 3.717004537582397461e+00
2.500125999999999840e+04 3.694208621978759766e+00
2.500134300000000076e+04 3.671037912368774414e+00
2.500142599999999948e+04 3.648075819015502930e+00
2.500150899999999820e+04 3.684246540069580078e+00
2.500159200000000055e+04 3.787978649139404297e+00
2.500167499999999927e+04 3.801028013229370117e+00
2.500175800000000163e+04 3.802479982376098633e+00
2.500184100000000035e+04 3.802574634552001953e+00
2.500192399999999907e+04 3.785392284393310547e+00
2.500200700000000143e+04 3.761281013488769531e+00
2.500209000000000015e+04 3.739620447158813477e+00
2.500217299999999886e+04 3.718597412109375000e+00
2.500225600000000122e+04 3.695829629898071289e+00
2.500233899999999994e+04 3.672654628753662109e+00
2.500242199999999866e+04 3.649680137634277344e+00
2.500250500000000102e+04 3.685894489288330078e+00
2.500258799999999974e+04 3.789649009704589844e+00
2.500267099999999846e+04 3.802655458450317383e+00
2.500275400000000081e+04 3.804144859313964844e+00
2.500283699999999953e+04 3.804240226745605469e+00
2.500291999999999825e+04 3.787050724029541016e+00
2.500300300000000061e+04 3.764195442199707031e+00
2.500308599999999933e+04 3.741490125656127930e+00
2.500316900000000169e+04 3.720281124114990234e+00
2.500325200000000041e+04 3.697458744049072266e+00
2.500333499999999913e+04 3.674260616302490234e+00
2.500341800000000148e+04 3.651271343231201172e+00
2.500350100000000020e+04 3.687529325485229492e+00
2.500358399999999892e+04 3.791304826736450195e+00
2.500366700000000128e+04 3.804355859756469727e+00
2.500375000000000000e+04 3.805805444717407227e+00
2.500383299999999872e+04 3.805897235870361328e+00
2.500391600000000108e+04 3.788695096969604492e+00
2.500399899999999980e+04 3.764563322067260742e+00
2.500408199999999852e+04 3.744457483291625977e+00
2.500416500000000087e+04 3.720474004745483398e+00
2.500424799999999959e+04 3.698794126510620117e+00
2.500433099999999831e+04 3.675780057907104492e+00
2.500441400000000067e+04 3.652833938598632812e+00
2.500449699999999939e+04 3.689150333404541016e+00
2.500458000000000175e+04 3.792955636978149414e+00
2.500466300000000047e+04 3.806001663208007812e+00
2.500474599999999919e+04 3.807411670684814453e+00
2.500482900000000154e+04 3.807665586471557617e+00
2.500491200000000026e+04 3.788954734802246094e+00
2.500499499999999898e+04 3.765778064727783203e+00
2.500507800000000134e+04 3.743092060089111328e+00
2.500516100000000006e+04 3.721925735473632812e+00
2.500524399999999878e+04 3.699164152145385742e+00
2.500532700000000114e+04 3.675958871841430664e+00
2.500540999999999985e+04 3.652879238128662109e+00
2.500549299999999857e+04 3.677271127700805664e+00
2.500557600000000093e+04 3.793227672576904297e+00
2.500565899999999965e+04 3.807748556137084961e+00
2.500574199999999837e+04 3.809053182601928711e+00
2.500582500000000073e+04 3.809298515319824219e+00
2.500590799999999945e+04 3.792528390884399414e+00
2.500599100000000180e+04 3.766363143920898438e+00
2.500607400000000052e+04 3.744485855102539062e+00
2.500615699999999924e+04 3.723440170288085938e+00
2.500624000000000160e+04 3.698953866958618164e+00
2.500632300000000032e+04 3.677071571350097656e+00
2.500640599999999904e+04 3.654285192489624023e+00
2.500648900000000140e+04 3.678775787353515625e+00
2.500657200000000012e+04 3.794819593429565430e+00
2.500665499999999884e+04 3.809397220611572266e+00
2.500673800000000119e+04 3.810653686523437500e+00
2.500682099999999991e+04 3.810900449752807617e+00
2.500690399999999863e+04 3.792175769805908203e+00
2.500698700000000099e+04 3.768965005874633789e+00
2.500706999999999971e+04 3.747895717620849609e+00
2.500715299999999843e+04 3.725438833236694336e+00
2.500723600000000079e+04 3.702340841293334961e+00
2.500731899999999951e+04 3.677261590957641602e+00
2.500740199999999822e+04 3.655495643615722656e+00
2.500748500000000058e+04 3.680251598358154297e+00
2.500756799999999930e+04 3.796414136886596680e+00
2.500765100000000166e+04 3.810953617095947266e+00
2.500773400000000038e+04 3.812258958816528320e+00
2.500781699999999910e+04 3.812506914138793945e+00
2.500790000000000146e+04 3.793784618377685547e+00
2.500798300000000017e+04 3.769280195236206055e+00
2.500806599999999889e+04 3.747591733932495117e+00
2.500814900000000125e+04 3.726534128189086914e+00
2.500823199999999997e+04 3.703851699829101562e+00
2.500831499999999869e+04 3.680551528930664062e+00
2.500839800000000105e+04 3.657425165176391602e+00
2.500848099999999977e+04 3.681906461715698242e+00
2.500856399999999849e+04 3.798028945922851562e+00
2.500864700000000084e+04 3.812557458877563477e+00
2.500872999999999956e+04 3.813767671585083008e+00
2.500881299999999828e+04 3.814310789108276367e+00
2.500889600000000064e+04 3.806411027908325195e+00
2.500897899999999936e+04 3.787190914154052734e+00
2.500906200000000172e+04 3.766779184341430664e+00
2.500914500000000044e+04 3.742727518081665039e+00
2.500922799999999916e+04 3.721008539199829102e+00
2.500931100000000151e+04 3.697980165481567383e+00
2.500939400000000023e+04 3.674814701080322266e+00
2.500947699999999895e+04 3.687487125396728516e+00
2.500956000000000131e+04 3.800082206726074219e+00
2.500964300000000003e+04 3.814282178878784180e+00
2.500972599999999875e+04 3.815386056900024414e+00
2.500980900000000111e+04 3.815922498703002930e+00
2.500989199999999983e+04 3.808358907699584961e+00
2.500997499999999854e+04 3.788870573043823242e+00
2.501005800000000090e+04 3.768398523330688477e+00
2.501014099999999962e+04 3.738304853439331055e+00
2.501022399999999834e+04 3.716079235076904297e+00
2.501030700000000070e+04 3.692957162857055664e+00
2.501038999999999942e+04 3.669795989990234375e+00
2.501047300000000178e+04 3.682457447052001953e+00
2.501055600000000049e+04 3.794845819473266602e+00
2.501063899999999921e+04 3.809020280838012695e+00
2.501072200000000157e+04 3.810123443603515625e+00
2.501080500000000029e+04 3.810662984848022461e+00
2.501088799999999901e+04 3.803139925003051758e+00
2.501097100000000137e+04 3.783681154251098633e+00
2.501105400000000009e+04 3.763237237930297852e+00
2.501113699999999881e+04 3.739190578460693359e+00
2.501122000000000116e+04 3.717487335205078125e+00
2.501130299999999988e+04 3.694479942321777344e+00
2.501138599999999860e+04 3.671338319778442383e+00
2.501146900000000096e+04 3.684029579162597656e+00
2.501155199999999968e+04 3.796442747116088867e+00
2.501163499999999840e+04 3.810683012008666992e+00
2.501171800000000076e+04 3.811723232269287109e+00
2.501180099999999948e+04 3.812264442443847656e+00
2.501188399999999820e+04 3.804765939712524414e+00
2.501196700000000055e+04 3.785299301147460938e+00
2.501204999999999927e+04 3.763234853744506836e+00
2.501213300000000163e+04 3.742133855819702148e+00
2.501221600000000035e+04 3.719453573226928711e+00
2.501229899999999907e+04 3.696132659912109375e+00
2.501238200000000143e+04 3.672917842864990234e+00
2.501246500000000015e+04 3.685617923736572266e+00
2.501254799999999886e+04 3.798043012619018555e+00
2.501263100000000122e+04 3.812216043472290039e+00
2.501271399999999994e+04 3.813318967819213867e+00
2.501279699999999866e+04 3.814068794250488281e+00
2.501288000000000102e+04 3.813401937484741211e+00
2.501296299999999974e+04 3.793758392333984375e+00
2.501304599999999846e+04 3.774245262145996094e+00
2.501312900000000081e+04 3.752164125442504883e+00
2.501321199999999953e+04 3.729232072830200195e+00
2.501329499999999825e+04 3.705828666687011719e+00
2.501337800000000061e+04 3.682607173919677734e+00
2.501346099999999933e+04 3.683512687683105469e+00
2.501354400000000169e+04 3.794740915298461914e+00
2.501362700000000041e+04 3.813602209091186523e+00
2.501370999999999913e+04 3.814846754074096680e+00
2.501379300000000148e+04 3.815706729888916016e+00
2.501387600000000020e+04 3.815227270126342773e+00
2.501395899999999892e+04 3.794648408889770508e+00
2.501404200000000128e+04 3.775696277618408203e+00
2.501412500000000000e+04 3.753746032714843750e+00
2.501420799999999872e+04 3.729078769683837891e+00
2.501429100000000108e+04 3.707107782363891602e+00
2.501437399999999980e+04 3.684123039245605469e+00
2.501445699999999852e+04 3.685120344161987305e+00
2.501454000000000087e+04 3.796353101730346680e+00
2.501462299999999959e+04 3.815208911895751953e+00
2.501470599999999831e+04 3.816450834274291992e+00
2.501478900000000067e+04 3.817312240600585938e+00
2.501487199999999939e+04 3.816833972930908203e+00
2.501495500000000175e+04 3.796251058578491211e+00
2.501503800000000047e+04 3.777294635772705078e+00
2.501512099999999919e+04 3.753627777099609375e+00
2.501520400000000154e+04 3.730361700057983398e+00
2.501528700000000026e+04 3.708620071411132812e+00
2.501536999999999898e+04 3.688009023666381836e+00
2.501545300000000134e+04 3.687139987945556641e+00
2.501553600000000006e+04 3.798005104064941406e+00
2.501561899999999878e+04 3.816810131072998047e+00
2.501570200000000114e+04 3.818055629730224609e+00
2.501578499999999985e+04 3.818920850753784180e+00
2.501586799999999857e+04 3.818444013595581055e+00
2.501595100000000093e+04 3.797851562500000000e+00
2.501603399999999965e+04 3.778889179229736328e+00
2.501611699999999837e+04 3.755215167999267578e+00
2.501620000000000073e+04 3.733667135238647461e+00
2.501628299999999945e+04 3.710589408874511719e+00
2.501636600000000180e+04 3.689705848693847656e+00
2.501644900000000052e+04 3.688730478286743164e+00
2.501653199999999924e+04 3.799623250961303711e+00
2.501661500000000160e+04 3.818417072296142578e+00
2.501669800000000032e+04 3.819660902023315430e+00
2.501678099999999904e+04 3.820740699768066406e+00
2.501686400000000140e+04 3.820574522018432617e+00
2.501694700000000012e+04 3.801989316940307617e+00
2.501702999999999884e+04 3.780134439468383789e+00
2.501711300000000119e+04 3.759115934371948242e+00
2.501719599999999991e+04 3.736496448516845703e+00
2.501727899999999863e+04 3.713152408599853516e+00
2.501736200000000099e+04 3.689876556396484375e+00
2.501744499999999971e+04 3.690721273422241211e+00
2.501752799999999843e+04 3.793087959289550781e+00
2.501761100000000079e+04 3.818307161331176758e+00
2.501769399999999951e+04 3.821246147155761719e+00
2.501777699999999822e+04 3.822462081909179688e+00
2.501786000000000058e+04 3.822437763214111328e+00
2.501794299999999930e+04 3.803766727447509766e+00
2.501802600000000166e+04 3.781860113143920898e+00
2.501810900000000038e+04 3.759177923202514648e+00
2.501819199999999910e+04 3.737795829772949219e+00
2.501827500000000146e+04 3.714819669723510742e+00
2.501835800000000017e+04 3.691525459289550781e+00
2.501844099999999889e+04 3.680409193038940430e+00
2.501852400000000125e+04 3.784031629562377930e+00
2.501860699999999997e+04 3.819126605987548828e+00
2.501868999999999869e+04 3.822875976562500000e+00
2.501877300000000105e+04 3.824084520339965820e+00
2.501885599999999977e+04 3.824021816253662109e+00
2.501893899999999849e+04 3.805356740951538086e+00
2.501902200000000084e+04 3.783453941345214844e+00
2.501910499999999956e+04 3.762410163879394531e+00
2.501918799999999828e+04 3.739768266677856445e+00
2.501927100000000064e+04 3.716485500335693359e+00
2.501935399999999936e+04 3.693113088607788086e+00
2.501943700000000172e+04 3.681984901428222656e+00
2.501952000000000044e+04 3.785705804824829102e+00
2.501960299999999916e+04 3.820746898651123047e+00
2.501968600000000151e+04 3.824490547180175781e+00
2.501976900000000023e+04 3.825704813003540039e+00
2.501985199999999895e+04 3.825641870498657227e+00
2.501993500000000131e+04 3.808341503143310547e+00
