2.500009800000000178e+04 6.480009155273437500e+02
2.500018100000000049e+04 6.480097045898437500e+02
2.500026399999999921e+04 6.480197753906250000e+02
2.500034700000000157e+04 6.480299072265625000e+02
2.500043000000000029e+04 6.480375366210937500e+02
2.500051299999999901e+04 6.480283813476562500e+02
2.500059600000000137e+04 6.479710693359375000e+02
2.500067900000000009e+04 6.479357910156250000e+02
2.500076199999999881e+04 6.479416503906250000e+02
2.500084500000000116e+04 6.479493408203125000e+02
2.500092799999999988e+04 6.479562377929687500e+02
2.500101099999999860e+04 6.479641723632812500e+02
2.500109400000000096e+04 6.479721069335937500e+02
2.500117699999999968e+04 6.479804687500000000e+02
2.500125999999999840e+04 6.479904785156250000e+02
2.500134300000000076e+04 6.480011596679687500e+02
2.500142599999999948e+04 6.480090332031250000e+02
2.500150899999999820e+04 6.480022583007812500e+02
2.500159200000000055e+04 6.479490966796875000e+02
2.500167499999999927e+04 6.479136962890625000e+02
2.500175800000000163e+04 6.479195556640625000e+02
2.500184100000000035e+04 6.479271240234375000e+02
2.500192399999999907e+04 6.479340820312500000e+02
2.500200700000000143e+04 6.479419555664062500e+02
2.500209000000000015e+04 6.479498901367187500e+02
2.500217299999999886e+04 6.479583129882812500e+02
2.500225600000000122e+04 6.479683227539062500e+02
2.500233899999999994e+04 6.479790039062500000e+02
2.500242199999999866e+04 6.479869384765625000e+02
2.500250500000000102e+04 6.479802856445312500e+02
2.500258799999999974e+04 6.479273681640625000e+02
2.500267099999999846e+04 6.478917236328125000e+02
2.500275400000000081e+04 6.478975830078125000e+02
2.500283699999999953e+04 6.479053955078125000e+02
2.500291999999999825e+04 6.479124145507812500e+02
2.500300300000000061e+04 6.479202270507812500e+02
2.500308599999999933e+04 6.479281616210937500e+02
2.500316900000000169e+04 6.479365844726562500e+02
2.500325200000000041e+04 6.479465942382812500e+02
2.500333499999999913e+04 6.479572753906250000e+02
2.500341800000000148e+04 6.479651489257812500e+02
2.500350100000000020e+04 6.479583129882812500e+02
2.500358399999999892e+04 6.479053955078125000e+02
2.500366700000000128e+04 6.478698120117187500e+02
2.500375000000000000e+04 6.478745727539062500e+02
2.500383299999999872e+04 6.478811645507812500e+02
2.500391600000000108e+04 6.478872070312500000e+02
2.500399899999999980e+04 6.478948974609375000e+02
2.500408199999999852e+04 6.479028930664062500e+02
2.500416500000000087e+04 6.479111938476562500e+02
2.500424799999999959e+04 6.479211425781250000e+02
2.500433099999999831e+04 6.479318847656250000e+02
2.500441400000000067e+04 6.479397583007812500e+02
2.500449699999999939e+04 6.479331054687500000e+02
2.500458000000000175e+04 6.478799438476562500e+02
2.500466300000000047e+04 6.478395385742187500e+02
2.500474599999999919e+04 6.478369750976562500e+02
2.500482900000000154e+04 6.478447875976562500e+02
2.500491200000000026e+04 6.478518066406250000e+02
2.500499499999999898e+04 6.478592529296875000e+02
2.500507800000000134e+04 6.478670654296875000e+02
2.500516100000000006e+04 6.478752441406250000e+02
2.500524399999999878e+04 6.478847045898437500e+02
2.500532700000000114e+04 6.478951416015625000e+02
2.500540999999999985e+04 6.479034423828125000e+02
2.500549299999999857e+04 6.478995361328125000e+02
2.500557600000000093e+04 6.478543090820312500e+02
2.500565899999999965e+04 6.478139648437500000e+02
2.500574199999999837e+04 6.478115234375000000e+02
2.500582500000000073e+04 6.478193359375000000e+02
2.500590799999999945e+04 6.478263549804687500e+02
2.500599100000000180e+04 6.478339843750000000e+02
2.500607400000000052e+04 6.478417358398437500e+02
2.500615699999999924e+04 6.478499755859375000e+02
2.500624000000000160e+04 6.478594360351562500e+02
2.500632300000000032e+04 6.478698120117187500e+02
2.500640599999999904e+04 6.478781738281250000e+02
2.500648900000000140e+04 6.478742675781250000e+02
2.500657200000000012e+04 6.478289794921875000e+02
2.500665499999999884e+04 6.477885742187500000e+02
2.500673800000000119e+04 6.477860717773437500e+02
2.500682099999999991e+04 6.477938232421875000e+02
2.500690399999999863e+04 6.478008422851562500e+02
2.500698700000000099e+04 6.478084106445312500e+02
2.500706999999999971e+04 6.478162231445312500e+02
2.500715299999999843e+04 6.478244628906250000e+02
2.500723600000000079e+04 6.478341064453125000e+02
2.500731899999999951e+04 6.478444824218750000e+02
2.500740199999999822e+04 6.478528442382812500e+02
2.500748500000000058e+04 6.478489990234375000e+02
2.500756799999999930e+04 6.478036499023437500e+02
2.500765100000000166e+04 6.477631835937500000e+02
2.500773400000000038e+04 6.477605590820312500e+02
2.500781699999999910e+04 6.477681274414062500e+02
2.500790000000000146e+04 6.477751464843750000e+02
2.500798300000000017e+04 6.477827758789062500e+02
2.500806599999999889e+04 6.477904663085937500e+02
2.500814900000000125e+04 6.477986450195312500e+02
2.500823199999999997e+04 6.478082275390625000e+02
2.500831499999999869e+04 6.478186645507812500e+02
2.500839800000000105e+04 6.478268432617187500e+02
2.500848099999999977e+04 6.478228149414062500e+02
2.500856399999999849e+04 6.477774047851562500e+02
2.500864700000000084e+04 6.477318725585937500e+02
2.500872999999999956e+04 6.477211914062500000e+02
2.500881299999999828e+04 6.477285156250000000e+02
2.500889600000000064e+04 6.477357788085937500e+02
2.500897899999999936e+04 6.477432250976562500e+02
2.500906200000000172e+04 6.477510986328125000e+02
2.500914500000000044e+04 6.477592773437500000e+02
2.500922799999999916e+04 6.477686767578125000e+02
2.500931100000000151e+04 6.477791137695312500e+02
2.500939400000000023e+04 6.477880859375000000e+02
2.500947699999999895e+04 6.477872924804687500e+02
2.500956000000000131e+04 6.477536621093750000e+02
2.500964300000000003e+04 6.477081909179687500e+02
2.500972599999999875e+04 6.476975097656250000e+02
2.500980900000000111e+04 6.477047119140625000e+02
2.500989199999999983e+04 6.477120361328125000e+02
2.500997499999999854e+04 6.477194824218750000e+02
2.501005800000000090e+04 6.477274169921875000e+02
2.501014099999999962e+04 6.477355957031250000e+02
2.501022399999999834e+04 6.477448730468750000e+02
2.501030700000000070e+04 6.477552490234375000e+02
2.501038999999999942e+04 6.477642822265625000e+02
2.501047300000000178e+04 6.477632446289062500e+02
2.501055600000000049e+04 6.477295532226562500e+02
2.501063899999999921e+04 6.476841430664062500e+02
2.501072200000000157e+04 6.476732177734375000e+02
2.501080500000000029e+04 6.476805419921875000e+02
2.501088799999999901e+04 6.476876220703125000e+02
2.501097100000000137e+04 6.476951293945312500e+02
2.501105400000000009e+04 6.477029418945312500e+02
2.501113699999999881e+04 6.477111206054687500e+02
2.501122000000000116e+04 6.477204589843750000e+02
2.501130299999999988e+04 6.477309570312500000e+02
2.501138599999999860e+04 6.477398681640625000e+02
2.501146900000000096e+04 6.477390136718750000e+02
2.501155199999999968e+04 6.477053222656250000e+02
2.501163499999999840e+04 6.476599121093750000e+02
2.501171800000000076e+04 6.476491088867187500e+02
2.501180099999999948e+04 6.476563720703125000e+02
2.501188399999999820e+04 6.476636352539062500e+02
2.501196700000000055e+04 6.476711425781250000e+02
2.501204999999999927e+04 6.476788940429687500e+02
2.501213300000000163e+04 6.476869506835937500e+02
2.501221600000000035e+04 6.476962890625000000e+02
2.501229899999999907e+04 6.477066650390625000e+02
2.501238200000000143e+04 6.477156372070312500e+02
2.501246500000000015e+04 6.477147216796875000e+02
2.501254799999999886e+04 6.476809082031250000e+02
2.501263100000000122e+04 6.476355590820312500e+02
2.501271399999999994e+04 6.476163940429687500e+02
2.501279699999999866e+04 6.476225585937500000e+02
2.501288000000000102e+04 6.476300048828125000e+02
2.501296299999999974e+04 6.476373901367187500e+02
2.501304599999999846e+04 6.476451416015625000e+02
2.501312900000000081e+04 6.476532592773437500e+02
2.501321199999999953e+04 6.476626586914062500e+02
2.501329499999999825e+04 6.476729125976562500e+02
2.501337800000000061e+04 6.476824951171875000e+02
2.501346099999999933e+04 6.476845703125000000e+02
2.501354400000000169e+04 6.476621704101562500e+02
2.501362700000000041e+04 6.476118164062500000e+02
2.501370999999999913e+04 6.475926513671875000e+02
2.501379300000000148e+04 6.475994262695312500e+02
2.501387600000000020e+04 6.476066894531250000e+02
2.501395899999999892e+04 6.476140136718750000e+02
2.501404200000000128e+04 6.476218872070312500e+02
2.501412500000000000e+04 6.476300048828125000e+02
2.501420799999999872e+04 6.476389770507812500e+02
2.501429100000000108e+04 6.476491088867187500e+02
2.501437399999999980e+04 6.476586914062500000e+02
2.501445699999999852e+04 6.476608886718750000e+02
2.501454000000000087e+04 6.476382446289062500e+02
2.501462299999999959e+04 6.475875244140625000e+02
2.501470599999999831e+04 6.475682373046875000e+02
2.501478900000000067e+04 6.475747680664062500e+02
2.501487199999999939e+04 6.475822753906250000e+02
2.501495500000000175e+04 6.475896606445312500e+02
2.501503800000000047e+04 6.475974731445312500e+02
2.501512099999999919e+04 6.476055908203125000e+02
2.501520400000000154e+04 6.476145629882812500e+02
2.501528700000000026e+04 6.476248779296875000e+02
2.501536999999999898e+04 6.476343994140625000e+02
2.501545300000000134e+04 6.476364135742187500e+02
2.501553600000000006e+04 6.476135864257812500e+02
2.501561899999999878e+04 6.475632324218750000e+02
2.501570200000000114e+04 6.475439453125000000e+02
2.501578499999999985e+04 6.475507812500000000e+02
2.501586799999999857e+04 6.475581054687500000e+02
2.501595100000000093e+04 6.475654907226562500e+02
2.501603399999999965e+04 6.475733032226562500e+02
2.501611699999999837e+04 6.475813598632812500e+02
2.501620000000000073e+04 6.475904541015625000e+02
2.501628299999999945e+04 6.476005859375000000e+02
2.501636600000000180e+04 6.476101074218750000e+02
2.501644900000000052e+04 6.476123046875000000e+02
2.501653199999999924e+04 6.475894775390625000e+02
2.501661500000000160e+04 6.475388793945312500e+02
2.501669800000000032e+04 6.475113525390625000e+02
2.501678099999999904e+04 6.475175170898437500e+02
2.501686400000000140e+04 6.475250854492187500e+02
2.501694700000000012e+04 6.475322265625000000e+02
2.501702999999999884e+04 6.475401611328125000e+02
2.501711300000000119e+04 6.475481567382812500e+02
2.501719599999999991e+04 6.475573120117187500e+02
2.501727899999999863e+04 6.475675048828125000e+02
2.501736200000000099e+04 6.475771484375000000e+02
2.501744499999999971e+04 6.475818481445312500e+02
2.501752799999999843e+04 6.475698242187500000e+02
2.501761100000000079e+04 6.475143432617187500e+02
2.501769399999999951e+04 6.474868164062500000e+02
2.501777699999999822e+04 6.474931640625000000e+02
2.501786000000000058e+04 6.475008544921875000e+02
2.501794299999999930e+04 6.475080566406250000e+02
2.501802600000000166e+04 6.475159912109375000e+02
2.501810900000000038e+04 6.475241088867187500e+02
2.501819199999999910e+04 6.475328979492187500e+02
2.501827500000000146e+04 6.475430908203125000e+02
2.501835800000000017e+04 6.475532226562500000e+02
2.501844099999999889e+04 6.475582885742187500e+02
2.501852400000000125e+04 6.475471191406250000e+02
2.501860699999999997e+04 6.474917602539062500e+02
2.501868999999999869e+04 6.474642944335937500e+02
2.501877300000000105e+04 6.474707031250000000e+02
2.501885599999999977e+04 6.474783325195312500e+02
2.501893899999999849e+04 6.474854125976562500e+02
2.501902200000000084e+04 6.474933471679687500e+02
2.501910499999999956e+04 6.475014038085937500e+02
2.501918799999999828e+04 6.475101928710937500e+02
2.501927100000000064e+04 6.475204467773437500e+02
2.501935399999999936e+04 6.475305175781250000e+02
2.501943700000000172e+04 6.475355224609375000e+02
2.501952000000000044e+04 6.475242309570312500e+02
2.501960299999999916e+04 6.474688720703125000e+02
2.501968600000000151e+04 6.474414062500000000e+02
2.501976900000000023e+04 6.474476928710937500e+02
2.501985199999999895e+04 6.474553833007812500e+02
2.501993500000000131e+04 6.474625854492187500e+02
