2.500009800000000178e+04 6.591276245117187500e+02
2.500018100000000049e+04 6.591345825195312500e+02
2.500026399999999921e+04 6.591430053710937500e+02
2.500034700000000157e+04 6.591515502929687500e+02
2.500043000000000029e+04 6.591579589843750000e+02
2.500051299999999901e+04 6.591482543945312500e+02
2.500059600000000137e+04 6.590927734375000000e+02
2.500067900000000009e+04 6.590568237304687500e+02
2.500076199999999881e+04 6.590634155273437500e+02
2.500084500000000116e+04 6.590698852539062500e+02
2.500092799999999988e+04 6.590751953125000000e+02
2.500101099999999860e+04 6.590812377929687500e+02
2.500109400000000096e+04 6.590873413085937500e+02
2.500117699999999968e+04 6.590939941406250000e+02
2.500125999999999840e+04 6.591022949218750000e+02
2.500134300000000076e+04 6.591113281250000000e+02
2.500142599999999948e+04 6.591177978515625000e+02
2.500150899999999820e+04 6.591104125976562500e+02
2.500159200000000055e+04 6.590590209960937500e+02
2.500167499999999927e+04 6.590231323242187500e+02
2.500175800000000163e+04 6.590294799804687500e+02
2.500184100000000035e+04 6.590359497070312500e+02
2.500192399999999907e+04 6.590413208007812500e+02
2.500200700000000143e+04 6.590473632812500000e+02
2.500209000000000015e+04 6.590534667968750000e+02
2.500217299999999886e+04 6.590600585937500000e+02
2.500225600000000122e+04 6.590683593750000000e+02
2.500233899999999994e+04 6.590774536132812500e+02
2.500242199999999866e+04 6.590838623046875000e+02
2.500250500000000102e+04 6.590765380859375000e+02
2.500258799999999974e+04 6.590251464843750000e+02
2.500267099999999846e+04 6.589891967773437500e+02
2.500275400000000081e+04 6.589956054687500000e+02
2.500283699999999953e+04 6.590020751953125000e+02
2.500291999999999825e+04 6.590073852539062500e+02
2.500300300000000061e+04 6.590134277343750000e+02
2.500308599999999933e+04 6.590195922851562500e+02
2.500316900000000169e+04 6.590261840820312500e+02
2.500325200000000041e+04 6.590344848632812500e+02
2.500333499999999913e+04 6.590435791015625000e+02
2.500341800000000148e+04 6.590499877929687500e+02
2.500350100000000020e+04 6.590426025390625000e+02
2.500358399999999892e+04 6.589912109375000000e+02
2.500366700000000128e+04 6.589552612304687500e+02
2.500375000000000000e+04 6.589616699218750000e+02
2.500383299999999872e+04 6.589681396484375000e+02
2.500391600000000108e+04 6.589734497070312500e+02
2.500399899999999980e+04 6.589794921875000000e+02
2.500408199999999852e+04 6.589855957031250000e+02
2.500416500000000087e+04 6.589921264648437500e+02
2.500424799999999959e+04 6.590004272460937500e+02
2.500433099999999831e+04 6.590095214843750000e+02
2.500441400000000067e+04 6.590159301757812500e+02
2.500449699999999939e+04 6.590086059570312500e+02
2.500458000000000175e+04 6.589569702148437500e+02
2.500466300000000047e+04 6.589161376953125000e+02
2.500474599999999919e+04 6.589145507812500000e+02
2.500482900000000154e+04 6.589210205078125000e+02
2.500491200000000026e+04 6.589265136718750000e+02
2.500499499999999898e+04 6.589324340820312500e+02
2.500507800000000134e+04 6.589384765625000000e+02
2.500516100000000006e+04 6.589450073242187500e+02
2.500524399999999878e+04 6.589528808593750000e+02
2.500532700000000114e+04 6.589617919921875000e+02
2.500540999999999985e+04 6.589687500000000000e+02
2.500549299999999857e+04 6.589641113281250000e+02
2.500557600000000093e+04 6.589195556640625000e+02
2.500565899999999965e+04 6.588791503906250000e+02
2.500574199999999837e+04 6.588771362304687500e+02
2.500582500000000073e+04 6.588836059570312500e+02
2.500590799999999945e+04 6.588890991210937500e+02
2.500599100000000180e+04 6.588950195312500000e+02
2.500607400000000052e+04 6.589010620117187500e+02
2.500615699999999924e+04 6.589075927734375000e+02
2.500624000000000160e+04 6.589155273437500000e+02
2.500632300000000032e+04 6.589243774414062500e+02
2.500640599999999904e+04 6.589313354492187500e+02
2.500648900000000140e+04 6.589266967773437500e+02
2.500657200000000012e+04 6.588821411132812500e+02
2.500665499999999884e+04 6.588416748046875000e+02
2.500673800000000119e+04 6.588396606445312500e+02
2.500682099999999991e+04 6.588461303710937500e+02
2.500690399999999863e+04 6.588516845703125000e+02
2.500698700000000099e+04 6.588575439453125000e+02
2.500706999999999971e+04 6.588636474609375000e+02
2.500715299999999843e+04 6.588701171875000000e+02
2.500723600000000079e+04 6.588780517578125000e+02
2.500731899999999951e+04 6.588869628906250000e+02
2.500740199999999822e+04 6.588939208984375000e+02
2.500748500000000058e+04 6.588892211914062500e+02
2.500756799999999930e+04 6.588446655273437500e+02
2.500765100000000166e+04 6.588041992187500000e+02
2.500773400000000038e+04 6.588021850585937500e+02
2.500781699999999910e+04 6.588086547851562500e+02
2.500790000000000146e+04 6.588142089843750000e+02
2.500798300000000017e+04 6.588200683593750000e+02
2.500806599999999889e+04 6.588261108398437500e+02
2.500814900000000125e+04 6.588325195312500000e+02
2.500823199999999997e+04 6.588404541015625000e+02
2.500831499999999869e+04 6.588493652343750000e+02
2.500839800000000105e+04 6.588563232421875000e+02
2.500848099999999977e+04 6.588516235351562500e+02
2.500856399999999849e+04 6.588069458007812500e+02
2.500864700000000084e+04 6.587615966796875000e+02
2.500872999999999956e+04 6.587515258789062500e+02
2.500881299999999828e+04 6.587579956054687500e+02
2.500889600000000064e+04 6.587637939453125000e+02
2.500897899999999936e+04 6.587695312500000000e+02
2.500906200000000172e+04 6.587756347656250000e+02
2.500914500000000044e+04 6.587820434570312500e+02
2.500922799999999916e+04 6.587896728515625000e+02
2.500931100000000151e+04 6.587984008789062500e+02
2.500939400000000023e+04 6.588059082031250000e+02
2.500947699999999895e+04 6.588040161132812500e+02
2.500956000000000131e+04 6.587702026367187500e+02
2.500964300000000003e+04 6.587255249023437500e+02
2.500972599999999875e+04 6.587147827148437500e+02
2.500980900000000111e+04 6.587215576171875000e+02
2.500989199999999983e+04 6.587273559570312500e+02
2.500997499999999854e+04 6.587330932617187500e+02
2.501005800000000090e+04 6.587391967773437500e+02
2.501014099999999962e+04 6.587456054687500000e+02
2.501022399999999834e+04 6.587532348632812500e+02
2.501030700000000070e+04 6.587620239257812500e+02
2.501038999999999942e+04 6.587694702148437500e+02
2.501047300000000178e+04 6.587675781250000000e+02
2.501055600000000049e+04 6.587337646484375000e+02
2.501063899999999921e+04 6.586890258789062500e+02
2.501072200000000157e+04 6.586783447265625000e+02
2.501080500000000029e+04 6.586851196289062500e+02
2.501088799999999901e+04 6.586909179687500000e+02
2.501097100000000137e+04 6.586966552734375000e+02
2.501105400000000009e+04 6.587027587890625000e+02
2.501113699999999881e+04 6.587091674804687500e+02
2.501122000000000116e+04 6.587167968750000000e+02
2.501130299999999988e+04 6.587255249023437500e+02
2.501138599999999860e+04 6.587330322265625000e+02
2.501146900000000096e+04 6.587311401367187500e+02
2.501155199999999968e+04 6.586972656250000000e+02
2.501163499999999840e+04 6.586525268554687500e+02
2.501171800000000076e+04 6.586418457031250000e+02
2.501180099999999948e+04 6.586485595703125000e+02
2.501188399999999820e+04 6.586543579101562500e+02
2.501196700000000055e+04 6.586601562500000000e+02
2.501204999999999927e+04 6.586661987304687500e+02
2.501213300000000163e+04 6.586725463867187500e+02
2.501221600000000035e+04 6.586801757812500000e+02
2.501229899999999907e+04 6.586889038085937500e+02
2.501238200000000143e+04 6.586964111328125000e+02
2.501246500000000015e+04 6.586945190429687500e+02
2.501254799999999886e+04 6.586605834960937500e+02
2.501263100000000122e+04 6.586157836914062500e+02
2.501271399999999994e+04 6.585968017578125000e+02
2.501279699999999866e+04 6.586035156250000000e+02
2.501288000000000102e+04 6.586094970703125000e+02
2.501296299999999974e+04 6.586151123046875000e+02
2.501304599999999846e+04 6.586212158203125000e+02
2.501312900000000081e+04 6.586275634765625000e+02
2.501321199999999953e+04 6.586351928710937500e+02
2.501329499999999825e+04 6.586437988281250000e+02
2.501337800000000061e+04 6.586518554687500000e+02
2.501346099999999933e+04 6.586527099609375000e+02
2.501354400000000169e+04 6.586293945312500000e+02
2.501362700000000041e+04 6.585806274414062500e+02
2.501370999999999913e+04 6.585611572265625000e+02
2.501379300000000148e+04 6.585680541992187500e+02
2.501387600000000020e+04 6.585740356445312500e+02
2.501395899999999892e+04 6.585797119140625000e+02
2.501404200000000128e+04 6.585857543945312500e+02
2.501412500000000000e+04 6.585921020507812500e+02
2.501420799999999872e+04 6.585994262695312500e+02
2.501429100000000108e+04 6.586080322265625000e+02
2.501437399999999980e+04 6.586160278320312500e+02
2.501445699999999852e+04 6.586169433593750000e+02
2.501454000000000087e+04 6.585933837890625000e+02
2.501462299999999959e+04 6.585446166992187500e+02
2.501470599999999831e+04 6.585251464843750000e+02
2.501478900000000067e+04 6.585319824218750000e+02
2.501487199999999939e+04 6.585380249023437500e+02
2.501495500000000175e+04 6.585436401367187500e+02
2.501503800000000047e+04 6.585497436523437500e+02
2.501512099999999919e+04 6.585560913085937500e+02
2.501520400000000154e+04 6.585633544921875000e+02
2.501528700000000026e+04 6.585720214843750000e+02
2.501536999999999898e+04 6.585800170898437500e+02
2.501545300000000134e+04 6.585809326171875000e+02
2.501553600000000006e+04 6.585573120117187500e+02
2.501561899999999878e+04 6.585084838867187500e+02
2.501570200000000114e+04 6.584890747070312500e+02
2.501578499999999985e+04 6.584959106445312500e+02
2.501586799999999857e+04 6.585019531250000000e+02
2.501595100000000093e+04 6.585075683593750000e+02
2.501603399999999965e+04 6.585136718750000000e+02
2.501611699999999837e+04 6.585198974609375000e+02
2.501620000000000073e+04 6.585272216796875000e+02
2.501628299999999945e+04 6.585358276367187500e+02
2.501636600000000180e+04 6.585438232421875000e+02
2.501644900000000052e+04 6.585447387695312500e+02
2.501653199999999924e+04 6.585209960937500000e+02
2.501661500000000160e+04 6.584722290039062500e+02
2.501669800000000032e+04 6.584444580078125000e+02
2.501678099999999904e+04 6.584512939453125000e+02
2.501686400000000140e+04 6.584575195312500000e+02
2.501694700000000012e+04 6.584630126953125000e+02
2.501702999999999884e+04 6.584691162109375000e+02
2.501711300000000119e+04 6.584753417968750000e+02
2.501719599999999991e+04 6.584826660156250000e+02
2.501727899999999863e+04 6.584910888671875000e+02
2.501736200000000099e+04 6.584991455078125000e+02
2.501744499999999971e+04 6.585028076171875000e+02
2.501752799999999843e+04 6.584893798828125000e+02
2.501761100000000079e+04 6.584360961914062500e+02
2.501769399999999951e+04 6.584080810546875000e+02
2.501777699999999822e+04 6.584148559570312500e+02
2.501786000000000058e+04 6.584211425781250000e+02
2.501794299999999930e+04 6.584266357421875000e+02
2.501802600000000166e+04 6.584326782226562500e+02
2.501810900000000038e+04 6.584389038085937500e+02
2.501819199999999910e+04 6.584459228515625000e+02
2.501827500000000146e+04 6.584544067382812500e+02
2.501835800000000017e+04 6.584629516601562500e+02
2.501844099999999889e+04 6.584666137695312500e+02
2.501852400000000125e+04 6.584539184570312500e+02
2.501860699999999997e+04 6.584005126953125000e+02
2.501868999999999869e+04 6.583725585937500000e+02
2.501877300000000105e+04 6.583792724609375000e+02
2.501885599999999977e+04 6.583855590820312500e+02
2.501893899999999849e+04 6.583910522460937500e+02
2.501902200000000084e+04 6.583971557617187500e+02
2.501910499999999956e+04 6.584033813476562500e+02
2.501918799999999828e+04 6.584103393554687500e+02
2.501927100000000064e+04 6.584188232421875000e+02
2.501935399999999936e+04 6.584273681640625000e+02
2.501943700000000172e+04 6.584310302734375000e+02
2.501952000000000044e+04 6.584183349609375000e+02
2.501960299999999916e+04 6.583649291992187500e+02
2.501968600000000151e+04 6.583369750976562500e+02
2.501976900000000023e+04 6.583436889648437500e+02
2.501985199999999895e+04 6.583499145507812500e+02
2.501993500000000131e+04 6.583554077148437500e+02
