2.500009800000000178e+04 7.273346557617187500e+02
2.500018100000000049e+04 7.273416137695312500e+02
2.500026399999999921e+04 7.273500366210937500e+02
2.500034700000000157e+04 7.273585815429687500e+02
2.500043000000000029e+04 7.273650512695312500e+02
2.500051299999999901e+04 7.273552856445312500e+02
2.500059600000000137e+04 7.272998657226562500e+02
2.500067900000000009e+04 7.272638549804687500e+02
2.500076199999999881e+04 7.272705078125000000e+02
2.500084500000000116e+04 7.272769165039062500e+02
2.500092799999999988e+04 7.272822875976562500e+02
2.500101099999999860e+04 7.272883300781250000e+02
2.500109400000000096e+04 7.272944335937500000e+02
2.500117699999999968e+04 7.273010253906250000e+02
2.500125999999999840e+04 7.273093261718750000e+02
2.500134300000000076e+04 7.273184204101562500e+02
2.500142599999999948e+04 7.273248291015625000e+02
2.500150899999999820e+04 7.273175048828125000e+02
2.500159200000000055e+04 7.272660522460937500e+02
2.500167499999999927e+04 7.272302246093750000e+02
2.500175800000000163e+04 7.272365722656250000e+02
2.500184100000000035e+04 7.272430419921875000e+02
2.500192399999999907e+04 7.272483520507812500e+02
2.500200700000000143e+04 7.272543945312500000e+02
2.500209000000000015e+04 7.272604980468750000e+02
2.500217299999999886e+04 7.272671508789062500e+02
2.500225600000000122e+04 7.272754516601562500e+02
2.500233899999999994e+04 7.272844848632812500e+02
2.500242199999999866e+04 7.272909545898437500e+02
2.500250500000000102e+04 7.272835693359375000e+02
2.500258799999999974e+04 7.272322387695312500e+02
2.500267099999999846e+04 7.271962890625000000e+02
2.500275400000000081e+04 7.272026977539062500e+02
2.500283699999999953e+04 7.272091064453125000e+02
2.500291999999999825e+04 7.272144775390625000e+02
2.500300300000000061e+04 7.272205200195312500e+02
2.500308599999999933e+04 7.272266235351562500e+02
2.500316900000000169e+04 7.272332763671875000e+02
2.500325200000000041e+04 7.272415161132812500e+02
2.500333499999999913e+04 7.272506103515625000e+02
2.500341800000000148e+04 7.272570800781250000e+02
2.500350100000000020e+04 7.272496948242187500e+02
2.500358399999999892e+04 7.271983032226562500e+02
2.500366700000000128e+04 7.271623535156250000e+02
2.500375000000000000e+04 7.271687011718750000e+02
2.500383299999999872e+04 7.271751708984375000e+02
2.500391600000000108e+04 7.271804809570312500e+02
2.500399899999999980e+04 7.271865844726562500e+02
2.500408199999999852e+04 7.271926879882812500e+02
2.500416500000000087e+04 7.271992187500000000e+02
2.500424799999999959e+04 7.272075195312500000e+02
2.500433099999999831e+04 7.272165527343750000e+02
2.500441400000000067e+04 7.272230224609375000e+02
2.500449699999999939e+04 7.272156372070312500e+02
2.500458000000000175e+04 7.271640625000000000e+02
2.500466300000000047e+04 7.271232299804687500e+02
2.500474599999999919e+04 7.271216430664062500e+02
2.500482900000000154e+04 7.271280517578125000e+02
2.500491200000000026e+04 7.271336059570312500e+02
2.500499499999999898e+04 7.271394653320312500e+02
2.500507800000000134e+04 7.271455688476562500e+02
2.500516100000000006e+04 7.271520385742187500e+02
2.500524399999999878e+04 7.271599731445312500e+02
2.500532700000000114e+04 7.271688842773437500e+02
2.500540999999999985e+04 7.271757812500000000e+02
2.500549299999999857e+04 7.271711425781250000e+02
2.500557600000000093e+04 7.271266479492187500e+02
2.500565899999999965e+04 7.270861816406250000e+02
2.500574199999999837e+04 7.270841674804687500e+02
2.500582500000000073e+04 7.270906372070312500e+02
2.500590799999999945e+04 7.270961914062500000e+02
2.500599100000000180e+04 7.271020507812500000e+02
2.500607400000000052e+04 7.271081542968750000e+02
2.500615699999999924e+04 7.271146240234375000e+02
2.500624000000000160e+04 7.271225585937500000e+02
2.500632300000000032e+04 7.271314697265625000e+02
2.500640599999999904e+04 7.271384277343750000e+02
2.500648900000000140e+04 7.271337280273437500e+02
2.500657200000000012e+04 7.270891723632812500e+02
2.500665499999999884e+04 7.270487670898437500e+02
2.500673800000000119e+04 7.270466918945312500e+02
2.500682099999999991e+04 7.270532226562500000e+02
2.500690399999999863e+04 7.270587158203125000e+02
2.500698700000000099e+04 7.270646362304687500e+02
2.500706999999999971e+04 7.270706787109375000e+02
2.500715299999999843e+04 7.270772094726562500e+02
2.500723600000000079e+04 7.270851440429687500e+02
2.500731899999999951e+04 7.270940551757812500e+02
2.500740199999999822e+04 7.271009521484375000e+02
2.500748500000000058e+04 7.270963134765625000e+02
2.500756799999999930e+04 7.270516967773437500e+02
2.500765100000000166e+04 7.270112915039062500e+02
2.500773400000000038e+04 7.270092163085937500e+02
2.500781699999999910e+04 7.270156860351562500e+02
2.500790000000000146e+04 7.270212402343750000e+02
2.500798300000000017e+04 7.270270996093750000e+02
2.500806599999999889e+04 7.270332031250000000e+02
2.500814900000000125e+04 7.270396118164062500e+02
2.500823199999999997e+04 7.270475463867187500e+02
2.500831499999999869e+04 7.270564575195312500e+02
2.500839800000000105e+04 7.270633544921875000e+02
2.500848099999999977e+04 7.270587158203125000e+02
2.500856399999999849e+04 7.270140380859375000e+02
2.500864700000000084e+04 7.269686279296875000e+02
2.500872999999999956e+04 7.269585571289062500e+02
2.500881299999999828e+04 7.269650878906250000e+02
2.500889600000000064e+04 7.269708251953125000e+02
2.500897899999999936e+04 7.269766235351562500e+02
2.500906200000000172e+04 7.269826660156250000e+02
2.500914500000000044e+04 7.269890747070312500e+02
2.500922799999999916e+04 7.269967041015625000e+02
2.500931100000000151e+04 7.270054931640625000e+02
2.500939400000000023e+04 7.270129394531250000e+02
2.500947699999999895e+04 7.270110473632812500e+02
2.500956000000000131e+04 7.269772338867187500e+02
2.500964300000000003e+04 7.269325561523437500e+02
2.500972599999999875e+04 7.269218750000000000e+02
2.500980900000000111e+04 7.269286499023437500e+02
2.500989199999999983e+04 7.269343872070312500e+02
2.500997499999999854e+04 7.269401855468750000e+02
2.501005800000000090e+04 7.270513916015625000e+02
2.501014099999999962e+04 7.270578002929687500e+02
2.501022399999999834e+04 7.270654296875000000e+02
2.501030700000000070e+04 7.270741577148437500e+02
2.501038999999999942e+04 7.270816650390625000e+02
2.501047300000000178e+04 7.270797729492187500e+02
2.501055600000000049e+04 7.270459594726562500e+02
2.501063899999999921e+04 7.270012207031250000e+02
2.501072200000000157e+04 7.269905395507812500e+02
2.501080500000000029e+04 7.269973144531250000e+02
2.501088799999999901e+04 7.270030517578125000e+02
2.501097100000000137e+04 7.270088500976562500e+02
2.501105400000000009e+04 7.270148925781250000e+02
2.501113699999999881e+04 7.270213623046875000e+02
2.501122000000000116e+04 7.270289306640625000e+02
2.501130299999999988e+04 7.270377197265625000e+02
2.501138599999999860e+04 7.270452270507812500e+02
2.501146900000000096e+04 7.270433349609375000e+02
2.501155199999999968e+04 7.270094604492187500e+02
2.501163499999999840e+04 7.269646606445312500e+02
2.501171800000000076e+04 7.269539794921875000e+02
2.501180099999999948e+04 7.269607543945312500e+02
2.501188399999999820e+04 7.269665527343750000e+02
2.501196700000000055e+04 7.269722900390625000e+02
2.501204999999999927e+04 7.269783935546875000e+02
2.501213300000000163e+04 7.269847412109375000e+02
2.501221600000000035e+04 7.269923095703125000e+02
2.501229899999999907e+04 7.270010986328125000e+02
2.501238200000000143e+04 7.270086059570312500e+02
2.501246500000000015e+04 7.270067138671875000e+02
2.501254799999999886e+04 7.269727172851562500e+02
2.501263100000000122e+04 7.269279785156250000e+02
2.501271399999999994e+04 7.269089965820312500e+02
2.501279699999999866e+04 7.269156494140625000e+02
2.501288000000000102e+04 7.269216918945312500e+02
2.501296299999999974e+04 7.269273071289062500e+02
2.501304599999999846e+04 7.269334106445312500e+02
2.501312900000000081e+04 7.269397583007812500e+02
2.501321199999999953e+04 7.269473876953125000e+02
2.501329499999999825e+04 7.269559936523437500e+02
2.501337800000000061e+04 7.269639892578125000e+02
2.501346099999999933e+04 7.269649047851562500e+02
2.501354400000000169e+04 7.269415283203125000e+02
2.501362700000000041e+04 7.268928222656250000e+02
2.501370999999999913e+04 7.268733520507812500e+02
2.501379300000000148e+04 7.268801879882812500e+02
2.501387600000000020e+04 7.268862304687500000e+02
2.501395899999999892e+04 7.268918457031250000e+02
2.501404200000000128e+04 7.268979492187500000e+02
2.501412500000000000e+04 7.269042968750000000e+02
2.501420799999999872e+04 7.269115600585937500e+02
2.501429100000000108e+04 7.269202270507812500e+02
2.501437399999999980e+04 7.269282226562500000e+02
2.501445699999999852e+04 7.269291381835937500e+02
2.501454000000000087e+04 7.269055175781250000e+02
2.501462299999999959e+04 7.268567504882812500e+02
2.501470599999999831e+04 7.268372802734375000e+02
2.501478900000000067e+04 7.268441772460937500e+02
2.501487199999999939e+04 7.268501586914062500e+02
2.501495500000000175e+04 7.268558349609375000e+02
2.501503800000000047e+04 7.268619384765625000e+02
2.501512099999999919e+04 7.268682250976562500e+02
2.501520400000000154e+04 7.268755493164062500e+02
2.501528700000000026e+04 7.268841552734375000e+02
2.501536999999999898e+04 7.268922119140625000e+02
2.501545300000000134e+04 7.268930664062500000e+02
2.501553600000000006e+04 7.268695068359375000e+02
2.501561899999999878e+04 7.268206787109375000e+02
2.501570200000000114e+04 7.268012084960937500e+02
2.501578499999999985e+04 7.268081054687500000e+02
2.501586799999999857e+04 7.268140869140625000e+02
2.501595100000000093e+04 7.268197631835937500e+02
2.501603399999999965e+04 7.268258056640625000e+02
2.501611699999999837e+04 7.268320922851562500e+02
2.501620000000000073e+04 7.268393554687500000e+02
2.501628299999999945e+04 7.268480224609375000e+02
2.501636600000000180e+04 7.268560180664062500e+02
2.501644900000000052e+04 7.268569335937500000e+02
2.501653199999999924e+04 7.268331909179687500e+02
2.501661500000000160e+04 7.267844238281250000e+02
2.501669800000000032e+04 7.267566528320312500e+02
2.501678099999999904e+04 7.267634277343750000e+02
2.501686400000000140e+04 7.267696533203125000e+02
2.501694700000000012e+04 7.267751464843750000e+02
2.501702999999999884e+04 7.267812500000000000e+02
2.501711300000000119e+04 7.267874755859375000e+02
2.501719599999999991e+04 7.267947998046875000e+02
2.501727899999999863e+04 7.268032836914062500e+02
2.501736200000000099e+04 7.268112792968750000e+02
2.501744499999999971e+04 7.268149414062500000e+02
2.501752799999999843e+04 7.268015747070312500e+02
2.501761100000000079e+04 7.267482299804687500e+02
2.501769399999999951e+04 7.267202758789062500e+02
2.501777699999999822e+04 7.267270507812500000e+02
2.501786000000000058e+04 7.267332763671875000e+02
2.501794299999999930e+04 7.267387695312500000e+02
2.501802600000000166e+04 7.267448730468750000e+02
2.501810900000000038e+04 7.267510986328125000e+02
2.501819199999999910e+04 7.267580566406250000e+02
2.501827500000000146e+04 7.267665405273437500e+02
2.501835800000000017e+04 7.267751464843750000e+02
2.501844099999999889e+04 7.267788085937500000e+02
2.501852400000000125e+04 7.267661132812500000e+02
2.501860699999999997e+04 7.267127075195312500e+02
2.501868999999999869e+04 7.266847534179687500e+02
2.501877300000000105e+04 7.266914672851562500e+02
2.501885599999999977e+04 7.266976928710937500e+02
2.501893899999999849e+04 7.267032470703125000e+02
2.501902200000000084e+04 7.267092895507812500e+02
2.501910499999999956e+04 7.267155151367187500e+02
2.501918799999999828e+04 7.267225341796875000e+02
2.501927100000000064e+04 7.267310180664062500e+02
2.501935399999999936e+04 7.267395629882812500e+02
2.501943700000000172e+04 7.267432250976562500e+02
2.501952000000000044e+04 7.267305297851562500e+02
2.501960299999999916e+04 7.266771240234375000e+02
2.501968600000000151e+04 7.266491088867187500e+02
2.501976900000000023e+04 7.266558837890625000e+02
2.501985199999999895e+04 7.266621093750000000e+02
2.501993500000000131e+04 7.266676025390625000e+02
