2.500009800000000178e+04 7.192872924804687500e+02
2.500018100000000049e+04 7.192960815429687500e+02
2.500026399999999921e+04 7.193062133789062500e+02
2.500034700000000157e+04 7.193162841796875000e+02
2.500043000000000029e+04 7.193239135742187500e+02
2.500051299999999901e+04 7.193147583007812500e+02
2.500059600000000137e+04 7.192575073242187500e+02
2.500067900000000009e+04 7.192221679687500000e+02
2.500076199999999881e+04 7.192280273437500000e+02
2.500084500000000116e+04 7.192357177734375000e+02
2.500092799999999988e+04 7.192426757812500000e+02
2.500101099999999860e+04 7.192505493164062500e+02
2.500109400000000096e+04 7.192584838867187500e+02
2.500117699999999968e+04 7.192668457031250000e+02
2.500125999999999840e+04 7.192768554687500000e+02
2.500134300000000076e+04 7.192875976562500000e+02
2.500142599999999948e+04 7.192954101562500000e+02
2.500150899999999820e+04 7.192886962890625000e+02
2.500159200000000055e+04 7.192355346679687500e+02
2.500167499999999927e+04 7.192001342773437500e+02
2.500175800000000163e+04 7.192059936523437500e+02
2.500184100000000035e+04 7.192135620117187500e+02
2.500192399999999907e+04 7.192204589843750000e+02
2.500200700000000143e+04 7.192283325195312500e+02
2.500209000000000015e+04 7.192362670898437500e+02
2.500217299999999886e+04 7.192446899414062500e+02
2.500225600000000122e+04 7.192546997070312500e+02
2.500233899999999994e+04 7.192653808593750000e+02
2.500242199999999866e+04 7.192733154296875000e+02
2.500250500000000102e+04 7.192666625976562500e+02
2.500258799999999974e+04 7.192138061523437500e+02
2.500267099999999846e+04 7.191781005859375000e+02
2.500275400000000081e+04 7.191839599609375000e+02
2.500283699999999953e+04 7.191917724609375000e+02
2.500291999999999825e+04 7.191987915039062500e+02
2.500300300000000061e+04 7.192066040039062500e+02
2.500308599999999933e+04 7.192145385742187500e+02
2.500316900000000169e+04 7.192229614257812500e+02
2.500325200000000041e+04 7.192329711914062500e+02
2.500333499999999913e+04 7.192437133789062500e+02
2.500341800000000148e+04 7.192515258789062500e+02
2.500350100000000020e+04 7.192447509765625000e+02
2.500358399999999892e+04 7.191917724609375000e+02
2.500366700000000128e+04 7.191561889648437500e+02
2.500375000000000000e+04 7.191610107421875000e+02
2.500383299999999872e+04 7.191675415039062500e+02
2.500391600000000108e+04 7.191735839843750000e+02
2.500399899999999980e+04 7.191813354492187500e+02
2.500408199999999852e+04 7.191892700195312500e+02
2.500416500000000087e+04 7.191975708007812500e+02
2.500424799999999959e+04 7.192075195312500000e+02
2.500433099999999831e+04 7.192182617187500000e+02
2.500441400000000067e+04 7.192261352539062500e+02
2.500449699999999939e+04 7.192194824218750000e+02
2.500458000000000175e+04 7.191663208007812500e+02
2.500466300000000047e+04 7.191259155273437500e+02
2.500474599999999919e+04 7.191233520507812500e+02
2.500482900000000154e+04 7.191311645507812500e+02
2.500491200000000026e+04 7.191381835937500000e+02
2.500499499999999898e+04 7.191456298828125000e+02
2.500507800000000134e+04 7.191534423828125000e+02
2.500516100000000006e+04 7.191616210937500000e+02
2.500524399999999878e+04 7.191710815429687500e+02
2.500532700000000114e+04 7.191815795898437500e+02
2.500540999999999985e+04 7.191898193359375000e+02
2.500549299999999857e+04 7.191859741210937500e+02
2.500557600000000093e+04 7.191406860351562500e+02
2.500565899999999965e+04 7.191004028320312500e+02
2.500574199999999837e+04 7.190979614257812500e+02
2.500582500000000073e+04 7.191057739257812500e+02
2.500590799999999945e+04 7.191127929687500000e+02
2.500599100000000180e+04 7.191203613281250000e+02
2.500607400000000052e+04 7.191281127929687500e+02
2.500615699999999924e+04 7.191363525390625000e+02
2.500624000000000160e+04 7.191458129882812500e+02
2.500632300000000032e+04 7.191561889648437500e+02
2.500640599999999904e+04 7.191645507812500000e+02
2.500648900000000140e+04 7.191606445312500000e+02
2.500657200000000012e+04 7.191154174804687500e+02
2.500665499999999884e+04 7.190750122070312500e+02
2.500673800000000119e+04 7.190724487304687500e+02
2.500682099999999991e+04 7.190802001953125000e+02
2.500690399999999863e+04 7.190872192382812500e+02
2.500698700000000099e+04 7.190947875976562500e+02
2.500706999999999971e+04 7.191026000976562500e+02
2.500715299999999843e+04 7.191108398437500000e+02
2.500723600000000079e+04 7.191204833984375000e+02
2.500731899999999951e+04 7.191309204101562500e+02
2.500740199999999822e+04 7.191392211914062500e+02
2.500748500000000058e+04 7.191353759765625000e+02
2.500756799999999930e+04 7.190900878906250000e+02
2.500765100000000166e+04 7.190495605468750000e+02
2.500773400000000038e+04 7.190469360351562500e+02
2.500781699999999910e+04 7.190545043945312500e+02
2.500790000000000146e+04 7.190615844726562500e+02
2.500798300000000017e+04 7.190691528320312500e+02
2.500806599999999889e+04 7.190769042968750000e+02
2.500814900000000125e+04 7.190850219726562500e+02
2.500823199999999997e+04 7.190946044921875000e+02
2.500831499999999869e+04 7.191050415039062500e+02
2.500839800000000105e+04 7.191132202148437500e+02
2.500848099999999977e+04 7.191091918945312500e+02
2.500856399999999849e+04 7.190637817382812500e+02
2.500864700000000084e+04 7.190183105468750000e+02
2.500872999999999956e+04 7.190075683593750000e+02
2.500881299999999828e+04 7.190148925781250000e+02
2.500889600000000064e+04 7.190221557617187500e+02
2.500897899999999936e+04 7.190296020507812500e+02
2.500906200000000172e+04 7.190374755859375000e+02
2.500914500000000044e+04 7.190457153320312500e+02
2.500922799999999916e+04 7.190550537109375000e+02
2.500931100000000151e+04 7.190654907226562500e+02
2.500939400000000023e+04 7.190744628906250000e+02
2.500947699999999895e+04 7.190736694335937500e+02
2.500956000000000131e+04 7.190400390625000000e+02
2.500964300000000003e+04 7.189946289062500000e+02
2.500972599999999875e+04 7.189838867187500000e+02
2.500980900000000111e+04 7.189911499023437500e+02
2.500989199999999983e+04 7.189984130859375000e+02
2.500997499999999854e+04 7.190059204101562500e+02
2.501005800000000090e+04 7.190866699218750000e+02
2.501014099999999962e+04 7.190948486328125000e+02
2.501022399999999834e+04 7.191041259765625000e+02
2.501030700000000070e+04 7.191145019531250000e+02
2.501038999999999942e+04 7.191234741210937500e+02
2.501047300000000178e+04 7.191224975585937500e+02
2.501055600000000049e+04 7.190887451171875000e+02
2.501063899999999921e+04 7.190433349609375000e+02
2.501072200000000157e+04 7.190324707031250000e+02
2.501080500000000029e+04 7.190397949218750000e+02
2.501088799999999901e+04 7.190468750000000000e+02
2.501097100000000137e+04 7.190543212890625000e+02
2.501105400000000009e+04 7.190621948242187500e+02
2.501113699999999881e+04 7.190703125000000000e+02
2.501122000000000116e+04 7.190797119140625000e+02
2.501130299999999988e+04 7.190902099609375000e+02
2.501138599999999860e+04 7.190990600585937500e+02
2.501146900000000096e+04 7.190982055664062500e+02
2.501155199999999968e+04 7.190645141601562500e+02
2.501163499999999840e+04 7.190191040039062500e+02
2.501171800000000076e+04 7.190083007812500000e+02
2.501180099999999948e+04 7.190156250000000000e+02
2.501188399999999820e+04 7.190228881835937500e+02
2.501196700000000055e+04 7.190303955078125000e+02
2.501204999999999927e+04 7.190381469726562500e+02
2.501213300000000163e+04 7.190462036132812500e+02
2.501221600000000035e+04 7.190554809570312500e+02
2.501229899999999907e+04 7.190659179687500000e+02
2.501238200000000143e+04 7.190748901367187500e+02
2.501246500000000015e+04 7.190739746093750000e+02
2.501254799999999886e+04 7.190401611328125000e+02
2.501263100000000122e+04 7.189947509765625000e+02
2.501271399999999994e+04 7.189756469726562500e+02
2.501279699999999866e+04 7.189817504882812500e+02
2.501288000000000102e+04 7.189892578125000000e+02
2.501296299999999974e+04 7.189966430664062500e+02
2.501304599999999846e+04 7.190043945312500000e+02
2.501312900000000081e+04 7.190124511718750000e+02
2.501321199999999953e+04 7.190219116210937500e+02
2.501329499999999825e+04 7.190321655273437500e+02
2.501337800000000061e+04 7.190417480468750000e+02
2.501346099999999933e+04 7.190438232421875000e+02
2.501354400000000169e+04 7.190214233398437500e+02
2.501362700000000041e+04 7.189710693359375000e+02
2.501370999999999913e+04 7.189518432617187500e+02
2.501379300000000148e+04 7.189586791992187500e+02
2.501387600000000020e+04 7.189658813476562500e+02
2.501395899999999892e+04 7.189732055664062500e+02
2.501404200000000128e+04 7.189811401367187500e+02
2.501412500000000000e+04 7.189892578125000000e+02
2.501420799999999872e+04 7.189982299804687500e+02
2.501429100000000108e+04 7.190083007812500000e+02
2.501437399999999980e+04 7.190179443359375000e+02
2.501445699999999852e+04 7.190200805664062500e+02
2.501454000000000087e+04 7.189974365234375000e+02
2.501462299999999959e+04 7.189467163085937500e+02
2.501470599999999831e+04 7.189274291992187500e+02
2.501478900000000067e+04 7.189340209960937500e+02
2.501487199999999939e+04 7.189414672851562500e+02
2.501495500000000175e+04 7.189489135742187500e+02
2.501503800000000047e+04 7.189567260742187500e+02
2.501512099999999919e+04 7.189648437500000000e+02
2.501520400000000154e+04 7.189738159179687500e+02
2.501528700000000026e+04 7.189841308593750000e+02
2.501536999999999898e+04 7.189936523437500000e+02
2.501545300000000134e+04 7.189956665039062500e+02
2.501553600000000006e+04 7.189727783203125000e+02
2.501561899999999878e+04 7.189224853515625000e+02
2.501570200000000114e+04 7.189031982421875000e+02
2.501578499999999985e+04 7.189100341796875000e+02
2.501586799999999857e+04 7.189173583984375000e+02
2.501595100000000093e+04 7.189246826171875000e+02
2.501603399999999965e+04 7.189325561523437500e+02
2.501611699999999837e+04 7.189406127929687500e+02
2.501620000000000073e+04 7.189496459960937500e+02
2.501628299999999945e+04 7.189598388671875000e+02
2.501636600000000180e+04 7.189693603515625000e+02
2.501644900000000052e+04 7.189715576171875000e+02
2.501653199999999924e+04 7.189487304687500000e+02
2.501661500000000160e+04 7.188981323242187500e+02
2.501669800000000032e+04 7.188706054687500000e+02
2.501678099999999904e+04 7.188767700195312500e+02
2.501686400000000140e+04 7.188843383789062500e+02
2.501694700000000012e+04 7.188914794921875000e+02
2.501702999999999884e+04 7.188994140625000000e+02
2.501711300000000119e+04 7.189074096679687500e+02
2.501719599999999991e+04 7.189165649414062500e+02
2.501727899999999863e+04 7.189267578125000000e+02
2.501736200000000099e+04 7.189364013671875000e+02
2.501744499999999971e+04 7.189411010742187500e+02
2.501752799999999843e+04 7.189290771484375000e+02
2.501761100000000079e+04 7.188735961914062500e+02
2.501769399999999951e+04 7.188460083007812500e+02
2.501777699999999822e+04 7.188523559570312500e+02
2.501786000000000058e+04 7.188601074218750000e+02
2.501794299999999930e+04 7.188673095703125000e+02
2.501802600000000166e+04 7.188752441406250000e+02
2.501810900000000038e+04 7.188833007812500000e+02
2.501819199999999910e+04 7.188921508789062500e+02
2.501827500000000146e+04 7.189023437500000000e+02
2.501835800000000017e+04 7.189124755859375000e+02
2.501844099999999889e+04 7.189175415039062500e+02
2.501852400000000125e+04 7.189063110351562500e+02
2.501860699999999997e+04 7.188510131835937500e+02
2.501868999999999869e+04 7.188235473632812500e+02
2.501877300000000105e+04 7.188298950195312500e+02
2.501885599999999977e+04 7.188375854492187500e+02
2.501893899999999849e+04 7.188446655273437500e+02
2.501902200000000084e+04 7.188526000976562500e+02
2.501910499999999956e+04 7.188606567382812500e+02
2.501918799999999828e+04 7.188694458007812500e+02
2.501927100000000064e+04 7.188796997070312500e+02
2.501935399999999936e+04 7.188897705078125000e+02
2.501943700000000172e+04 7.188947143554687500e+02
2.501952000000000044e+04 7.188834838867187500e+02
2.501960299999999916e+04 7.188281250000000000e+02
2.501968600000000151e+04 7.188006591796875000e+02
2.501976900000000023e+04 7.188069458007812500e+02
2.501985199999999895e+04 7.188146362304687500e+02
2.501993500000000131e+04 7.188218383789062500e+02
