2.500009800000000178e+04 1.109190845489501953e+01
2.500018100000000049e+04 1.087367439270019531e+01
2.500026399999999921e+04 1.070148468017578125e+01
2.500034700000000157e+04 1.055179405212402344e+01
2.500043000000000029e+04 1.053202152252197266e+01
2.500051299999999901e+04 1.118322849273681641e+01
2.500059600000000137e+04 1.203663444519042969e+01
2.500067900000000009e+04 1.214765739440917969e+01
2.500076199999999881e+04 1.212755298614501953e+01
2.500084500000000116e+04 1.204940319061279297e+01
2.500092799999999988e+04 1.174765872955322266e+01
2.500101099999999860e+04 1.136346817016601562e+01
2.500109400000000096e+04 1.112277126312255859e+01
2.500117699999999968e+04 1.087216854095458984e+01
2.500125999999999840e+04 1.067307758331298828e+01
2.500134300000000076e+04 1.048758125305175781e+01
2.500142599999999948e+04 1.033535385131835938e+01
2.500150899999999820e+04 1.095609760284423828e+01
2.500159200000000055e+04 1.207805728912353516e+01
2.500167499999999927e+04 1.216612911224365234e+01
2.500175800000000163e+04 1.214056968688964844e+01
2.500184100000000035e+04 1.207964706420898438e+01
2.500192399999999907e+04 1.174384880065917969e+01
2.500200700000000143e+04 1.141504764556884766e+01
2.500209000000000015e+04 1.109214496612548828e+01
2.500217299999999886e+04 1.085798645019531250e+01
2.500225600000000122e+04 1.069723606109619141e+01
2.500233899999999994e+04 1.049419975280761719e+01
2.500242199999999866e+04 1.032121276855468750e+01
2.500250500000000102e+04 1.096472263336181641e+01
2.500258799999999974e+04 1.206506633758544922e+01
2.500267099999999846e+04 1.222457885742187500e+01
2.500275400000000081e+04 1.215277290344238281e+01
2.500283699999999953e+04 1.203580474853515625e+01
2.500291999999999825e+04 1.174489307403564453e+01
2.500300300000000061e+04 1.142299556732177734e+01
2.500308599999999933e+04 1.111603355407714844e+01
2.500316900000000169e+04 1.089094734191894531e+01
2.500325200000000041e+04 1.068342304229736328e+01
2.500333499999999913e+04 1.048420906066894531e+01
2.500341800000000148e+04 1.034847164154052734e+01
2.500350100000000020e+04 1.102667236328125000e+01
2.500358399999999892e+04 1.207428169250488281e+01
2.500366700000000128e+04 1.231239318847656250e+01
2.500375000000000000e+04 1.257080078125000000e+01
2.500383299999999872e+04 1.240480804443359375e+01
2.500391600000000108e+04 1.197376441955566406e+01
2.500399899999999980e+04 1.146431255340576172e+01
2.500408199999999852e+04 1.111544513702392578e+01
2.500416500000000087e+04 1.089859104156494141e+01
2.500424799999999959e+04 1.066264820098876953e+01
2.500433099999999831e+04 1.047841930389404297e+01
2.500441400000000067e+04 1.033919715881347656e+01
2.500449699999999939e+04 1.095308017730712891e+01
2.500458000000000175e+04 1.207253646850585938e+01
2.500466300000000047e+04 1.218837070465087891e+01
2.500474599999999919e+04 1.220922088623046875e+01
2.500482900000000154e+04 1.209225749969482422e+01
2.500491200000000026e+04 1.174222564697265625e+01
2.500499499999999898e+04 1.148839473724365234e+01
2.500507800000000134e+04 1.114627361297607422e+01
2.500516100000000006e+04 1.091447067260742188e+01
2.500524399999999878e+04 1.073093032836914062e+01
2.500532700000000114e+04 1.052935791015625000e+01
2.500540999999999985e+04 1.037217617034912109e+01
2.500549299999999857e+04 1.080985260009765625e+01
2.500557600000000093e+04 1.205963897705078125e+01
2.500565899999999965e+04 1.216192340850830078e+01
2.500574199999999837e+04 1.219673919677734375e+01
2.500582500000000073e+04 1.210790157318115234e+01
2.500590799999999945e+04 1.174819850921630859e+01
2.500599100000000180e+04 1.143194103240966797e+01
2.500607400000000052e+04 1.117526054382324219e+01
2.500615699999999924e+04 1.090841484069824219e+01
2.500624000000000160e+04 1.073622512817382812e+01
2.500632300000000032e+04 1.056010532379150391e+01
2.500640599999999904e+04 1.036033153533935547e+01
2.500648900000000140e+04 1.081521701812744141e+01
2.500657200000000012e+04 1.205882263183593750e+01
2.500665499999999884e+04 1.222217369079589844e+01
2.500673800000000119e+04 1.220881080627441406e+01
2.500682099999999991e+04 1.212419033050537109e+01
2.500690399999999863e+04 1.176298522949218750e+01
2.500698700000000099e+04 1.146865081787109375e+01
2.500706999999999971e+04 1.116322422027587891e+01
2.500715299999999843e+04 1.090230941772460938e+01
2.500723600000000079e+04 1.072694778442382812e+01
2.500731899999999951e+04 1.055253887176513672e+01
2.500740199999999822e+04 1.036676692962646484e+01
2.500748500000000058e+04 1.081060695648193359e+01
2.500756799999999930e+04 1.206479740142822266e+01
2.500765100000000166e+04 1.221934127807617188e+01
2.500773400000000038e+04 1.222365951538085938e+01
2.500781699999999910e+04 1.216574382781982422e+01
2.500790000000000146e+04 1.176318073272705078e+01
2.500798300000000017e+04 1.147754764556884766e+01
2.500806599999999889e+04 1.120390510559082031e+01
2.500814900000000125e+04 1.090757369995117188e+01
2.500823199999999997e+04 1.072390747070312500e+01
2.500831499999999869e+04 1.051804637908935547e+01
2.500839800000000105e+04 1.039109325408935547e+01
2.500848099999999977e+04 1.085394001007080078e+01
2.500856399999999849e+04 1.208404827117919922e+01
2.500864700000000084e+04 1.223701381683349609e+01
2.500872999999999956e+04 1.222175216674804688e+01
2.500881299999999828e+04 1.214215850830078125e+01
2.500889600000000064e+04 1.195713996887207031e+01
2.500897899999999936e+04 1.164116001129150391e+01
2.500906200000000172e+04 1.134731960296630859e+01
2.500914500000000044e+04 1.107071304321289062e+01
2.500922799999999916e+04 1.084117984771728516e+01
2.500931100000000151e+04 1.066979312896728516e+01
2.500939400000000023e+04 1.049786186218261719e+01
2.500947699999999895e+04 1.078385925292968750e+01
2.500956000000000131e+04 1.199448490142822266e+01
2.500964300000000003e+04 1.222195720672607422e+01
2.500972599999999875e+04 1.220020675659179688e+01
2.500980900000000111e+04 1.216241264343261719e+01
2.500989199999999983e+04 1.195158958435058594e+01
2.500997499999999854e+04 1.165370655059814453e+01
2.501005800000000090e+04 1.132194805145263672e+01
2.501014099999999962e+04 1.104611396789550781e+01
2.501022399999999834e+04 1.084968376159667969e+01
2.501030700000000070e+04 1.067919254302978516e+01
2.501038999999999942e+04 1.048199272155761719e+01
2.501047300000000178e+04 1.080800151824951172e+01
2.501055600000000049e+04 1.200814914703369141e+01
2.501063899999999921e+04 1.220257568359375000e+01
2.501072200000000157e+04 1.223962783813476562e+01
2.501080500000000029e+04 1.213240623474121094e+01
2.501088799999999901e+04 1.196285629272460938e+01
2.501097100000000137e+04 1.166709232330322266e+01
2.501105400000000009e+04 1.134067916870117188e+01
2.501113699999999881e+04 1.106864929199218750e+01
2.501122000000000116e+04 1.085019493103027344e+01
2.501130299999999988e+04 1.064459705352783203e+01
2.501138599999999860e+04 1.050841522216796875e+01
2.501146900000000096e+04 1.078641891479492188e+01
2.501155199999999968e+04 1.199145793914794922e+01
2.501163499999999840e+04 1.221121311187744141e+01
2.501171800000000076e+04 1.223184490203857422e+01
2.501180099999999948e+04 1.215503692626953125e+01
2.501188399999999820e+04 1.192648601531982422e+01
2.501196700000000055e+04 1.165290164947509766e+01
2.501204999999999927e+04 1.135911464691162109e+01
2.501213300000000163e+04 1.107277870178222656e+01
2.501221600000000035e+04 1.086729145050048828e+01
2.501229899999999907e+04 1.067033100128173828e+01
2.501238200000000143e+04 1.049546337127685547e+01
2.501246500000000015e+04 1.080402946472167969e+01
2.501254799999999886e+04 1.200700092315673828e+01
2.501263100000000122e+04 1.222448348999023438e+01
2.501271399999999994e+04 1.228132247924804688e+01
2.501279699999999866e+04 1.229882335662841797e+01
2.501288000000000102e+04 1.202929592132568359e+01
2.501296299999999974e+04 1.172872638702392578e+01
2.501304599999999846e+04 1.144424629211425781e+01
2.501312900000000081e+04 1.115982341766357422e+01
2.501321199999999953e+04 1.089561843872070312e+01
2.501329499999999825e+04 1.074065113067626953e+01
2.501337800000000061e+04 1.055783557891845703e+01
2.501346099999999933e+04 1.067921352386474609e+01
2.501354400000000169e+04 1.198294925689697266e+01
2.501362700000000041e+04 1.221209144592285156e+01
2.501370999999999913e+04 1.223082447052001953e+01
2.501379300000000148e+04 1.218970489501953125e+01
2.501387600000000020e+04 1.208213233947753906e+01
2.501395899999999892e+04 1.176828479766845703e+01
2.501404200000000128e+04 1.142826080322265625e+01
2.501412500000000000e+04 1.116358566284179688e+01
2.501420799999999872e+04 1.096224975585937500e+01
2.501429100000000108e+04 1.074244785308837891e+01
2.501437399999999980e+04 1.054724693298339844e+01
2.501445699999999852e+04 1.066659450531005859e+01
2.501454000000000087e+04 1.199884319305419922e+01
2.501462299999999959e+04 1.227635192871093750e+01
2.501470599999999831e+04 1.228170585632324219e+01
2.501478900000000067e+04 1.222578334808349609e+01
2.501487199999999939e+04 1.204845142364501953e+01
2.501495500000000175e+04 1.172671890258789062e+01
2.501503800000000047e+04 1.143266868591308594e+01
2.501512099999999919e+04 1.114950275421142578e+01
2.501520400000000154e+04 1.096058940887451172e+01
2.501528700000000026e+04 1.072797870635986328e+01
2.501536999999999898e+04 1.056009960174560547e+01
2.501545300000000134e+04 1.071359729766845703e+01
2.501553600000000006e+04 1.205634403228759766e+01
2.501561899999999878e+04 1.219339466094970703e+01
2.501570200000000114e+04 1.230114078521728516e+01
2.501578499999999985e+04 1.216897106170654297e+01
2.501586799999999857e+04 1.207411384582519531e+01
2.501595100000000093e+04 1.176538181304931641e+01
2.501603399999999965e+04 1.144976711273193359e+01
2.501611699999999837e+04 1.116834831237792969e+01
2.501620000000000073e+04 1.094007110595703125e+01
2.501628299999999945e+04 1.075889492034912109e+01
2.501636600000000180e+04 1.057036590576171875e+01
2.501644900000000052e+04 1.067660236358642578e+01
2.501653199999999924e+04 1.200613212585449219e+01
2.501661500000000160e+04 1.226536178588867188e+01
2.501669800000000032e+04 1.227354621887207031e+01
2.501678099999999904e+04 1.225395679473876953e+01
2.501686400000000140e+04 1.211766338348388672e+01
2.501694700000000012e+04 1.182476234436035156e+01
2.501702999999999884e+04 1.146991443634033203e+01
2.501711300000000119e+04 1.119194602966308594e+01
2.501719599999999991e+04 1.094850444793701172e+01
2.501727899999999863e+04 1.074235439300537109e+01
2.501736200000000099e+04 1.056948947906494141e+01
2.501744499999999971e+04 1.075369071960449219e+01
2.501752799999999843e+04 1.193089771270751953e+01
2.501761100000000079e+04 1.223410797119140625e+01
2.501769399999999951e+04 1.228131198883056641e+01
2.501777699999999822e+04 1.223346996307373047e+01
2.501786000000000058e+04 1.208073329925537109e+01
2.501794299999999930e+04 1.180731296539306641e+01
2.501802600000000166e+04 1.147824287414550781e+01
2.501810900000000038e+04 1.118075466156005859e+01
2.501819199999999910e+04 1.092722988128662109e+01
2.501827500000000146e+04 1.077647399902343750e+01
2.501835800000000017e+04 1.060148525238037109e+01
2.501844099999999889e+04 1.055245208740234375e+01
2.501852400000000125e+04 1.177002811431884766e+01
2.501860699999999997e+04 1.219166946411132812e+01
2.501868999999999869e+04 1.228191184997558594e+01
2.501877300000000105e+04 1.220965480804443359e+01
2.501885599999999977e+04 1.211971473693847656e+01
2.501893899999999849e+04 1.185124588012695312e+01
2.501902200000000084e+04 1.147796821594238281e+01
2.501910499999999956e+04 1.118882560729980469e+01
2.501918799999999828e+04 1.094126605987548828e+01
2.501927100000000064e+04 1.077066040039062500e+01
2.501935399999999936e+04 1.060030174255371094e+01
2.501943700000000172e+04 1.058036422729492188e+01
2.501952000000000044e+04 1.181928157806396484e+01
2.501960299999999916e+04 1.222350978851318359e+01
2.501968600000000151e+04 1.228869819641113281e+01
2.501976900000000023e+04 1.224051380157470703e+01
2.501985199999999895e+04 1.212195777893066406e+01
2.501993500000000131e+04 1.179675197601318359e+01
