2.500009800000000178e+04 3.680204153060913086e+00
2.500018100000000049e+04 3.663098573684692383e+00
2.500026399999999921e+04 3.645174503326416016e+00
2.500034700000000157e+04 3.627968311309814453e+00
2.500043000000000029e+04 3.619240522384643555e+00
2.500051299999999901e+04 3.668596744537353516e+00
2.500059600000000137e+04 9.038708686828613281e+00
2.500067900000000009e+04 7.410206794738769531e+00
2.500076199999999881e+04 7.532951831817626953e+00
2.500084500000000116e+04 3.770117998123168945e+00
2.500092799999999988e+04 3.726623535156250000e+00
2.500101099999999860e+04 3.699929237365722656e+00
2.500109400000000096e+04 3.682970523834228516e+00
2.500117699999999968e+04 3.663171768188476562e+00
2.500125999999999840e+04 3.644918680191040039e+00
2.500134300000000076e+04 3.625647306442260742e+00
2.500142599999999948e+04 3.606416702270507812e+00
2.500150899999999820e+04 3.650148153305053711e+00
2.500159200000000055e+04 8.407165527343750000e+00
2.500167499999999927e+04 7.597019672393798828e+00
2.500175800000000163e+04 7.335578918457031250e+00
2.500184100000000035e+04 3.823978900909423828e+00
2.500192399999999907e+04 3.733829498291015625e+00
2.500200700000000143e+04 3.706127405166625977e+00
2.500209000000000015e+04 3.682881832122802734e+00
2.500217299999999886e+04 3.664493083953857422e+00
2.500225600000000122e+04 3.648307800292968750e+00
2.500233899999999994e+04 3.626117229461669922e+00
2.500242199999999866e+04 3.607768058776855469e+00
2.500250500000000102e+04 3.654203653335571289e+00
2.500258799999999974e+04 8.521254539489746094e+00
2.500267099999999846e+04 7.541901111602783203e+00
2.500275400000000081e+04 7.375936031341552734e+00
2.500283699999999953e+04 3.802745342254638672e+00
2.500291999999999825e+04 3.736644268035888672e+00
2.500300300000000061e+04 3.705784797668457031e+00
2.500308599999999933e+04 3.684226036071777344e+00
2.500316900000000169e+04 3.667361497879028320e+00
2.500325200000000041e+04 3.648370742797851562e+00
2.500333499999999913e+04 3.627442359924316406e+00
2.500341800000000148e+04 3.609284162521362305e+00
2.500350100000000020e+04 3.655822515487670898e+00
2.500358399999999892e+04 8.523729324340820312e+00
2.500366700000000128e+04 7.545400142669677734e+00
2.500375000000000000e+04 7.378763198852539062e+00
2.500383299999999872e+04 3.804408550262451172e+00
2.500391600000000108e+04 3.733205080032348633e+00
2.500399899999999980e+04 3.706505775451660156e+00
2.500408199999999852e+04 3.686800956726074219e+00
2.500416500000000087e+04 3.669156551361083984e+00
2.500424799999999959e+04 3.646774768829345703e+00
2.500433099999999831e+04 3.629728555679321289e+00
2.500441400000000067e+04 3.611002206802368164e+00
2.500449699999999939e+04 3.655014038085937500e+00
2.500458000000000175e+04 8.414856910705566406e+00
2.500466300000000047e+04 7.610194206237792969e+00
2.500474599999999919e+04 7.747412681579589844e+00
2.500482900000000154e+04 3.764682769775390625e+00
2.500491200000000026e+04 3.722829818725585938e+00
2.500499499999999898e+04 3.708622217178344727e+00
2.500507800000000134e+04 3.689112186431884766e+00
2.500516100000000006e+04 3.671272754669189453e+00
2.500524399999999878e+04 3.652072906494140625e+00
2.500532700000000114e+04 3.635730981826782227e+00
2.500540999999999985e+04 3.615209579467773438e+00
2.500549299999999857e+04 3.645882844924926758e+00
2.500557600000000093e+04 7.384245872497558594e+00
2.500565899999999965e+04 7.907226085662841797e+00
2.500574199999999837e+04 7.505377769470214844e+00
2.500582500000000073e+04 3.826472997665405273e+00
2.500590799999999945e+04 3.726365804672241211e+00
2.500599100000000180e+04 3.708553552627563477e+00
2.500607400000000052e+04 3.691492557525634766e+00
2.500615699999999924e+04 3.673068523406982422e+00
2.500624000000000160e+04 3.655116081237792969e+00
2.500632300000000032e+04 3.635844469070434570e+00
2.500640599999999904e+04 3.616482257843017578e+00
2.500648900000000140e+04 3.647473335266113281e+00
2.500657200000000012e+04 7.386372566223144531e+00
2.500665499999999884e+04 7.915034770965576172e+00
2.500673800000000119e+04 7.504878044128417969e+00
2.500682099999999991e+04 3.842340707778930664e+00
2.500690399999999863e+04 3.729675531387329102e+00
2.500698700000000099e+04 3.712817192077636719e+00
2.500706999999999971e+04 3.692568540573120117e+00
2.500715299999999843e+04 3.673631906509399414e+00
2.500723600000000079e+04 3.658243656158447266e+00
2.500731899999999951e+04 3.637815475463867188e+00
2.500740199999999822e+04 3.618180274963378906e+00
2.500748500000000058e+04 3.649142980575561523e+00
2.500756799999999930e+04 7.388411521911621094e+00
2.500765100000000166e+04 7.918938159942626953e+00
2.500773400000000038e+04 7.507411003112792969e+00
2.500781699999999910e+04 3.830981492996215820e+00
2.500790000000000146e+04 3.729760885238647461e+00
2.500798300000000017e+04 3.714112520217895508e+00
2.500806599999999889e+04 3.695233583450317383e+00
2.500814900000000125e+04 3.675383329391479492e+00
2.500823199999999997e+04 3.658281087875366211e+00
2.500831499999999869e+04 3.636527776718139648e+00
2.500839800000000105e+04 3.619127511978149414e+00
2.500848099999999977e+04 3.650677680969238281e+00
2.500856399999999849e+04 7.390673160552978516e+00
2.500864700000000084e+04 7.926208972930908203e+00
2.500872999999999956e+04 7.851905822753906250e+00
2.500881299999999828e+04 4.978705406188964844e+00
2.500889600000000064e+04 3.760375738143920898e+00
2.500897899999999936e+04 3.730329275131225586e+00
2.500906200000000172e+04 3.713226079940795898e+00
2.500914500000000044e+04 3.693521261215209961e+00
2.500922799999999916e+04 3.674091100692749023e+00
2.500931100000000151e+04 3.655850410461425781e+00
2.500939400000000023e+04 3.636672019958496094e+00
2.500947699999999895e+04 3.654907464981079102e+00
2.500956000000000131e+04 6.272686004638671875e+00
2.500964300000000003e+04 8.194743156433105469e+00
2.500972599999999875e+04 7.534286975860595703e+00
2.500980900000000111e+04 5.116398811340332031e+00
2.500989199999999983e+04 3.763739824295043945e+00
2.500997499999999854e+04 3.736053466796875000e+00
2.501005800000000090e+04 3.713057756423950195e+00
2.501014099999999962e+04 3.687802314758300781e+00
2.501022399999999834e+04 3.669008970260620117e+00
2.501030700000000070e+04 3.652740478515625000e+00
2.501038999999999942e+04 3.632203102111816406e+00
2.501047300000000178e+04 3.650086164474487305e+00
2.501055600000000049e+04 6.271758556365966797e+00
2.501063899999999921e+04 8.187795639038085938e+00
2.501072200000000157e+04 7.530920505523681641e+00
2.501080500000000029e+04 5.121408462524414062e+00
2.501088799999999901e+04 3.758800506591796875e+00
2.501097100000000137e+04 3.731053590774536133e+00
2.501105400000000009e+04 3.708062171936035156e+00
2.501113699999999881e+04 3.688867330551147461e+00
2.501122000000000116e+04 3.671854257583618164e+00
2.501130299999999988e+04 3.652821779251098633e+00
2.501138599999999860e+04 3.633480548858642578e+00
2.501146900000000096e+04 3.651692152023315430e+00
2.501155199999999968e+04 6.273676872253417969e+00
2.501163499999999840e+04 8.175063133239746094e+00
2.501171800000000076e+04 7.541571140289306641e+00
2.501180099999999948e+04 5.119908809661865234e+00
2.501188399999999820e+04 3.760466098785400391e+00
2.501196700000000055e+04 3.732738256454467773e+00
2.501204999999999927e+04 3.710954904556274414e+00
2.501213300000000163e+04 3.690709114074707031e+00
2.501221600000000035e+04 3.672355890274047852e+00
2.501229899999999907e+04 3.654178857803344727e+00
2.501238200000000143e+04 3.635046720504760742e+00
2.501246500000000015e+04 3.653343200683593750e+00
2.501254799999999886e+04 6.275495529174804688e+00
2.501263100000000122e+04 8.199347496032714844e+00
2.501271399999999994e+04 7.533246994018554688e+00
2.501279699999999866e+04 6.161133766174316406e+00
2.501288000000000102e+04 3.760846376419067383e+00
2.501296299999999974e+04 3.735164403915405273e+00
2.501304599999999846e+04 3.714015007019042969e+00
2.501312900000000081e+04 3.695020914077758789e+00
2.501321199999999953e+04 3.675848960876464844e+00
2.501329499999999825e+04 3.657510042190551758e+00
2.501337800000000061e+04 3.638417005538940430e+00
2.501346099999999933e+04 3.643314599990844727e+00
2.501354400000000169e+04 5.066602706909179688e+00
2.501362700000000041e+04 8.733281135559082031e+00
2.501370999999999913e+04 7.385829925537109375e+00
2.501379300000000148e+04 6.223512172698974609e+00
2.501387600000000020e+04 3.762906789779663086e+00
2.501395899999999892e+04 3.736987829208374023e+00
2.501404200000000128e+04 3.715777635574340820e+00
2.501412500000000000e+04 3.698158740997314453e+00
2.501420799999999872e+04 3.679300069808959961e+00
2.501429100000000108e+04 3.657202482223510742e+00
2.501437399999999980e+04 3.639647722244262695e+00
2.501445699999999852e+04 3.644932508468627930e+00
2.501454000000000087e+04 5.102659702301025391e+00
2.501462299999999959e+04 8.713384628295898438e+00
2.501470599999999831e+04 7.401388168334960938e+00
2.501478900000000067e+04 6.223856449127197266e+00
2.501487199999999939e+04 3.764626979827880859e+00
2.501495500000000175e+04 3.736669778823852539e+00
2.501503800000000047e+04 3.717123746871948242e+00
2.501512099999999919e+04 3.697384834289550781e+00
2.501520400000000154e+04 3.680407762527465820e+00
2.501528700000000026e+04 3.659901857376098633e+00
2.501536999999999898e+04 3.641576528549194336e+00
2.501545300000000134e+04 3.646706104278564453e+00
2.501553600000000006e+04 5.104044914245605469e+00
2.501561899999999878e+04 8.717576026916503906e+00
2.501570200000000114e+04 7.409118175506591797e+00
2.501578499999999985e+04 6.223034381866455078e+00
2.501586799999999857e+04 3.771913051605224609e+00
2.501595100000000093e+04 3.741728782653808594e+00
2.501603399999999965e+04 3.719448566436767578e+00
2.501611699999999837e+04 3.700249433517456055e+00
2.501620000000000073e+04 3.682501792907714844e+00
2.501628299999999945e+04 3.661650657653808594e+00
2.501636600000000180e+04 3.641899824142456055e+00
2.501644900000000052e+04 3.648104906082153320e+00
2.501653199999999924e+04 5.071398735046386719e+00
2.501661500000000160e+04 8.756920814514160156e+00
2.501669800000000032e+04 7.397684097290039062e+00
2.501678099999999904e+04 7.044914722442626953e+00
2.501686400000000140e+04 3.771847486495971680e+00
2.501694700000000012e+04 3.743154525756835938e+00
2.501702999999999884e+04 3.721351385116577148e+00
2.501711300000000119e+04 3.701272726058959961e+00
2.501719599999999991e+04 3.684376478195190430e+00
2.501727899999999863e+04 3.663724660873413086e+00
2.501736200000000099e+04 3.645480155944824219e+00
2.501744499999999971e+04 3.650433063507080078e+00
2.501752799999999843e+04 3.772968769073486328e+00
2.501761100000000079e+04 9.201955795288085938e+00
2.501769399999999951e+04 7.307267665863037109e+00
2.501777699999999822e+04 7.043013095855712891e+00
2.501786000000000058e+04 3.789465904235839844e+00
2.501794299999999930e+04 3.748629093170166016e+00
2.501802600000000166e+04 3.723806619644165039e+00
2.501810900000000038e+04 3.704249382019042969e+00
2.501819199999999910e+04 3.684051752090454102e+00
2.501827500000000146e+04 3.668378114700317383e+00
2.501835800000000017e+04 3.647879362106323242e+00
2.501844099999999889e+04 3.640438079833984375e+00
2.501852400000000125e+04 3.738947391510009766e+00
2.501860699999999997e+04 9.090068817138671875e+00
2.501868999999999869e+04 7.356332778930664062e+00
2.501877300000000105e+04 7.015909671783447266e+00
2.501885599999999977e+04 3.790943384170532227e+00
2.501893899999999849e+04 3.750274658203125000e+00
2.501902200000000084e+04 3.725487470626831055e+00
2.501910499999999956e+04 3.705929517745971680e+00
2.501918799999999828e+04 3.685723066329956055e+00
2.501927100000000064e+04 3.670041799545288086e+00
2.501935399999999936e+04 3.649536848068237305e+00
2.501943700000000172e+04 3.642103195190429688e+00
2.501952000000000044e+04 3.740652561187744141e+00
2.501960299999999916e+04 9.093051910400390625e+00
2.501968600000000151e+04 7.359796047210693359e+00
2.501976900000000023e+04 7.017456531524658203e+00
2.501985199999999895e+04 3.804764509201049805e+00
2.501993500000000131e+04 3.750909090042114258e+00
