2.500009800000000178e+04 8.038782348632812500e+02
2.500018100000000049e+04 8.038861694335937500e+02
2.500026399999999921e+04 8.038961791992187500e+02
2.500034700000000157e+04 8.039070434570312500e+02
2.500043000000000029e+04 8.039169311523437500e+02
2.500051299999999901e+04 8.039135131835937500e+02
2.500059600000000137e+04 8.038945312500000000e+02
2.500067900000000009e+04 8.038790283203125000e+02
2.500076199999999881e+04 8.038883666992187500e+02
2.500084500000000116e+04 8.038942260742187500e+02
2.500092799999999988e+04 8.038998413085937500e+02
2.500101099999999860e+04 8.039067993164062500e+02
2.500109400000000096e+04 8.039143066406250000e+02
2.500117699999999968e+04 8.039226684570312500e+02
2.500125999999999840e+04 8.039328613281250000e+02
2.500134300000000076e+04 8.039440917968750000e+02
2.500142599999999948e+04 8.039543457031250000e+02
2.500150899999999820e+04 8.039539794921875000e+02
2.500159200000000055e+04 8.039362182617187500e+02
2.500167499999999927e+04 8.039194946289062500e+02
2.500175800000000163e+04 8.039276733398437500e+02
2.500184100000000035e+04 8.039329833984375000e+02
2.500192399999999907e+04 8.039379272460937500e+02
2.500200700000000143e+04 8.039442138671875000e+02
2.500209000000000015e+04 8.039509887695312500e+02
2.500217299999999886e+04 8.039586181640625000e+02
2.500225600000000122e+04 8.039681396484375000e+02
2.500233899999999994e+04 8.039786987304687500e+02
2.500242199999999866e+04 8.039883422851562500e+02
2.500250500000000102e+04 8.039869995117187500e+02
2.500258799999999974e+04 8.039683227539062500e+02
2.500267099999999846e+04 8.039508056640625000e+02
2.500275400000000081e+04 8.039582519531250000e+02
2.500283699999999953e+04 8.039631958007812500e+02
2.500291999999999825e+04 8.039677124023437500e+02
2.500300300000000061e+04 8.039734497070312500e+02
2.500308599999999933e+04 8.039796752929687500e+02
2.500316900000000169e+04 8.039867553710937500e+02
2.500325200000000041e+04 8.039957275390625000e+02
2.500333499999999913e+04 8.040057373046875000e+02
2.500341800000000148e+04 8.040148315429687500e+02
2.500350100000000020e+04 8.040125732421875000e+02
2.500358399999999892e+04 8.039932861328125000e+02
2.500366700000000128e+04 8.039750976562500000e+02
2.500375000000000000e+04 8.039818725585937500e+02
2.500383299999999872e+04 8.039865112304687500e+02
2.500391600000000108e+04 8.039906616210937500e+02
2.500399899999999980e+04 8.039959716796875000e+02
2.500408199999999852e+04 8.040017700195312500e+02
2.500416500000000087e+04 8.040083618164062500e+02
2.500424799999999959e+04 8.040168457031250000e+02
2.500433099999999831e+04 8.040263671875000000e+02
2.500441400000000067e+04 8.040350341796875000e+02
2.500449699999999939e+04 8.040321044921875000e+02
2.500458000000000175e+04 8.040121459960937500e+02
2.500466300000000047e+04 8.039898071289062500e+02
2.500474599999999919e+04 8.039910888671875000e+02
2.500482900000000154e+04 8.039953613281250000e+02
2.500491200000000026e+04 8.039987182617187500e+02
2.500499499999999898e+04 8.040029907226562500e+02
2.500507800000000134e+04 8.040078735351562500e+02
2.500516100000000006e+04 8.040135498046875000e+02
2.500524399999999878e+04 8.040209350585937500e+02
2.500532700000000114e+04 8.040296020507812500e+02
2.500540999999999985e+04 8.040377197265625000e+02
2.500549299999999857e+04 8.040361938476562500e+02
2.500557600000000093e+04 8.040202636718750000e+02
2.500565899999999965e+04 8.039974975585937500e+02
2.500574199999999837e+04 8.039983520507812500e+02
2.500582500000000073e+04 8.040023803710937500e+02
2.500590799999999945e+04 8.040056152343750000e+02
2.500599100000000180e+04 8.040097045898437500e+02
2.500607400000000052e+04 8.040143432617187500e+02
2.500615699999999924e+04 8.040197753906250000e+02
2.500624000000000160e+04 8.040269165039062500e+02
2.500632300000000032e+04 8.040352172851562500e+02
2.500640599999999904e+04 8.040430908203125000e+02
2.500648900000000140e+04 8.040410766601562500e+02
2.500657200000000012e+04 8.040247802734375000e+02
2.500665499999999884e+04 8.040016479492187500e+02
2.500673800000000119e+04 8.040021972656250000e+02
2.500682099999999991e+04 8.040061035156250000e+02
2.500690399999999863e+04 8.040092163085937500e+02
2.500698700000000099e+04 8.040130615234375000e+02
2.500706999999999971e+04 8.040175170898437500e+02
2.500715299999999843e+04 8.040227661132812500e+02
2.500723600000000079e+04 8.040296630859375000e+02
2.500731899999999951e+04 8.040377197265625000e+02
2.500740199999999822e+04 8.040453491210937500e+02
2.500748500000000058e+04 8.040430297851562500e+02
2.500756799999999930e+04 8.040263671875000000e+02
2.500765100000000166e+04 8.040029907226562500e+02
2.500773400000000038e+04 8.040032348632812500e+02
2.500781699999999910e+04 8.040070190429687500e+02
2.500790000000000146e+04 8.040100097656250000e+02
2.500798300000000017e+04 8.040137329101562500e+02
2.500806599999999889e+04 8.040180053710937500e+02
2.500814900000000125e+04 8.040230102539062500e+02
2.500823199999999997e+04 8.040296630859375000e+02
2.500831499999999869e+04 8.040375976562500000e+02
2.500839800000000105e+04 8.040449829101562500e+02
2.500848099999999977e+04 8.040423583984375000e+02
2.500856399999999849e+04 8.040253906250000000e+02
2.500864700000000084e+04 8.039980468750000000e+02
2.500872999999999956e+04 8.039930419921875000e+02
2.500881299999999828e+04 8.039984130859375000e+02
2.500889600000000064e+04 8.040015258789062500e+02
2.500897899999999936e+04 8.040050048828125000e+02
2.500906200000000172e+04 8.040091552734375000e+02
2.500914500000000044e+04 8.040139770507812500e+02
2.500922799999999916e+04 8.040202026367187500e+02
2.500931100000000151e+04 8.040277709960937500e+02
2.500939400000000023e+04 8.040352172851562500e+02
2.500947699999999895e+04 8.040349121093750000e+02
2.500956000000000131e+04 8.040257568359375000e+02
2.500964300000000003e+04 8.039982299804687500e+02
2.500972599999999875e+04 8.039929809570312500e+02
2.500980900000000111e+04 8.039981689453125000e+02
2.500989199999999983e+04 8.040011596679687500e+02
2.500997499999999854e+04 8.040045776367187500e+02
2.501005800000000090e+04 8.040086059570312500e+02
2.501014099999999962e+04 8.040132446289062500e+02
2.501022399999999834e+04 8.040192871093750000e+02
2.501030700000000070e+04 8.040266723632812500e+02
2.501038999999999942e+04 8.040339355468750000e+02
2.501047300000000178e+04 8.040333862304687500e+02
2.501055600000000049e+04 8.040240478515625000e+02
2.501063899999999921e+04 8.039962768554687500e+02
2.501072200000000157e+04 8.039908447265625000e+02
2.501080500000000029e+04 8.039958496093750000e+02
2.501088799999999901e+04 8.039987792968750000e+02
2.501097100000000137e+04 8.040020751953125000e+02
2.501105400000000009e+04 8.040059814453125000e+02
2.501113699999999881e+04 8.040104980468750000e+02
2.501122000000000116e+04 8.040164184570312500e+02
2.501130299999999988e+04 8.040236206054687500e+02
2.501138599999999860e+04 8.040307617187500000e+02
2.501146900000000096e+04 8.040300292968750000e+02
2.501155199999999968e+04 8.040205078125000000e+02
2.501163499999999840e+04 8.039925537109375000e+02
2.501171800000000076e+04 8.039869995117187500e+02
2.501180099999999948e+04 8.039918212890625000e+02
2.501188399999999820e+04 8.039946899414062500e+02
2.501196700000000055e+04 8.039979248046875000e+02
2.501204999999999927e+04 8.040017089843750000e+02
2.501213300000000163e+04 8.040060424804687500e+02
2.501221600000000035e+04 8.040118408203125000e+02
2.501229899999999907e+04 8.040189819335937500e+02
2.501238200000000143e+04 8.040259399414062500e+02
2.501246500000000015e+04 8.040250244140625000e+02
2.501254799999999886e+04 8.040153198242187500e+02
2.501263100000000122e+04 8.039872436523437500e+02
2.501271399999999994e+04 8.039765014648437500e+02
2.501279699999999866e+04 8.039810791015625000e+02
2.501288000000000102e+04 8.039841308593750000e+02
2.501296299999999974e+04 8.039871215820312500e+02
2.501304599999999846e+04 8.039908447265625000e+02
2.501312900000000081e+04 8.039950561523437500e+02
2.501321199999999953e+04 8.040007324218750000e+02
2.501329499999999825e+04 8.040076293945312500e+02
2.501337800000000061e+04 8.040147705078125000e+02
2.501346099999999933e+04 8.040162963867187500e+02
2.501354400000000169e+04 8.040085449218750000e+02
2.501362700000000041e+04 8.039813842773437500e+02
2.501370999999999913e+04 8.039705810546875000e+02
2.501379300000000148e+04 8.039750366210937500e+02
2.501387600000000020e+04 8.039779663085937500e+02
2.501395899999999892e+04 8.039809570312500000e+02
2.501404200000000128e+04 8.039845581054687500e+02
2.501412500000000000e+04 8.039887084960937500e+02
2.501420799999999872e+04 8.039940185546875000e+02
2.501429100000000108e+04 8.040007934570312500e+02
2.501437399999999980e+04 8.040078125000000000e+02
2.501445699999999852e+04 8.040092163085937500e+02
2.501454000000000087e+04 8.040014038085937500e+02
2.501462299999999959e+04 8.039739379882812500e+02
2.501470599999999831e+04 8.039629516601562500e+02
2.501478900000000067e+04 8.039673461914062500e+02
2.501487199999999939e+04 8.039702758789062500e+02
2.501495500000000175e+04 8.039731445312500000e+02
2.501503800000000047e+04 8.039767456054687500e+02
2.501512099999999919e+04 8.039807739257812500e+02
2.501520400000000154e+04 8.039860229492187500e+02
2.501528700000000026e+04 8.039927368164062500e+02
2.501536999999999898e+04 8.039996337890625000e+02
2.501545300000000134e+04 8.040009765625000000e+02
2.501553600000000006e+04 8.039931030273437500e+02
2.501561899999999878e+04 8.039654541015625000e+02
2.501570200000000114e+04 8.039544067382812500e+02
2.501578499999999985e+04 8.039587402343750000e+02
2.501586799999999857e+04 8.039616088867187500e+02
2.501595100000000093e+04 8.039644165039062500e+02
2.501603399999999965e+04 8.039679565429687500e+02
2.501611699999999837e+04 8.039718627929687500e+02
2.501620000000000073e+04 8.039769897460937500e+02
2.501628299999999945e+04 8.039836425781250000e+02
2.501636600000000180e+04 8.039904785156250000e+02
2.501644900000000052e+04 8.039916381835937500e+02
2.501653199999999924e+04 8.039837646484375000e+02
2.501661500000000160e+04 8.039559936523437500e+02
2.501669800000000032e+04 8.039398193359375000e+02
2.501678099999999904e+04 8.039439086914062500e+02
2.501686400000000140e+04 8.039469604492187500e+02
2.501694700000000012e+04 8.039495849609375000e+02
2.501702999999999884e+04 8.039530639648437500e+02
2.501711300000000119e+04 8.039569091796875000e+02
2.501719599999999991e+04 8.039619750976562500e+02
2.501727899999999863e+04 8.039683837890625000e+02
2.501736200000000099e+04 8.039751586914062500e+02
2.501744499999999971e+04 8.039780273437500000e+02
2.501752799999999843e+04 8.039718627929687500e+02
2.501761100000000079e+04 8.039463500976562500e+02
2.501769399999999951e+04 8.039301147460937500e+02
2.501777699999999822e+04 8.039341430664062500e+02
2.501786000000000058e+04 8.039371948242187500e+02
2.501794299999999930e+04 8.039397583007812500e+02
2.501802600000000166e+04 8.039431762695312500e+02
2.501810900000000038e+04 8.039469604492187500e+02
2.501819199999999910e+04 8.039517211914062500e+02
2.501827500000000146e+04 8.039580688476562500e+02
2.501835800000000017e+04 8.039649658203125000e+02
2.501844099999999889e+04 8.039686279296875000e+02
2.501852400000000125e+04 8.039624633789062500e+02
2.501860699999999997e+04 8.039371337890625000e+02
2.501868999999999869e+04 8.039207763671875000e+02
2.501877300000000105e+04 8.039247436523437500e+02
2.501885599999999977e+04 8.039277343750000000e+02
2.501893899999999849e+04 8.039302978515625000e+02
2.501902200000000084e+04 8.039337158203125000e+02
2.501910499999999956e+04 8.039374389648437500e+02
2.501918799999999828e+04 8.039420776367187500e+02
2.501927100000000064e+04 8.039483642578125000e+02
2.501935399999999936e+04 8.039552612304687500e+02
2.501943700000000172e+04 8.039588623046875000e+02
2.501952000000000044e+04 8.039526367187500000e+02
2.501960299999999916e+04 8.039271850585937500e+02
2.501968600000000151e+04 8.039108276367187500e+02
2.501976900000000023e+04 8.039147338867187500e+02
2.501985199999999895e+04 8.039177246093750000e+02
2.501993500000000131e+04 8.039202270507812500e+02
