2.500009800000000178e+04 8.909537353515625000e+02
2.500018100000000049e+04 8.909601440429687500e+02
2.500026399999999921e+04 8.909678344726562500e+02
2.500034700000000157e+04 8.909758911132812500e+02
2.500043000000000029e+04 8.909830322265625000e+02
2.500051299999999901e+04 8.909725952148437500e+02
2.500059600000000137e+04 8.909454956054687500e+02
2.500067900000000009e+04 8.909236450195312500e+02
2.500076199999999881e+04 8.909269409179687500e+02
2.500084500000000116e+04 8.909307861328125000e+02
2.500092799999999988e+04 8.909356079101562500e+02
2.500101099999999860e+04 8.909410400390625000e+02
2.500109400000000096e+04 8.909464721679687500e+02
2.500117699999999968e+04 8.909523315429687500e+02
2.500125999999999840e+04 8.909595947265625000e+02
2.500134300000000076e+04 8.909675903320312500e+02
2.500142599999999948e+04 8.909744873046875000e+02
2.500150899999999820e+04 8.909664306640625000e+02
2.500159200000000055e+04 8.909412841796875000e+02
2.500167499999999927e+04 8.909189453125000000e+02
2.500175800000000163e+04 8.909218139648437500e+02
2.500184100000000035e+04 8.909253540039062500e+02
2.500192399999999907e+04 8.909299926757812500e+02
2.500200700000000143e+04 8.909351806640625000e+02
2.500209000000000015e+04 8.909403686523437500e+02
2.500217299999999886e+04 8.909460449218750000e+02
2.500225600000000122e+04 8.909531250000000000e+02
2.500233899999999994e+04 8.909609375000000000e+02
2.500242199999999866e+04 8.909675903320312500e+02
2.500250500000000102e+04 8.909591064453125000e+02
2.500258799999999974e+04 8.909335327148437500e+02
2.500267099999999846e+04 8.909108886718750000e+02
2.500275400000000081e+04 8.909133911132812500e+02
2.500283699999999953e+04 8.909167480468750000e+02
2.500291999999999825e+04 8.909212036132812500e+02
2.500300300000000061e+04 8.909262695312500000e+02
2.500308599999999933e+04 8.909312744140625000e+02
2.500316900000000169e+04 8.909367675781250000e+02
2.500325200000000041e+04 8.909436645507812500e+02
2.500333499999999913e+04 8.909513549804687500e+02
2.500341800000000148e+04 8.909578857421875000e+02
2.500350100000000020e+04 8.909487915039062500e+02
2.500358399999999892e+04 8.909230346679687500e+02
2.500366700000000128e+04 8.909000854492187500e+02
2.500375000000000000e+04 8.909023437500000000e+02
2.500383299999999872e+04 8.909055175781250000e+02
2.500391600000000108e+04 8.909098510742187500e+02
2.500399899999999980e+04 8.909147338867187500e+02
2.500408199999999852e+04 8.909196777343750000e+02
2.500416500000000087e+04 8.909249267578125000e+02
2.500424799999999959e+04 8.909317016601562500e+02
2.500433099999999831e+04 8.909392089843750000e+02
2.500441400000000067e+04 8.909456176757812500e+02
2.500449699999999939e+04 8.909362792968750000e+02
2.500458000000000175e+04 8.909102172851562500e+02
2.500466300000000047e+04 8.908833618164062500e+02
2.500474599999999919e+04 8.908803710937500000e+02
2.500482900000000154e+04 8.908829956054687500e+02
2.500491200000000026e+04 8.908872070312500000e+02
2.500499499999999898e+04 8.908919067382812500e+02
2.500507800000000134e+04 8.908967285156250000e+02
2.500516100000000006e+04 8.909018554687500000e+02
2.500524399999999878e+04 8.909082641601562500e+02
2.500532700000000114e+04 8.909155273437500000e+02
2.500540999999999985e+04 8.909220581054687500e+02
2.500549299999999857e+04 8.909145507812500000e+02
2.500557600000000093e+04 8.908930053710937500e+02
2.500565899999999965e+04 8.908659057617187500e+02
2.500574199999999837e+04 8.908627929687500000e+02
2.500582500000000073e+04 8.908652343750000000e+02
2.500590799999999945e+04 8.908692016601562500e+02
2.500599100000000180e+04 8.908737792968750000e+02
2.500607400000000052e+04 8.908784790039062500e+02
2.500615699999999924e+04 8.908835449218750000e+02
2.500624000000000160e+04 8.908898315429687500e+02
2.500632300000000032e+04 8.908970336914062500e+02
2.500640599999999904e+04 8.909035034179687500e+02
2.500648900000000140e+04 8.908956909179687500e+02
2.500657200000000012e+04 8.908739624023437500e+02
2.500665499999999884e+04 8.908467407226562500e+02
2.500673800000000119e+04 8.908434448242187500e+02
2.500682099999999991e+04 8.908457641601562500e+02
2.500690399999999863e+04 8.908496093750000000e+02
2.500698700000000099e+04 8.908540649414062500e+02
2.500706999999999971e+04 8.908587036132812500e+02
2.500715299999999843e+04 8.908637084960937500e+02
2.500723600000000079e+04 8.908699340820312500e+02
2.500731899999999951e+04 8.908770141601562500e+02
2.500740199999999822e+04 8.908834228515625000e+02
2.500748500000000058e+04 8.908757934570312500e+02
2.500756799999999930e+04 8.908538818359375000e+02
2.500765100000000166e+04 8.908264770507812500e+02
2.500773400000000038e+04 8.908230590820312500e+02
2.500781699999999910e+04 8.908253173828125000e+02
2.500790000000000146e+04 8.908289794921875000e+02
2.500798300000000017e+04 8.908334350585937500e+02
2.500806599999999889e+04 8.908380126953125000e+02
2.500814900000000125e+04 8.908428344726562500e+02
2.500823199999999997e+04 8.908489990234375000e+02
2.500831499999999869e+04 8.908560180664062500e+02
2.500839800000000105e+04 8.908623657226562500e+02
2.500848099999999977e+04 8.908567504882812500e+02
2.500856399999999849e+04 8.908345336914062500e+02
2.500864700000000084e+04 8.908033447265625000e+02
2.500872999999999956e+04 8.907947998046875000e+02
2.500881299999999828e+04 8.907966308593750000e+02
2.500889600000000064e+04 8.907996826171875000e+02
2.500897899999999936e+04 8.908039550781250000e+02
2.500906200000000172e+04 8.908084716796875000e+02
2.500914500000000044e+04 8.908132324218750000e+02
2.500922799999999916e+04 8.908190917968750000e+02
2.500931100000000151e+04 8.908259277343750000e+02
2.500939400000000023e+04 8.908323974609375000e+02
2.500947699999999895e+04 8.908264770507812500e+02
2.500956000000000131e+04 8.908124389648437500e+02
2.500964300000000003e+04 8.907811279296875000e+02
2.500972599999999875e+04 8.907723999023437500e+02
2.500980900000000111e+04 8.907741699218750000e+02
2.500989199999999983e+04 8.907772216796875000e+02
2.500997499999999854e+04 8.907814331054687500e+02
2.501005800000000090e+04 8.907858886718750000e+02
2.501014099999999962e+04 8.907905883789062500e+02
2.501022399999999834e+04 8.907963256835937500e+02
2.501030700000000070e+04 8.908031005859375000e+02
2.501038999999999942e+04 8.908095092773437500e+02
2.501047300000000178e+04 8.908032836914062500e+02
2.501055600000000049e+04 8.907891845703125000e+02
2.501063899999999921e+04 8.907577514648437500e+02
2.501072200000000157e+04 8.907489624023437500e+02
2.501080500000000029e+04 8.907506103515625000e+02
2.501088799999999901e+04 8.907535400390625000e+02
2.501097100000000137e+04 8.907576904296875000e+02
2.501105400000000009e+04 8.907620849609375000e+02
2.501113699999999881e+04 8.907667236328125000e+02
2.501122000000000116e+04 8.907724609375000000e+02
2.501130299999999988e+04 8.907791748046875000e+02
2.501138599999999860e+04 8.907855834960937500e+02
2.501146900000000096e+04 8.907794799804687500e+02
2.501155199999999968e+04 8.907651977539062500e+02
2.501163499999999840e+04 8.907337036132812500e+02
2.501171800000000076e+04 8.907248535156250000e+02
2.501180099999999948e+04 8.907264404296875000e+02
2.501188399999999820e+04 8.907293090820312500e+02
2.501196700000000055e+04 8.907334594726562500e+02
2.501204999999999927e+04 8.907377929687500000e+02
2.501213300000000163e+04 8.907423095703125000e+02
2.501221600000000035e+04 8.907479858398437500e+02
2.501229899999999907e+04 8.907546997070312500e+02
2.501238200000000143e+04 8.907610473632812500e+02
2.501246500000000015e+04 8.907549438476562500e+02
2.501254799999999886e+04 8.907405395507812500e+02
2.501263100000000122e+04 8.907089233398437500e+02
2.501271399999999994e+04 8.906949462890625000e+02
2.501279699999999866e+04 8.906963500976562500e+02
2.501288000000000102e+04 8.906989746093750000e+02
2.501296299999999974e+04 8.907028808593750000e+02
2.501304599999999846e+04 8.907072143554687500e+02
2.501312900000000081e+04 8.907117309570312500e+02
2.501321199999999953e+04 8.907174072265625000e+02
2.501329499999999825e+04 8.907239379882812500e+02
2.501337800000000061e+04 8.907304077148437500e+02
2.501346099999999933e+04 8.907272949218750000e+02
2.501354400000000169e+04 8.907182006835937500e+02
2.501362700000000041e+04 8.906857299804687500e+02
2.501370999999999913e+04 8.906716308593750000e+02
2.501379300000000148e+04 8.906730346679687500e+02
2.501387600000000020e+04 8.906755981445312500e+02
2.501395899999999892e+04 8.906795043945312500e+02
2.501404200000000128e+04 8.906837768554687500e+02
2.501412500000000000e+04 8.906882934570312500e+02
2.501420799999999872e+04 8.906936035156250000e+02
2.501429100000000108e+04 8.907000732421875000e+02
2.501437399999999980e+04 8.907066040039062500e+02
2.501445699999999852e+04 8.907033691406250000e+02
2.501454000000000087e+04 8.906942138671875000e+02
2.501462299999999959e+04 8.906614990234375000e+02
2.501470599999999831e+04 8.906473388671875000e+02
2.501478900000000067e+04 8.906486816406250000e+02
2.501487199999999939e+04 8.906511840820312500e+02
2.501495500000000175e+04 8.906550903320312500e+02
2.501503800000000047e+04 8.906593627929687500e+02
2.501512099999999919e+04 8.906638183593750000e+02
2.501520400000000154e+04 8.906691284179687500e+02
2.501528700000000026e+04 8.906755981445312500e+02
2.501536999999999898e+04 8.906820678710937500e+02
2.501545300000000134e+04 8.906787719726562500e+02
2.501553600000000006e+04 8.906696166992187500e+02
2.501561899999999878e+04 8.906367797851562500e+02
2.501570200000000114e+04 8.906226196289062500e+02
2.501578499999999985e+04 8.906239013671875000e+02
2.501586799999999857e+04 8.906264038085937500e+02
2.501595100000000093e+04 8.906302490234375000e+02
2.501603399999999965e+04 8.906345214843750000e+02
2.501611699999999837e+04 8.906388549804687500e+02
2.501620000000000073e+04 8.906441040039062500e+02
2.501628299999999945e+04 8.906505737304687500e+02
2.501636600000000180e+04 8.906570434570312500e+02
2.501644900000000052e+04 8.906536865234375000e+02
2.501653199999999924e+04 8.906444091796875000e+02
2.501661500000000160e+04 8.906115112304687500e+02
2.501669800000000032e+04 8.905922241210937500e+02
2.501678099999999904e+04 8.905933227539062500e+02
2.501686400000000140e+04 8.905957031250000000e+02
2.501694700000000012e+04 8.905994262695312500e+02
2.501702999999999884e+04 8.906036376953125000e+02
2.501711300000000119e+04 8.906079711914062500e+02
2.501719599999999991e+04 8.906132202148437500e+02
2.501727899999999863e+04 8.906195068359375000e+02
2.501736200000000099e+04 8.906259155273437500e+02
2.501744499999999971e+04 8.906243286132812500e+02
2.501752799999999843e+04 8.906172485351562500e+02
2.501761100000000079e+04 8.905866088867187500e+02
2.501769399999999951e+04 8.905672607421875000e+02
2.501777699999999822e+04 8.905683593750000000e+02
2.501786000000000058e+04 8.905706787109375000e+02
2.501794299999999930e+04 8.905744018554687500e+02
2.501802600000000166e+04 8.905786132812500000e+02
2.501810900000000038e+04 8.905828857421875000e+02
2.501819199999999910e+04 8.905878295898437500e+02
2.501827500000000146e+04 8.905941162109375000e+02
2.501835800000000017e+04 8.906007080078125000e+02
2.501844099999999889e+04 8.906046752929687500e+02
2.501852400000000125e+04 8.905952148437500000e+02
2.501860699999999997e+04 8.905648803710937500e+02
2.501868999999999869e+04 8.905455322265625000e+02
2.501877300000000105e+04 8.905465698242187500e+02
2.501885599999999977e+04 8.905488891601562500e+02
2.501893899999999849e+04 8.905526123046875000e+02
2.501902200000000084e+04 8.905568237304687500e+02
2.501910499999999956e+04 8.905610961914062500e+02
2.501918799999999828e+04 8.905659790039062500e+02
2.501927100000000064e+04 8.905722656250000000e+02
2.501935399999999936e+04 8.905788574218750000e+02
2.501943700000000172e+04 8.905827636718750000e+02
2.501952000000000044e+04 8.905733032226562500e+02
2.501960299999999916e+04 8.905429077148437500e+02
2.501968600000000151e+04 8.905234985351562500e+02
2.501976900000000023e+04 8.905245361328125000e+02
2.501985199999999895e+04 8.905267944335937500e+02
2.501993500000000131e+04 8.905305175781250000e+02
