2.500009800000000178e+04 1.345174926757812500e+03
2.500018100000000049e+04 1.345178833007812500e+03
2.500026399999999921e+04 1.345183593750000000e+03
2.500034700000000157e+04 1.345188964843750000e+03
2.500043000000000029e+04 1.345194335937500000e+03
2.500051299999999901e+04 1.345200073242187500e+03
2.500059600000000137e+04 1.345454589843750000e+03
2.500067900000000009e+04 1.345459716796875000e+03
2.500076199999999881e+04 1.345496337890625000e+03
2.500084500000000116e+04 1.345500000000000000e+03
2.500092799999999988e+04 1.345502929687500000e+03
2.500101099999999860e+04 1.345506347656250000e+03
2.500109400000000096e+04 1.345509643554687500e+03
2.500117699999999968e+04 1.345513305664062500e+03
2.500125999999999840e+04 1.345518066406250000e+03
2.500134300000000076e+04 1.345523315429687500e+03
2.500142599999999948e+04 1.345528686523437500e+03
2.500150899999999820e+04 1.345534423828125000e+03
2.500159200000000055e+04 1.345620239257812500e+03
2.500167499999999927e+04 1.345625366210937500e+03
2.500175800000000163e+04 1.345654785156250000e+03
2.500184100000000035e+04 1.345658447265625000e+03
2.500192399999999907e+04 1.345661376953125000e+03
2.500200700000000143e+04 1.345664794921875000e+03
2.500209000000000015e+04 1.345668090820312500e+03
2.500217299999999886e+04 1.345671752929687500e+03
2.500225600000000122e+04 1.345676513671875000e+03
2.500233899999999994e+04 1.345681762695312500e+03
2.500242199999999866e+04 1.345687133789062500e+03
2.500250500000000102e+04 1.345692871093750000e+03
2.500258799999999974e+04 1.345768798828125000e+03
2.500267099999999846e+04 1.345773925781250000e+03
2.500275400000000081e+04 1.345800415039062500e+03
2.500283699999999953e+04 1.345804077148437500e+03
2.500291999999999825e+04 1.345807006835937500e+03
2.500300300000000061e+04 1.345810302734375000e+03
2.500308599999999933e+04 1.345813720703125000e+03
2.500316900000000169e+04 1.345817382812500000e+03
2.500325200000000041e+04 1.345822021484375000e+03
2.500333499999999913e+04 1.345827270507812500e+03
2.500341800000000148e+04 1.345832763671875000e+03
2.500350100000000020e+04 1.345838500976562500e+03
2.500358399999999892e+04 1.345906982421875000e+03
2.500366700000000128e+04 1.345912109375000000e+03
2.500375000000000000e+04 1.345936279296875000e+03
2.500383299999999872e+04 1.345939941406250000e+03
2.500391600000000108e+04 1.345942871093750000e+03
2.500399899999999980e+04 1.345946289062500000e+03
2.500408199999999852e+04 1.345949584960937500e+03
2.500416500000000087e+04 1.345953125000000000e+03
2.500424799999999959e+04 1.345957885742187500e+03
2.500433099999999831e+04 1.345963134765625000e+03
2.500441400000000067e+04 1.345968505859375000e+03
2.500449699999999939e+04 1.345974365234375000e+03
2.500458000000000175e+04 1.346036987304687500e+03
2.500466300000000047e+04 1.346042236328125000e+03
2.500474599999999919e+04 1.346064819335937500e+03
2.500482900000000154e+04 1.346068603515625000e+03
2.500491200000000026e+04 1.346071655273437500e+03
2.500499499999999898e+04 1.346074951171875000e+03
2.500507800000000134e+04 1.346078247070312500e+03
2.500516100000000006e+04 1.346081909179687500e+03
2.500524399999999878e+04 1.346086425781250000e+03
2.500532700000000114e+04 1.346091552734375000e+03
2.500540999999999985e+04 1.346096923828125000e+03
2.500549299999999857e+04 1.346102661132812500e+03
2.500557600000000093e+04 1.346160644531250000e+03
2.500565899999999965e+04 1.346165893554687500e+03
2.500574199999999837e+04 1.346187011718750000e+03
2.500582500000000073e+04 1.346190795898437500e+03
2.500590799999999945e+04 1.346193847656250000e+03
2.500599100000000180e+04 1.346197021484375000e+03
2.500607400000000052e+04 1.346200439453125000e+03
2.500615699999999924e+04 1.346203979492187500e+03
2.500624000000000160e+04 1.346208496093750000e+03
2.500632300000000032e+04 1.346213623046875000e+03
2.500640599999999904e+04 1.346218994140625000e+03
2.500648900000000140e+04 1.346224731445312500e+03
2.500657200000000012e+04 1.346278808593750000e+03
2.500665499999999884e+04 1.346284057617187500e+03
2.500673800000000119e+04 1.346303955078125000e+03
2.500682099999999991e+04 1.346307739257812500e+03
2.500690399999999863e+04 1.346310791015625000e+03
2.500698700000000099e+04 1.346314086914062500e+03
2.500706999999999971e+04 1.346317382812500000e+03
2.500715299999999843e+04 1.346321044921875000e+03
2.500723600000000079e+04 1.346325561523437500e+03
2.500731899999999951e+04 1.346330688476562500e+03
2.500740199999999822e+04 1.346336059570312500e+03
2.500748500000000058e+04 1.346341796875000000e+03
2.500756799999999930e+04 1.346392578125000000e+03
2.500765100000000166e+04 1.346397827148437500e+03
2.500773400000000038e+04 1.346416748046875000e+03
2.500781699999999910e+04 1.346420532226562500e+03
2.500790000000000146e+04 1.346423583984375000e+03
2.500798300000000017e+04 1.346426879882812500e+03
2.500806599999999889e+04 1.346430175781250000e+03
2.500814900000000125e+04 1.346433715820312500e+03
2.500823199999999997e+04 1.346438232421875000e+03
2.500831499999999869e+04 1.346443359375000000e+03
2.500839800000000105e+04 1.346448730468750000e+03
2.500848099999999977e+04 1.346454467773437500e+03
2.500856399999999849e+04 1.346502563476562500e+03
2.500864700000000084e+04 1.346507934570312500e+03
2.500872999999999956e+04 1.346526123046875000e+03
2.500881299999999828e+04 1.346530029296875000e+03
2.500889600000000064e+04 1.346533203125000000e+03
2.500897899999999936e+04 1.346536376953125000e+03
2.500906200000000172e+04 1.346539672851562500e+03
2.500914500000000044e+04 1.346543212890625000e+03
2.500922799999999916e+04 1.346547485351562500e+03
2.500931100000000151e+04 1.346552490234375000e+03
2.500939400000000023e+04 1.346557861328125000e+03
2.500947699999999895e+04 1.346563476562500000e+03
2.500956000000000131e+04 1.346609252929687500e+03
2.500964300000000003e+04 1.346614624023437500e+03
2.500972599999999875e+04 1.346632080078125000e+03
2.500980900000000111e+04 1.346635986328125000e+03
2.500989199999999983e+04 1.346639160156250000e+03
2.500997499999999854e+04 1.346642333984375000e+03
2.501005800000000090e+04 1.346239013671875000e+03
2.501014099999999962e+04 1.346242553710937500e+03
2.501022399999999834e+04 1.346246826171875000e+03
2.501030700000000070e+04 1.346251831054687500e+03
2.501038999999999942e+04 1.346257202148437500e+03
2.501047300000000178e+04 1.346262817382812500e+03
2.501055600000000049e+04 1.346306518554687500e+03
2.501063899999999921e+04 1.346311889648437500e+03
2.501072200000000157e+04 1.346328735351562500e+03
2.501080500000000029e+04 1.346332641601562500e+03
2.501088799999999901e+04 1.346335815429687500e+03
2.501097100000000137e+04 1.346338989257812500e+03
2.501105400000000009e+04 1.346342285156250000e+03
2.501113699999999881e+04 1.346345825195312500e+03
2.501122000000000116e+04 1.346350097656250000e+03
2.501130299999999988e+04 1.346355102539062500e+03
2.501138599999999860e+04 1.346360473632812500e+03
2.501146900000000096e+04 1.346366088867187500e+03
2.501155199999999968e+04 1.346408081054687500e+03
2.501163499999999840e+04 1.346413452148437500e+03
2.501171800000000076e+04 1.346429565429687500e+03
2.501180099999999948e+04 1.346433471679687500e+03
2.501188399999999820e+04 1.346436767578125000e+03
2.501196700000000055e+04 1.346439941406250000e+03
2.501204999999999927e+04 1.346443237304687500e+03
2.501213300000000163e+04 1.346446777343750000e+03
2.501221600000000035e+04 1.346451049804687500e+03
2.501229899999999907e+04 1.346456054687500000e+03
2.501238200000000143e+04 1.346461425781250000e+03
2.501246500000000015e+04 1.346467041015625000e+03
2.501254799999999886e+04 1.346507324218750000e+03
2.501263100000000122e+04 1.346512695312500000e+03
2.501271399999999994e+04 1.346528564453125000e+03
2.501279699999999866e+04 1.346532592773437500e+03
2.501288000000000102e+04 1.346536010742187500e+03
2.501296299999999974e+04 1.346539062500000000e+03
2.501304599999999846e+04 1.346542358398437500e+03
2.501312900000000081e+04 1.346545898437500000e+03
2.501321199999999953e+04 1.346550170898437500e+03
2.501329499999999825e+04 1.346555053710937500e+03
2.501337800000000061e+04 1.346560424804687500e+03
2.501346099999999933e+04 1.346565917968750000e+03
2.501354400000000169e+04 1.346604858398437500e+03
2.501362700000000041e+04 1.346610351562500000e+03
2.501370999999999913e+04 1.346625854492187500e+03
2.501379300000000148e+04 1.346629882812500000e+03
2.501387600000000020e+04 1.346633178710937500e+03
2.501395899999999892e+04 1.346636352539062500e+03
2.501404200000000128e+04 1.346639648437500000e+03
2.501412500000000000e+04 1.346643188476562500e+03
2.501420799999999872e+04 1.346647216796875000e+03
2.501429100000000108e+04 1.346652099609375000e+03
2.501437399999999980e+04 1.346657470703125000e+03
2.501445699999999852e+04 1.346662963867187500e+03
2.501454000000000087e+04 1.346700683593750000e+03
2.501462299999999959e+04 1.346706176757812500e+03
2.501470599999999831e+04 1.346721313476562500e+03
2.501478900000000067e+04 1.346725341796875000e+03
2.501487199999999939e+04 1.346728637695312500e+03
2.501495500000000175e+04 1.346731689453125000e+03
2.501503800000000047e+04 1.346735107421875000e+03
2.501512099999999919e+04 1.346738525390625000e+03
2.501520400000000154e+04 1.346742675781250000e+03
2.501528700000000026e+04 1.346747558593750000e+03
2.501536999999999898e+04 1.346752807617187500e+03
2.501545300000000134e+04 1.346758422851562500e+03
2.501553600000000006e+04 1.346795043945312500e+03
2.501561899999999878e+04 1.346800537109375000e+03
2.501570200000000114e+04 1.346815307617187500e+03
2.501578499999999985e+04 1.346819335937500000e+03
2.501586799999999857e+04 1.346822631835937500e+03
2.501595100000000093e+04 1.346825805664062500e+03
2.501603399999999965e+04 1.346829101562500000e+03
2.501611699999999837e+04 1.346832519531250000e+03
2.501620000000000073e+04 1.346836547851562500e+03
2.501628299999999945e+04 1.346841430664062500e+03
2.501636600000000180e+04 1.346846801757812500e+03
2.501644900000000052e+04 1.346852416992187500e+03
2.501653199999999924e+04 1.346888061523437500e+03
2.501661500000000160e+04 1.346893554687500000e+03
2.501669800000000032e+04 1.346908081054687500e+03
2.501678099999999904e+04 1.346912231445312500e+03
2.501686400000000140e+04 1.346915771484375000e+03
2.501694700000000012e+04 1.346918701171875000e+03
2.501702999999999884e+04 1.346922119140625000e+03
2.501711300000000119e+04 1.346925537109375000e+03
2.501719599999999991e+04 1.346929565429687500e+03
2.501727899999999863e+04 1.346934326171875000e+03
2.501736200000000099e+04 1.346939697265625000e+03
2.501744499999999971e+04 1.346945190429687500e+03
2.501752799999999843e+04 1.346979980468750000e+03
2.501761100000000079e+04 1.346985595703125000e+03
2.501769399999999951e+04 1.346999877929687500e+03
2.501777699999999822e+04 1.347004028320312500e+03
2.501786000000000058e+04 1.347007568359375000e+03
2.501794299999999930e+04 1.347010620117187500e+03
2.501802600000000166e+04 1.347013916015625000e+03
2.501810900000000038e+04 1.347017333984375000e+03
2.501819199999999910e+04 1.347021118164062500e+03
2.501827500000000146e+04 1.347026000976562500e+03
2.501835800000000017e+04 1.347031250000000000e+03
2.501844099999999889e+04 1.347036743164062500e+03
2.501852400000000125e+04 1.347070800781250000e+03
2.501860699999999997e+04 1.347076416015625000e+03
2.501868999999999869e+04 1.347090454101562500e+03
2.501877300000000105e+04 1.347094604492187500e+03
2.501885599999999977e+04 1.347098144531250000e+03
2.501893899999999849e+04 1.347101074218750000e+03
2.501902200000000084e+04 1.347104492187500000e+03
2.501910499999999956e+04 1.347107788085937500e+03
2.501918799999999828e+04 1.347111694335937500e+03
2.501927100000000064e+04 1.347116577148437500e+03
2.501935399999999936e+04 1.347121826171875000e+03
2.501943700000000172e+04 1.347127319335937500e+03
2.501952000000000044e+04 1.347160644531250000e+03
2.501960299999999916e+04 1.347166259765625000e+03
2.501968600000000151e+04 1.347180053710937500e+03
2.501976900000000023e+04 1.347184204101562500e+03
2.501985199999999895e+04 1.347187622070312500e+03
2.501993500000000131e+04 1.347190673828125000e+03
