2.500009800000000178e+04 1.345193115234375000e+03
2.500018100000000049e+04 1.345196899414062500e+03
2.500026399999999921e+04 1.345201782226562500e+03
2.500034700000000157e+04 1.345207031250000000e+03
2.500043000000000029e+04 1.345212524414062500e+03
2.500051299999999901e+04 1.345218261718750000e+03
2.500059600000000137e+04 1.345472656250000000e+03
2.500067900000000009e+04 1.345477783203125000e+03
2.500076199999999881e+04 1.345514526367187500e+03
2.500084500000000116e+04 1.345518188476562500e+03
2.500092799999999988e+04 1.345521118164062500e+03
2.500101099999999860e+04 1.345524414062500000e+03
2.500109400000000096e+04 1.345527709960937500e+03
2.500117699999999968e+04 1.345531372070312500e+03
2.500125999999999840e+04 1.345536132812500000e+03
2.500134300000000076e+04 1.345541381835937500e+03
2.500142599999999948e+04 1.345546752929687500e+03
2.500150899999999820e+04 1.345552612304687500e+03
2.500159200000000055e+04 1.345638305664062500e+03
2.500167499999999927e+04 1.345643432617187500e+03
2.500175800000000163e+04 1.345672973632812500e+03
2.500184100000000035e+04 1.345676635742187500e+03
2.500192399999999907e+04 1.345679565429687500e+03
2.500200700000000143e+04 1.345682861328125000e+03
2.500209000000000015e+04 1.345686157226562500e+03
2.500217299999999886e+04 1.345689819335937500e+03
2.500225600000000122e+04 1.345694580078125000e+03
2.500233899999999994e+04 1.345699829101562500e+03
2.500242199999999866e+04 1.345705200195312500e+03
2.500250500000000102e+04 1.345711059570312500e+03
2.500258799999999974e+04 1.345786865234375000e+03
2.500267099999999846e+04 1.345791992187500000e+03
2.500275400000000081e+04 1.345818481445312500e+03
2.500283699999999953e+04 1.345822143554687500e+03
2.500291999999999825e+04 1.345825073242187500e+03
2.500300300000000061e+04 1.345828491210937500e+03
2.500308599999999933e+04 1.345831787109375000e+03
2.500316900000000169e+04 1.345835449218750000e+03
2.500325200000000041e+04 1.345840087890625000e+03
2.500333499999999913e+04 1.345845336914062500e+03
2.500341800000000148e+04 1.345850830078125000e+03
2.500350100000000020e+04 1.345856567382812500e+03
2.500358399999999892e+04 1.345925048828125000e+03
2.500366700000000128e+04 1.345930175781250000e+03
2.500375000000000000e+04 1.345954345703125000e+03
2.500383299999999872e+04 1.345958007812500000e+03
2.500391600000000108e+04 1.345960937500000000e+03
2.500399899999999980e+04 1.345964355468750000e+03
2.500408199999999852e+04 1.345967651367187500e+03
2.500416500000000087e+04 1.345971313476562500e+03
2.500424799999999959e+04 1.345975952148437500e+03
2.500433099999999831e+04 1.345981201171875000e+03
2.500441400000000067e+04 1.345986694335937500e+03
2.500449699999999939e+04 1.345992431640625000e+03
2.500458000000000175e+04 1.346055053710937500e+03
2.500466300000000047e+04 1.346060302734375000e+03
2.500474599999999919e+04 1.346082885742187500e+03
2.500482900000000154e+04 1.346086669921875000e+03
2.500491200000000026e+04 1.346089721679687500e+03
2.500499499999999898e+04 1.346093017578125000e+03
2.500507800000000134e+04 1.346096313476562500e+03
2.500516100000000006e+04 1.346099975585937500e+03
2.500524399999999878e+04 1.346104492187500000e+03
2.500532700000000114e+04 1.346109619140625000e+03
2.500540999999999985e+04 1.346114990234375000e+03
2.500549299999999857e+04 1.346120727539062500e+03
2.500557600000000093e+04 1.346178710937500000e+03
2.500565899999999965e+04 1.346183959960937500e+03
2.500574199999999837e+04 1.346205078125000000e+03
2.500582500000000073e+04 1.346208862304687500e+03
2.500590799999999945e+04 1.346211914062500000e+03
2.500599100000000180e+04 1.346215209960937500e+03
2.500607400000000052e+04 1.346218505859375000e+03
2.500615699999999924e+04 1.346222045898437500e+03
2.500624000000000160e+04 1.346226562500000000e+03
2.500632300000000032e+04 1.346231689453125000e+03
2.500640599999999904e+04 1.346237060546875000e+03
2.500648900000000140e+04 1.346242797851562500e+03
2.500657200000000012e+04 1.346296875000000000e+03
2.500665499999999884e+04 1.346302124023437500e+03
2.500673800000000119e+04 1.346322021484375000e+03
2.500682099999999991e+04 1.346325805664062500e+03
2.500690399999999863e+04 1.346328857421875000e+03
2.500698700000000099e+04 1.346332153320312500e+03
2.500706999999999971e+04 1.346335571289062500e+03
2.500715299999999843e+04 1.346339111328125000e+03
2.500723600000000079e+04 1.346343627929687500e+03
2.500731899999999951e+04 1.346348754882812500e+03
2.500740199999999822e+04 1.346354125976562500e+03
2.500748500000000058e+04 1.346359863281250000e+03
2.500756799999999930e+04 1.346410644531250000e+03
2.500765100000000166e+04 1.346415893554687500e+03
2.500773400000000038e+04 1.346434814453125000e+03
2.500781699999999910e+04 1.346438598632812500e+03
2.500790000000000146e+04 1.346441650390625000e+03
2.500798300000000017e+04 1.346444946289062500e+03
2.500806599999999889e+04 1.346448242187500000e+03
2.500814900000000125e+04 1.346451782226562500e+03
2.500823199999999997e+04 1.346456298828125000e+03
2.500831499999999869e+04 1.346461425781250000e+03
2.500839800000000105e+04 1.346466796875000000e+03
2.500848099999999977e+04 1.346472534179687500e+03
2.500856399999999849e+04 1.346520629882812500e+03
2.500864700000000084e+04 1.346526000976562500e+03
2.500872999999999956e+04 1.346544189453125000e+03
2.500881299999999828e+04 1.346548095703125000e+03
2.500889600000000064e+04 1.346551269531250000e+03
2.500897899999999936e+04 1.346554443359375000e+03
2.500906200000000172e+04 1.346557739257812500e+03
2.500914500000000044e+04 1.346561279296875000e+03
2.500922799999999916e+04 1.346565551757812500e+03
2.500931100000000151e+04 1.346570556640625000e+03
2.500939400000000023e+04 1.346575927734375000e+03
2.500947699999999895e+04 1.346581665039062500e+03
2.500956000000000131e+04 1.346627319335937500e+03
2.500964300000000003e+04 1.346632690429687500e+03
2.500972599999999875e+04 1.346650146484375000e+03
2.500980900000000111e+04 1.346654052734375000e+03
2.500989199999999983e+04 1.346657226562500000e+03
2.500997499999999854e+04 1.346660400390625000e+03
2.501005800000000090e+04 1.346257080078125000e+03
2.501014099999999962e+04 1.346260620117187500e+03
2.501022399999999834e+04 1.346264892578125000e+03
2.501030700000000070e+04 1.346269897460937500e+03
2.501038999999999942e+04 1.346275268554687500e+03
2.501047300000000178e+04 1.346280883789062500e+03
2.501055600000000049e+04 1.346324584960937500e+03
2.501063899999999921e+04 1.346329956054687500e+03
2.501072200000000157e+04 1.346346801757812500e+03
2.501080500000000029e+04 1.346350708007812500e+03
2.501088799999999901e+04 1.346353881835937500e+03
2.501097100000000137e+04 1.346357055664062500e+03
2.501105400000000009e+04 1.346360351562500000e+03
2.501113699999999881e+04 1.346363891601562500e+03
2.501122000000000116e+04 1.346368164062500000e+03
2.501130299999999988e+04 1.346373291015625000e+03
2.501138599999999860e+04 1.346378540039062500e+03
2.501146900000000096e+04 1.346384277343750000e+03
2.501155199999999968e+04 1.346426147460937500e+03
2.501163499999999840e+04 1.346431518554687500e+03
2.501171800000000076e+04 1.346447631835937500e+03
2.501180099999999948e+04 1.346451538085937500e+03
2.501188399999999820e+04 1.346454833984375000e+03
2.501196700000000055e+04 1.346458007812500000e+03
2.501204999999999927e+04 1.346461303710937500e+03
2.501213300000000163e+04 1.346464843750000000e+03
2.501221600000000035e+04 1.346469116210937500e+03
2.501229899999999907e+04 1.346474121093750000e+03
2.501238200000000143e+04 1.346479492187500000e+03
2.501246500000000015e+04 1.346485107421875000e+03
2.501254799999999886e+04 1.346525390625000000e+03
2.501263100000000122e+04 1.346530761718750000e+03
2.501271399999999994e+04 1.346546630859375000e+03
2.501279699999999866e+04 1.346550659179687500e+03
2.501288000000000102e+04 1.346554077148437500e+03
2.501296299999999974e+04 1.346557128906250000e+03
2.501304599999999846e+04 1.346560424804687500e+03
2.501312900000000081e+04 1.346563964843750000e+03
2.501321199999999953e+04 1.346568237304687500e+03
2.501329499999999825e+04 1.346573120117187500e+03
2.501337800000000061e+04 1.346578491210937500e+03
2.501346099999999933e+04 1.346583984375000000e+03
2.501354400000000169e+04 1.346622924804687500e+03
2.501362700000000041e+04 1.346628417968750000e+03
2.501370999999999913e+04 1.346643920898437500e+03
2.501379300000000148e+04 1.346647949218750000e+03
2.501387600000000020e+04 1.346651245117187500e+03
2.501395899999999892e+04 1.346654418945312500e+03
2.501404200000000128e+04 1.346657714843750000e+03
2.501412500000000000e+04 1.346661254882812500e+03
2.501420799999999872e+04 1.346665283203125000e+03
2.501429100000000108e+04 1.346670166015625000e+03
2.501437399999999980e+04 1.346675537109375000e+03
2.501445699999999852e+04 1.346681030273437500e+03
2.501454000000000087e+04 1.346718750000000000e+03
2.501462299999999959e+04 1.346724243164062500e+03
2.501470599999999831e+04 1.346739379882812500e+03
2.501478900000000067e+04 1.346743408203125000e+03
2.501487199999999939e+04 1.346746704101562500e+03
2.501495500000000175e+04 1.346749877929687500e+03
2.501503800000000047e+04 1.346753173828125000e+03
2.501512099999999919e+04 1.346756591796875000e+03
2.501520400000000154e+04 1.346760742187500000e+03
2.501528700000000026e+04 1.346765625000000000e+03
2.501536999999999898e+04 1.346770874023437500e+03
2.501545300000000134e+04 1.346776489257812500e+03
2.501553600000000006e+04 1.346813110351562500e+03
2.501561899999999878e+04 1.346818603515625000e+03
2.501570200000000114e+04 1.346833374023437500e+03
2.501578499999999985e+04 1.346837402343750000e+03
2.501586799999999857e+04 1.346840698242187500e+03
2.501595100000000093e+04 1.346843872070312500e+03
2.501603399999999965e+04 1.346847167968750000e+03
2.501611699999999837e+04 1.346850585937500000e+03
2.501620000000000073e+04 1.346854614257812500e+03
2.501628299999999945e+04 1.346859497070312500e+03
2.501636600000000180e+04 1.346864868164062500e+03
2.501644900000000052e+04 1.346870483398437500e+03
2.501653199999999924e+04 1.346906127929687500e+03
2.501661500000000160e+04 1.346911621093750000e+03
2.501669800000000032e+04 1.346926147460937500e+03
2.501678099999999904e+04 1.346930297851562500e+03
2.501686400000000140e+04 1.346933837890625000e+03
2.501694700000000012e+04 1.346936767578125000e+03
2.501702999999999884e+04 1.346940185546875000e+03
2.501711300000000119e+04 1.346943603515625000e+03
2.501719599999999991e+04 1.346947631835937500e+03
2.501727899999999863e+04 1.346952392578125000e+03
2.501736200000000099e+04 1.346957763671875000e+03
2.501744499999999971e+04 1.346963256835937500e+03
2.501752799999999843e+04 1.346998046875000000e+03
2.501761100000000079e+04 1.347003662109375000e+03
2.501769399999999951e+04 1.347017944335937500e+03
2.501777699999999822e+04 1.347022094726562500e+03
2.501786000000000058e+04 1.347025634765625000e+03
2.501794299999999930e+04 1.347028686523437500e+03
2.501802600000000166e+04 1.347031982421875000e+03
2.501810900000000038e+04 1.347035400390625000e+03
2.501819199999999910e+04 1.347039306640625000e+03
2.501827500000000146e+04 1.347044067382812500e+03
2.501835800000000017e+04 1.347049316406250000e+03
2.501844099999999889e+04 1.347054809570312500e+03
2.501852400000000125e+04 1.347088867187500000e+03
2.501860699999999997e+04 1.347094482421875000e+03
2.501868999999999869e+04 1.347108520507812500e+03
2.501877300000000105e+04 1.347112670898437500e+03
2.501885599999999977e+04 1.347116210937500000e+03
2.501893899999999849e+04 1.347119140625000000e+03
2.501902200000000084e+04 1.347122558593750000e+03
2.501910499999999956e+04 1.347125854492187500e+03
2.501918799999999828e+04 1.347129760742187500e+03
2.501927100000000064e+04 1.347134643554687500e+03
2.501935399999999936e+04 1.347139892578125000e+03
2.501943700000000172e+04 1.347145385742187500e+03
2.501952000000000044e+04 1.347178710937500000e+03
2.501960299999999916e+04 1.347184326171875000e+03
2.501968600000000151e+04 1.347198120117187500e+03
2.501976900000000023e+04 1.347202270507812500e+03
2.501985199999999895e+04 1.347205688476562500e+03
2.501993500000000131e+04 1.347208740234375000e+03
