2.500009800000000178e+04 2.940479898825287819e-03
2.500018100000000049e+04 2.940499223768711090e-03
2.500026399999999921e+04 2.940518083050847054e-03
2.500034700000000157e+04 2.940537175163626671e-03
2.500043000000000029e+04 2.940556034445762634e-03
2.500051299999999901e+04 2.940574893727898598e-03
2.500059600000000137e+04 2.940622624009847641e-03
2.500067900000000009e+04 3.273922717198729515e-03
2.500076199999999881e+04 3.252374241128563881e-03
2.500084500000000116e+04 3.293163375928997993e-03
2.500092799999999988e+04 3.276639617979526520e-03
2.500101099999999860e+04 3.262844868004322052e-03
2.500109400000000096e+04 3.250832902267575264e-03
2.500117699999999968e+04 3.240375313907861710e-03
2.500125999999999840e+04 3.231275826692581177e-03
2.500134300000000076e+04 3.223366569727659225e-03
2.500142599999999948e+04 3.216500859707593918e-03
2.500150899999999820e+04 3.210553433746099472e-03
2.500159200000000055e+04 3.205434884876012802e-03
2.500167499999999927e+04 3.350335638970136642e-03
2.500175800000000163e+04 3.336978843435645103e-03
2.500184100000000035e+04 3.367445431649684906e-03
2.500192399999999907e+04 3.355268854647874832e-03
2.500200700000000143e+04 3.344926517456769943e-03
2.500209000000000015e+04 3.335955319926142693e-03
2.500217299999999886e+04 3.328185761347413063e-03
2.500225600000000122e+04 3.321472089737653732e-03
2.500233899999999994e+04 3.315687179565429688e-03
2.500242199999999866e+04 3.310720436275005341e-03
2.500250500000000102e+04 3.306475467979907990e-03
2.500258799999999974e+04 3.302889177575707436e-03
2.500267099999999846e+04 3.433912293985486031e-03
2.500275400000000081e+04 3.424061927944421768e-03
2.500283699999999953e+04 3.452268196269869804e-03
2.500291999999999825e+04 3.442979650571942329e-03
2.500300300000000061e+04 3.435001708567142487e-03
2.500308599999999933e+04 3.428114810958504677e-03
2.500316900000000169e+04 3.422187408432364464e-03
2.500325200000000041e+04 3.417105413973331451e-03
2.500333499999999913e+04 3.412769176065921783e-03
2.500341800000000148e+04 3.409091616049408913e-03
2.500350100000000020e+04 3.405995899811387062e-03
2.500358399999999892e+04 3.403436625376343727e-03
2.500366700000000128e+04 3.523488994687795639e-03
2.500375000000000000e+04 3.516013501212000847e-03
2.500383299999999872e+04 3.542316146194934845e-03
2.500391600000000108e+04 3.535019233822822571e-03
2.500399899999999980e+04 3.528683679178357124e-03
2.500408199999999852e+04 3.523241030052304268e-03
2.500416500000000087e+04 3.518585348501801491e-03
2.500424799999999959e+04 3.514624899253249168e-03
2.500433099999999831e+04 3.511278890073299408e-03
2.500441400000000067e+04 3.508475609123706818e-03
2.500449699999999939e+04 3.506152424961328506e-03
2.500458000000000175e+04 3.504276741296052933e-03
2.500466300000000047e+04 3.615298774093389511e-03
2.500474599999999919e+04 3.609489649534225464e-03
2.500482900000000154e+04 3.634137799963355064e-03
2.500491200000000026e+04 3.628248348832130432e-03
2.500499499999999898e+04 3.623075783252716064e-03
2.500507800000000134e+04 3.618651069700717926e-03
2.500516100000000006e+04 3.614886431023478508e-03
2.500524399999999878e+04 3.611705265939235687e-03
2.500532700000000114e+04 3.609040519222617149e-03
2.500540999999999985e+04 3.606832120567560196e-03
2.500549299999999857e+04 3.605027683079242706e-03
2.500557600000000093e+04 3.603599267080426216e-03
2.500565899999999965e+04 3.707005642354488373e-03
2.500574199999999837e+04 3.702374640852212906e-03
2.500582500000000073e+04 3.725549206137657166e-03
2.500590799999999945e+04 3.720672335475683212e-03
2.500599100000000180e+04 3.716335631906986237e-03
2.500607400000000052e+04 3.712636651471257210e-03
2.500615699999999924e+04 3.709501121193170547e-03
2.500624000000000160e+04 3.706864081323146820e-03
2.500632300000000032e+04 3.704668022692203522e-03
2.500640599999999904e+04 3.702862421050667763e-03
2.500648900000000140e+04 3.701401874423027039e-03
2.500657200000000012e+04 3.700265893712639809e-03
2.500665499999999884e+04 3.797170938923954964e-03
2.500673800000000119e+04 3.793389070779085159e-03
2.500682099999999991e+04 3.815245348960161209e-03
2.500690399999999863e+04 3.811104688793420792e-03
2.500698700000000099e+04 3.807373577728867531e-03
2.500706999999999971e+04 3.804194508120417595e-03
2.500715299999999843e+04 3.801503451541066170e-03
2.500723600000000079e+04 3.799244761466979980e-03
2.500731899999999951e+04 3.797368379309773445e-03
2.500740199999999822e+04 3.795830300077795982e-03
2.500748500000000058e+04 3.794591408222913742e-03
2.500756799999999930e+04 3.793636569753289223e-03
2.500765100000000166e+04 3.884919220581650734e-03
2.500773400000000038e+04 3.881753655150532722e-03
2.500781699999999910e+04 3.902424359694123268e-03
2.500790000000000146e+04 3.898822469636797905e-03
2.500798300000000017e+04 3.895530709996819496e-03
2.500806599999999889e+04 3.892723703756928444e-03
2.500814900000000125e+04 3.890344873070716858e-03
2.500823199999999997e+04 3.888345556333661079e-03
2.500831499999999869e+04 3.886682214215397835e-03
2.500839800000000105e+04 3.885315498337149620e-03
2.500848099999999977e+04 3.884211182594299316e-03
2.500856399999999849e+04 3.883358789607882500e-03
2.500864700000000084e+04 3.969739656895399094e-03
2.500872999999999956e+04 3.967033699154853821e-03
2.500881299999999828e+04 3.986642695963382721e-03
2.500889600000000064e+04 3.983435221016407013e-03
2.500897899999999936e+04 3.980461973696947098e-03
2.500906200000000172e+04 3.977918997406959534e-03
2.500914500000000044e+04 3.975756000727415085e-03
2.500922799999999916e+04 3.973929677158594131e-03
2.500931100000000151e+04 3.972401842474937439e-03
2.500939400000000023e+04 3.971137572079896927e-03
2.500947699999999895e+04 3.970105666667222977e-03
2.500956000000000131e+04 3.969294484704732895e-03
2.500964300000000003e+04 4.051360301673412323e-03
2.500972599999999875e+04 4.048979375511407852e-03
2.500980900000000111e+04 4.067620262503623962e-03
2.500989199999999983e+04 4.064701497554779053e-03
2.500997499999999854e+04 4.061956889927387238e-03
2.501005800000000090e+04 4.059597849845886230e-03
2.501014099999999962e+04 4.047176335006952286e-03
2.501022399999999834e+04 4.045465029776096344e-03
2.501030700000000070e+04 4.044021014124155045e-03
2.501038999999999942e+04 4.042811691761016846e-03
2.501047300000000178e+04 4.041810519993305206e-03
2.501055600000000049e+04 4.041008651256561279e-03
2.501063899999999921e+04 4.119070246815681458e-03
2.501072200000000157e+04 4.116928670555353165e-03
2.501080500000000029e+04 4.134646151214838028e-03
2.501088799999999901e+04 4.131942987442016602e-03
2.501097100000000137e+04 4.129366949200630188e-03
2.501105400000000009e+04 4.127138759940862656e-03
2.501113699999999881e+04 4.125218838453292847e-03
2.501122000000000116e+04 4.123571794480085373e-03
2.501130299999999988e+04 4.122166428714990616e-03
2.501138599999999860e+04 4.120973404496908188e-03
2.501146900000000096e+04 4.119968507438898087e-03
2.501155199999999968e+04 4.119145218282938004e-03
2.501163499999999840e+04 4.193852655589580536e-03
2.501171800000000076e+04 4.191875923424959183e-03
2.501180099999999948e+04 4.208800382912158966e-03
2.501188399999999820e+04 4.206245299428701401e-03
2.501196700000000055e+04 4.203780088573694229e-03
2.501204999999999927e+04 4.201632924377918243e-03
2.501213300000000163e+04 4.199767019599676132e-03
2.501221600000000035e+04 4.198150243610143661e-03
2.501229899999999907e+04 4.196753725409507751e-03
2.501238200000000143e+04 4.195551387965679169e-03
2.501246500000000015e+04 4.194519948214292526e-03
2.501254799999999886e+04 4.193655680865049362e-03
2.501263100000000122e+04 4.265378694981336594e-03
2.501271399999999994e+04 4.263516515493392944e-03
2.501279699999999866e+04 4.279727581888437271e-03
2.501288000000000102e+04 4.277275875210762024e-03
2.501296299999999974e+04 4.274884238839149475e-03
2.501304599999999846e+04 4.272785037755966187e-03
2.501312900000000081e+04 4.270944744348526001e-03
2.501321199999999953e+04 4.269333090633153915e-03
2.501329499999999825e+04 4.267924465239048004e-03
2.501337800000000061e+04 4.266694188117980957e-03
2.501346099999999933e+04 4.265620838850736618e-03
2.501354400000000169e+04 4.264697432518005371e-03
2.501362700000000041e+04 4.333739634603261948e-03
2.501370999999999913e+04 4.331965930759906769e-03
2.501379300000000148e+04 4.347521346062421799e-03
2.501387600000000020e+04 4.345139022916555405e-03
2.501395899999999892e+04 4.342792090028524399e-03
2.501404200000000128e+04 4.340716172009706497e-03
2.501412500000000000e+04 4.338880535215139389e-03
2.501420799999999872e+04 4.337256774306297302e-03
2.501429100000000108e+04 4.335820674896240234e-03
2.501437399999999980e+04 4.334549419581890106e-03
2.501445699999999852e+04 4.333423916250467300e-03
2.501454000000000087e+04 4.332437645643949509e-03
2.501462299999999959e+04 4.399091936647891998e-03
2.501470599999999831e+04 4.397365264594554901e-03
2.501478900000000067e+04 4.412322305142879486e-03
2.501487199999999939e+04 4.409983288496732712e-03
2.501495500000000175e+04 4.407660569995641708e-03
2.501503800000000047e+04 4.405590239912271500e-03
2.501512099999999919e+04 4.403743427246809006e-03
2.501520400000000154e+04 4.402094520628452301e-03
2.501528700000000026e+04 4.400620236992835999e-03
2.501536999999999898e+04 4.399300552904605865e-03
2.501545300000000134e+04 4.398115444928407669e-03
2.501553600000000006e+04 4.397061187773942947e-03
2.501561899999999878e+04 4.461568780243396759e-03
2.501570200000000114e+04 4.459867719560861588e-03
2.501578499999999985e+04 4.474278073757886887e-03
2.501586799999999857e+04 4.471963271498680115e-03
2.501595100000000093e+04 4.469648469239473343e-03
2.501603399999999965e+04 4.467570222914218903e-03
2.501611699999999837e+04 4.465701524168252945e-03
2.501620000000000073e+04 4.464018624275922775e-03
2.501628299999999945e+04 4.462499637156724930e-03
2.501636600000000180e+04 4.461124539375305176e-03
2.501644900000000052e+04 4.459847696125507355e-03
2.501653199999999924e+04 4.458726849406957626e-03
2.501661500000000160e+04 4.521302878856658936e-03
2.501669800000000032e+04 4.519617184996604919e-03
2.501678099999999904e+04 4.533540923148393631e-03
2.501686400000000140e+04 4.531241022050380707e-03
2.501694700000000012e+04 4.528926219791173935e-03
2.501702999999999884e+04 4.526834469288587570e-03
2.501711300000000119e+04 4.524940624833106995e-03
2.501719599999999991e+04 4.523221869021654129e-03
2.501727899999999863e+04 4.521657712757587433e-03
2.501736200000000099e+04 4.520229063928127289e-03
2.501744499999999971e+04 4.518920090049505234e-03
2.501752799999999843e+04 4.517721477895975113e-03
2.501761100000000079e+04 4.578531254082918167e-03
2.501769399999999951e+04 4.576856736093759537e-03
2.501777699999999822e+04 4.590324126183986664e-03
2.501786000000000058e+04 4.588022828102111816e-03
2.501794299999999930e+04 4.585695452988147736e-03
2.501802600000000166e+04 4.583579953759908676e-03
2.501810900000000038e+04 4.581651650369167328e-03
2.501819199999999910e+04 4.579889122396707535e-03
2.501827500000000146e+04 4.578272812068462372e-03
2.501835800000000017e+04 4.576785489916801453e-03
2.501844099999999889e+04 4.575410857796669006e-03
2.501852400000000125e+04 4.574140999466180801e-03
2.501860699999999997e+04 4.633363336324691772e-03
2.501868999999999869e+04 4.631678108125925064e-03
2.501877300000000105e+04 4.644725937396287918e-03
2.501885599999999977e+04 4.642415791749954224e-03
2.501893899999999849e+04 4.640070255845785141e-03
2.501902200000000084e+04 4.637925419956445694e-03
2.501910499999999956e+04 4.635959398001432419e-03
2.501918799999999828e+04 4.634150769561529160e-03
2.501927100000000064e+04 4.632481373846530914e-03
2.501935399999999936e+04 4.630934447050094604e-03
2.501943700000000172e+04 4.629494622349739075e-03
2.501952000000000044e+04 4.628154449164867401e-03
2.501960299999999916e+04 4.685933701694011688e-03
2.501968600000000151e+04 4.684174433350563049e-03
2.501976900000000023e+04 4.696847405284643173e-03
2.501985199999999895e+04 4.694533534348011017e-03
2.501993500000000131e+04 4.692175425589084625e-03
