2.500009800000000178e+04 5.254040718078613281e+00
2.500018100000000049e+04 4.493903160095214844e+00
2.500026399999999921e+04 3.856133222579956055e+00
2.500034700000000157e+04 3.332545518875122070e+00
2.500043000000000029e+04 3.152318000793457031e+00
2.500051299999999901e+04 4.113707065582275391e+00
2.500059600000000137e+04 5.575551033020019531e+00
2.500067900000000009e+04 5.586155891418457031e+00
2.500076199999999881e+04 5.587840557098388672e+00
2.500084500000000116e+04 5.582669734954833984e+00
2.500092799999999988e+04 4.864705562591552734e+00
2.500101099999999860e+04 4.246275901794433594e+00
2.500109400000000096e+04 3.720868349075317383e+00
2.500117699999999968e+04 3.277825117111206055e+00
2.500125999999999840e+04 2.900973796844482422e+00
2.500134300000000076e+04 2.579779148101806641e+00
2.500142599999999948e+04 2.311357736587524414e+00
2.500150899999999820e+04 3.063803672790527344e+00
2.500159200000000055e+04 5.582242012023925781e+00
2.500167499999999927e+04 5.606980800628662109e+00
2.500175800000000163e+04 5.606933593750000000e+00
2.500184100000000035e+04 5.606805324554443359e+00
2.500192399999999907e+04 4.975561618804931641e+00
2.500200700000000143e+04 4.417405605316162109e+00
2.500209000000000015e+04 3.936892509460449219e+00
2.500217299999999886e+04 3.522088527679443359e+00
2.500225600000000122e+04 3.161866903305053711e+00
2.500233899999999994e+04 2.848350048065185547e+00
2.500242199999999866e+04 2.581174850463867188e+00
2.500250500000000102e+04 3.471448183059692383e+00
2.500258799999999974e+04 5.598843574523925781e+00
2.500267099999999846e+04 5.613977432250976562e+00
2.500275400000000081e+04 5.615786075592041016e+00
2.500283699999999953e+04 5.614900112152099609e+00
2.500291999999999825e+04 5.057448387145996094e+00
2.500300300000000061e+04 4.559346199035644531e+00
2.500308599999999933e+04 4.110494613647460938e+00
2.500316900000000169e+04 3.720577716827392578e+00
2.500325200000000041e+04 3.377388715744018555e+00
2.500333499999999913e+04 3.074050664901733398e+00
2.500341800000000148e+04 2.811895847320556641e+00
2.500350100000000020e+04 3.834801673889160156e+00
2.500358399999999892e+04 5.616215705871582031e+00
2.500366700000000128e+04 5.628814220428466797e+00
2.500375000000000000e+04 5.630518913269042969e+00
2.500383299999999872e+04 5.630181789398193359e+00
2.500391600000000108e+04 5.124855041503906250e+00
2.500399899999999980e+04 4.664971351623535156e+00
2.500408199999999852e+04 4.253488540649414062e+00
2.500416500000000087e+04 3.886102437973022461e+00
2.500424799999999959e+04 3.559207201004028320e+00
2.500433099999999831e+04 3.266711950302124023e+00
2.500441400000000067e+04 3.011259317398071289e+00
2.500449699999999939e+04 4.141048431396484375e+00
2.500458000000000175e+04 5.632306575775146484e+00
2.500466300000000047e+04 5.643294811248779297e+00
2.500474599999999919e+04 5.645534992218017578e+00
2.500482900000000154e+04 5.645377635955810547e+00
2.500491200000000026e+04 5.626239776611328125e+00
2.500499499999999898e+04 5.169406890869140625e+00
2.500507800000000134e+04 4.745462417602539062e+00
2.500516100000000006e+04 4.363615512847900391e+00
2.500524399999999878e+04 4.021345615386962891e+00
2.500532700000000114e+04 3.712238788604736328e+00
2.500540999999999985e+04 3.437728643417358398e+00
2.500549299999999857e+04 4.402770996093750000e+00
2.500557600000000093e+04 5.648586750030517578e+00
2.500565899999999965e+04 5.657773971557617188e+00
2.500574199999999837e+04 5.659646034240722656e+00
2.500582500000000073e+04 5.659087181091308594e+00
2.500590799999999945e+04 5.645407199859619141e+00
2.500599100000000180e+04 5.220695972442626953e+00
2.500607400000000052e+04 4.828296661376953125e+00
2.500615699999999924e+04 4.468003273010253906e+00
2.500624000000000160e+04 4.143030643463134766e+00
2.500632300000000032e+04 3.847101926803588867e+00
2.500640599999999904e+04 3.582242727279663086e+00
2.500648900000000140e+04 4.625834941864013672e+00
2.500657200000000012e+04 5.663045883178710938e+00
2.500665499999999884e+04 5.670784473419189453e+00
2.500673800000000119e+04 5.672553539276123047e+00
2.500682099999999991e+04 5.672077178955078125e+00
2.500690399999999863e+04 5.662699222564697266e+00
2.500698700000000099e+04 5.267003536224365234e+00
2.500706999999999971e+04 4.897284984588623047e+00
2.500715299999999843e+04 4.559002876281738281e+00
2.500723600000000079e+04 4.250340938568115234e+00
2.500731899999999951e+04 3.964508771896362305e+00
2.500740199999999822e+04 3.709604024887084961e+00
2.500748500000000058e+04 4.802381992340087891e+00
2.500756799999999930e+04 5.675538539886474609e+00
2.500765100000000166e+04 5.683229923248291016e+00
2.500773400000000038e+04 5.685106754302978516e+00
2.500781699999999910e+04 5.684821605682373047e+00
2.500790000000000146e+04 5.679086208343505859e+00
2.500798300000000017e+04 5.309308528900146484e+00
2.500806599999999889e+04 4.959744930267333984e+00
2.500814900000000125e+04 4.637622833251953125e+00
2.500823199999999997e+04 4.344130039215087891e+00
2.500831499999999869e+04 4.068537235260009766e+00
2.500839800000000105e+04 3.820076465606689453e+00
2.500848099999999977e+04 4.967681884765625000e+00
2.500856399999999849e+04 5.688124179840087891e+00
2.500864700000000084e+04 5.695744037628173828e+00
2.500872999999999956e+04 5.697721958160400391e+00
2.500881299999999828e+04 5.697785854339599609e+00
2.500889600000000064e+04 5.694068431854248047e+00
2.500897899999999936e+04 5.344436168670654297e+00
2.500906200000000172e+04 5.015474796295166016e+00
2.500914500000000044e+04 4.706939697265625000e+00
2.500922799999999916e+04 4.422023773193359375e+00
2.500931100000000151e+04 4.159784793853759766e+00
2.500939400000000023e+04 3.918611764907836914e+00
2.500947699999999895e+04 4.718904018402099609e+00
2.500956000000000131e+04 5.699180603027343750e+00
2.500964300000000003e+04 5.706727981567382812e+00
2.500972599999999875e+04 5.709101676940917969e+00
2.500980900000000111e+04 5.709425449371337891e+00
2.500989199999999983e+04 5.705845355987548828e+00
2.500997499999999854e+04 5.374505043029785156e+00
2.501005800000000090e+04 5.059175491333007812e+00
2.501014099999999962e+04 4.763059616088867188e+00
2.501022399999999834e+04 4.488632202148437500e+00
2.501030700000000070e+04 4.235860824584960938e+00
2.501038999999999942e+04 4.004752159118652344e+00
2.501047300000000178e+04 4.840900421142578125e+00
2.501055600000000049e+04 5.706498146057128906e+00
2.501063899999999921e+04 5.713467597961425781e+00
2.501072200000000157e+04 5.715685844421386719e+00
2.501080500000000029e+04 5.715826511383056641e+00
2.501088799999999901e+04 5.712830066680908203e+00
2.501097100000000137e+04 5.396213531494140625e+00
2.501105400000000009e+04 5.099305629730224609e+00
2.501113699999999881e+04 4.812982559204101562e+00
2.501122000000000116e+04 4.549383163452148438e+00
2.501130299999999988e+04 4.303585529327392578e+00
2.501138599999999860e+04 4.078430175781250000e+00
2.501146900000000096e+04 4.937116146087646484e+00
2.501155199999999968e+04 5.715718746185302734e+00
2.501163499999999840e+04 5.723794937133789062e+00
2.501171800000000076e+04 5.726078033447265625e+00
2.501180099999999948e+04 5.726064682006835938e+00
2.501188399999999820e+04 5.723785877227783203e+00
2.501196700000000055e+04 5.423123359680175781e+00
2.501204999999999927e+04 5.135303497314453125e+00
2.501213300000000163e+04 4.863835811614990234e+00
2.501221600000000035e+04 4.604364871978759766e+00
2.501229899999999907e+04 4.366309642791748047e+00
2.501238200000000143e+04 4.147089004516601562e+00
2.501246500000000015e+04 5.030660152435302734e+00
2.501254799999999886e+04 5.728031158447265625e+00
2.501263100000000122e+04 5.733963489532470703e+00
2.501271399999999994e+04 5.736135005950927734e+00
2.501279699999999866e+04 5.737012863159179688e+00
2.501288000000000102e+04 5.735857009887695312e+00
2.501296299999999974e+04 5.446677684783935547e+00
2.501304599999999846e+04 5.170345783233642578e+00
2.501312900000000081e+04 4.903998374938964844e+00
2.501321199999999953e+04 4.659313201904296875e+00
2.501329499999999825e+04 4.424664974212646484e+00
2.501337800000000061e+04 4.212177753448486328e+00
2.501346099999999933e+04 4.720962047576904297e+00
2.501354400000000169e+04 5.734087944030761719e+00
2.501362700000000041e+04 5.742783069610595703e+00
2.501370999999999913e+04 5.745998382568359375e+00
2.501379300000000148e+04 5.746544361114501953e+00
2.501387600000000020e+04 5.745579242706298828e+00
2.501395899999999892e+04 5.466960906982421875e+00
2.501404200000000128e+04 5.202150821685791016e+00
2.501412500000000000e+04 4.943921566009521484e+00
2.501420799999999872e+04 4.702703475952148438e+00
2.501429100000000108e+04 4.478589534759521484e+00
2.501437399999999980e+04 4.266700744628906250e+00
2.501445699999999852e+04 4.792090415954589844e+00
2.501454000000000087e+04 5.743979930877685547e+00
2.501462299999999959e+04 5.752104282379150391e+00
2.501470599999999831e+04 5.755488395690917969e+00
2.501478900000000067e+04 5.756049633026123047e+00
2.501487199999999939e+04 5.754925251007080078e+00
2.501495500000000175e+04 5.485551357269287109e+00
2.501503800000000047e+04 5.226507186889648438e+00
2.501512099999999919e+04 4.981534004211425781e+00
2.501520400000000154e+04 4.743138790130615234e+00
2.501528700000000026e+04 4.522833347320556641e+00
2.501536999999999898e+04 4.315827369689941406e+00
2.501545300000000134e+04 4.856403827667236328e+00
2.501553600000000006e+04 5.756067752838134766e+00
2.501561899999999878e+04 5.761263370513916016e+00
2.501570200000000114e+04 5.764319419860839844e+00
2.501578499999999985e+04 5.764675140380859375e+00
2.501586799999999857e+04 5.764131069183349609e+00
2.501595100000000093e+04 5.503006458282470703e+00
2.501603399999999965e+04 5.251085758209228516e+00
2.501611699999999837e+04 5.008838176727294922e+00
2.501620000000000073e+04 4.780796051025390625e+00
2.501628299999999945e+04 4.562581539154052734e+00
2.501636600000000180e+04 4.362495899200439453e+00
2.501644900000000052e+04 4.914756774902343750e+00
2.501653199999999924e+04 5.765046119689941406e+00
2.501661500000000160e+04 5.770510673522949219e+00
2.501669800000000032e+04 5.773430824279785156e+00
2.501678099999999904e+04 5.774454116821289062e+00
2.501686400000000140e+04 5.773207187652587891e+00
2.501694700000000012e+04 5.520401954650878906e+00
2.501702999999999884e+04 5.277311801910400391e+00
2.501711300000000119e+04 5.037634372711181641e+00
2.501719599999999991e+04 4.814932823181152344e+00
2.501727899999999863e+04 4.605102062225341797e+00
2.501736200000000099e+04 4.405284881591796875e+00
2.501744499999999971e+04 4.968318462371826172e+00
2.501752799999999843e+04 5.770684719085693359e+00
2.501761100000000079e+04 5.778722286224365234e+00
2.501769399999999951e+04 5.782348155975341797e+00
2.501777699999999822e+04 5.783031463623046875e+00
2.501786000000000058e+04 5.781971454620361328e+00
2.501794299999999930e+04 5.535911083221435547e+00
2.501802600000000166e+04 5.298156738281250000e+00
2.501810900000000038e+04 5.065183639526367188e+00
2.501819199999999910e+04 4.848180770874023438e+00
2.501827500000000146e+04 4.639896392822265625e+00
2.501835800000000017e+04 4.443727970123291016e+00
2.501844099999999889e+04 4.622590065002441406e+00
2.501852400000000125e+04 5.773882865905761719e+00
2.501860699999999997e+04 5.787004470825195312e+00
2.501868999999999869e+04 5.790079116821289062e+00
2.501877300000000105e+04 5.791037559509277344e+00
2.501885599999999977e+04 5.790263175964355469e+00
2.501893899999999849e+04 5.549056053161621094e+00
2.501902200000000084e+04 5.319857120513916016e+00
2.501910499999999956e+04 5.092418193817138672e+00
2.501918799999999828e+04 4.874759674072265625e+00
2.501927100000000064e+04 4.670282363891601562e+00
2.501935399999999936e+04 4.476417064666748047e+00
2.501943700000000172e+04 4.663471221923828125e+00
2.501952000000000044e+04 5.782767772674560547e+00
2.501960299999999916e+04 5.795003414154052734e+00
2.501968600000000151e+04 5.798325538635253906e+00
2.501976900000000023e+04 5.799058914184570312e+00
2.501985199999999895e+04 5.798120021820068359e+00
2.501993500000000131e+04 5.562662601470947266e+00
