2.500009800000000178e+04 7.721132202148437500e+02
2.500018100000000049e+04 7.721223754882812500e+02
2.500026399999999921e+04 7.721333007812500000e+02
2.500034700000000157e+04 7.721448364257812500e+02
2.500043000000000029e+04 7.721549682617187500e+02
2.500051299999999901e+04 7.721502685546875000e+02
2.500059600000000137e+04 7.721341552734375000e+02
2.500067900000000009e+04 7.721207275390625000e+02
2.500076199999999881e+04 7.721321411132812500e+02
2.500084500000000116e+04 7.721391601562500000e+02
2.500092799999999988e+04 7.721457519531250000e+02
2.500101099999999860e+04 7.721533813476562500e+02
2.500109400000000096e+04 7.721613769531250000e+02
2.500117699999999968e+04 7.721701049804687500e+02
2.500125999999999840e+04 7.721806030273437500e+02
2.500134300000000076e+04 7.721920166015625000e+02
2.500142599999999948e+04 7.722024536132812500e+02
2.500150899999999820e+04 7.722011108398437500e+02
2.500159200000000055e+04 7.721861572265625000e+02
2.500167499999999927e+04 7.721716308593750000e+02
2.500175800000000163e+04 7.721818237304687500e+02
2.500184100000000035e+04 7.721884765625000000e+02
2.500192399999999907e+04 7.721945190429687500e+02
2.500200700000000143e+04 7.722015991210937500e+02
2.500209000000000015e+04 7.722089233398437500e+02
2.500217299999999886e+04 7.722170410156250000e+02
2.500225600000000122e+04 7.722268676757812500e+02
2.500233899999999994e+04 7.722376708984375000e+02
2.500242199999999866e+04 7.722474975585937500e+02
2.500250500000000102e+04 7.722449340820312500e+02
2.500258799999999974e+04 7.722289428710937500e+02
2.500267099999999846e+04 7.722133178710937500e+02
2.500275400000000081e+04 7.722225952148437500e+02
2.500283699999999953e+04 7.722285766601562500e+02
2.500291999999999825e+04 7.722340087890625000e+02
2.500300300000000061e+04 7.722404174804687500e+02
2.500308599999999933e+04 7.722471923828125000e+02
2.500316900000000169e+04 7.722546386718750000e+02
2.500325200000000041e+04 7.722638549804687500e+02
2.500333499999999913e+04 7.722740478515625000e+02
2.500341800000000148e+04 7.722832641601562500e+02
2.500350100000000020e+04 7.722796630859375000e+02
2.500358399999999892e+04 7.722628173828125000e+02
2.500366700000000128e+04 7.722463378906250000e+02
2.500375000000000000e+04 7.722545166015625000e+02
2.500383299999999872e+04 7.722601928710937500e+02
2.500391600000000108e+04 7.722652587890625000e+02
2.500399899999999980e+04 7.722713012695312500e+02
2.500408199999999852e+04 7.722776489257812500e+02
2.500416500000000087e+04 7.722845458984375000e+02
2.500424799999999959e+04 7.722933349609375000e+02
2.500433099999999831e+04 7.723031005859375000e+02
2.500441400000000067e+04 7.723118286132812500e+02
2.500449699999999939e+04 7.723074340820312500e+02
2.500458000000000175e+04 7.722898559570312500e+02
2.500466300000000047e+04 7.722691650390625000e+02
2.500474599999999919e+04 7.722720336914062500e+02
2.500482900000000154e+04 7.722772827148437500e+02
2.500491200000000026e+04 7.722814941406250000e+02
2.500499499999999898e+04 7.722863159179687500e+02
2.500507800000000134e+04 7.722916870117187500e+02
2.500516100000000006e+04 7.722976684570312500e+02
2.500524399999999878e+04 7.723052368164062500e+02
2.500532700000000114e+04 7.723139648437500000e+02
2.500540999999999985e+04 7.723221435546875000e+02
2.500549299999999857e+04 7.723192138671875000e+02
2.500557600000000093e+04 7.723054809570312500e+02
2.500565899999999965e+04 7.722842407226562500e+02
2.500574199999999837e+04 7.722866210937500000e+02
2.500582500000000073e+04 7.722916259765625000e+02
2.500590799999999945e+04 7.722956542968750000e+02
2.500599100000000180e+04 7.723002929687500000e+02
2.500607400000000052e+04 7.723054199218750000e+02
2.500615699999999924e+04 7.723112182617187500e+02
2.500624000000000160e+04 7.723185424804687500e+02
2.500632300000000032e+04 7.723269653320312500e+02
2.500640599999999904e+04 7.723348388671875000e+02
2.500648900000000140e+04 7.723314819335937500e+02
2.500657200000000012e+04 7.723173217773437500e+02
2.500665499999999884e+04 7.722957153320312500e+02
2.500673800000000119e+04 7.722976074218750000e+02
2.500682099999999991e+04 7.723024291992187500e+02
2.500690399999999863e+04 7.723062744140625000e+02
2.500698700000000099e+04 7.723107910156250000e+02
2.500706999999999971e+04 7.723157348632812500e+02
2.500715299999999843e+04 7.723213500976562500e+02
2.500723600000000079e+04 7.723284301757812500e+02
2.500731899999999951e+04 7.723366699218750000e+02
2.500740199999999822e+04 7.723443603515625000e+02
2.500748500000000058e+04 7.723406372070312500e+02
2.500756799999999930e+04 7.723261108398437500e+02
2.500765100000000166e+04 7.723040771484375000e+02
2.500773400000000038e+04 7.723056030273437500e+02
2.500781699999999910e+04 7.723102416992187500e+02
2.500790000000000146e+04 7.723140258789062500e+02
2.500798300000000017e+04 7.723183593750000000e+02
2.500806599999999889e+04 7.723231811523437500e+02
2.500814900000000125e+04 7.723284912109375000e+02
2.500823199999999997e+04 7.723354492187500000e+02
2.500831499999999869e+04 7.723435058593750000e+02
2.500839800000000105e+04 7.723509521484375000e+02
2.500848099999999977e+04 7.723470458984375000e+02
2.500856399999999849e+04 7.723320922851562500e+02
2.500864700000000084e+04 7.723061523437500000e+02
2.500872999999999956e+04 7.723024291992187500e+02
2.500881299999999828e+04 7.723090820312500000e+02
2.500889600000000064e+04 7.723129272460937500e+02
2.500897899999999936e+04 7.723170776367187500e+02
2.500906200000000172e+04 7.723217163085937500e+02
2.500914500000000044e+04 7.723269042968750000e+02
2.500922799999999916e+04 7.723333740234375000e+02
2.500931100000000151e+04 7.723411254882812500e+02
2.500939400000000023e+04 7.723485717773437500e+02
2.500947699999999895e+04 7.723472290039062500e+02
2.500956000000000131e+04 7.723400878906250000e+02
2.500964300000000003e+04 7.723139038085937500e+02
2.500972599999999875e+04 7.723097534179687500e+02
2.500980900000000111e+04 7.723157958984375000e+02
2.500989199999999983e+04 7.723193969726562500e+02
2.500997499999999854e+04 7.723233032226562500e+02
2.501005800000000090e+04 7.723278198242187500e+02
2.501014099999999962e+04 7.723327636718750000e+02
2.501022399999999834e+04 7.723390502929687500e+02
2.501030700000000070e+04 7.723465576171875000e+02
2.501038999999999942e+04 7.723538208007812500e+02
2.501047300000000178e+04 7.723522338867187500e+02
2.501055600000000049e+04 7.723447875976562500e+02
2.501063899999999921e+04 7.723182983398437500e+02
2.501072200000000157e+04 7.723140869140625000e+02
2.501080500000000029e+04 7.723203125000000000e+02
2.501088799999999901e+04 7.723239135742187500e+02
2.501097100000000137e+04 7.723278198242187500e+02
2.501105400000000009e+04 7.723322143554687500e+02
2.501113699999999881e+04 7.723370971679687500e+02
2.501122000000000116e+04 7.723432617187500000e+02
2.501130299999999988e+04 7.723507080078125000e+02
2.501138599999999860e+04 7.723578491210937500e+02
2.501146900000000096e+04 7.723561401367187500e+02
2.501155199999999968e+04 7.723484497070312500e+02
2.501163499999999840e+04 7.723217773437500000e+02
2.501171800000000076e+04 7.723173828125000000e+02
2.501180099999999948e+04 7.723233642578125000e+02
2.501188399999999820e+04 7.723269042968750000e+02
2.501196700000000055e+04 7.723307495117187500e+02
2.501204999999999927e+04 7.723350830078125000e+02
2.501213300000000163e+04 7.723397827148437500e+02
2.501221600000000035e+04 7.723458862304687500e+02
2.501229899999999907e+04 7.723532714843750000e+02
2.501238200000000143e+04 7.723603515625000000e+02
2.501246500000000015e+04 7.723584594726562500e+02
2.501254799999999886e+04 7.723505249023437500e+02
2.501263100000000122e+04 7.723236694335937500e+02
2.501271399999999994e+04 7.723141479492187500e+02
2.501279699999999866e+04 7.723198242187500000e+02
2.501288000000000102e+04 7.723237304687500000e+02
2.501296299999999974e+04 7.723274536132812500e+02
2.501304599999999846e+04 7.723318481445312500e+02
2.501312900000000081e+04 7.723366699218750000e+02
2.501321199999999953e+04 7.723427734375000000e+02
2.501329499999999825e+04 7.723499755859375000e+02
2.501337800000000061e+04 7.723572998046875000e+02
2.501346099999999933e+04 7.723582153320312500e+02
2.501354400000000169e+04 7.723513183593750000e+02
2.501362700000000041e+04 7.723259887695312500e+02
2.501370999999999913e+04 7.723163452148437500e+02
2.501379300000000148e+04 7.723218994140625000e+02
2.501387600000000020e+04 7.723256835937500000e+02
2.501395899999999892e+04 7.723293457031250000e+02
2.501404200000000128e+04 7.723336791992187500e+02
2.501412500000000000e+04 7.723383789062500000e+02
2.501420799999999872e+04 7.723441162109375000e+02
2.501429100000000108e+04 7.723511962890625000e+02
2.501437399999999980e+04 7.723584594726562500e+02
2.501445699999999852e+04 7.723592529296875000e+02
2.501454000000000087e+04 7.723522338867187500e+02
2.501462299999999959e+04 7.723265991210937500e+02
2.501470599999999831e+04 7.723167724609375000e+02
2.501478900000000067e+04 7.723221435546875000e+02
2.501487199999999939e+04 7.723259277343750000e+02
2.501495500000000175e+04 7.723295288085937500e+02
2.501503800000000047e+04 7.723338012695312500e+02
2.501512099999999919e+04 7.723383789062500000e+02
2.501520400000000154e+04 7.723440551757812500e+02
2.501528700000000026e+04 7.723510742187500000e+02
2.501536999999999898e+04 7.723582153320312500e+02
2.501545300000000134e+04 7.723589477539062500e+02
2.501553600000000006e+04 7.723518676757812500e+02
2.501561899999999878e+04 7.723261108398437500e+02
2.501570200000000114e+04 7.723161010742187500e+02
2.501578499999999985e+04 7.723214721679687500e+02
2.501586799999999857e+04 7.723251953125000000e+02
2.501595100000000093e+04 7.723287353515625000e+02
2.501603399999999965e+04 7.723328857421875000e+02
2.501611699999999837e+04 7.723373413085937500e+02
2.501620000000000073e+04 7.723429565429687500e+02
2.501628299999999945e+04 7.723499145507812500e+02
2.501636600000000180e+04 7.723569946289062500e+02
2.501644900000000052e+04 7.723576049804687500e+02
2.501653199999999924e+04 7.723505249023437500e+02
2.501661500000000160e+04 7.723245239257812500e+02
2.501669800000000032e+04 7.723094482421875000e+02
2.501678099999999904e+04 7.723145141601562500e+02
2.501686400000000140e+04 7.723183593750000000e+02
2.501694700000000012e+04 7.723217163085937500e+02
2.501702999999999884e+04 7.723258056640625000e+02
2.501711300000000119e+04 7.723302001953125000e+02
2.501719599999999991e+04 7.723356933593750000e+02
2.501727899999999863e+04 7.723424682617187500e+02
2.501736200000000099e+04 7.723494873046875000e+02
2.501744499999999971e+04 7.723518066406250000e+02
2.501752799999999843e+04 7.723463745117187500e+02
2.501761100000000079e+04 7.723226318359375000e+02
2.501769399999999951e+04 7.723074951171875000e+02
2.501777699999999822e+04 7.723125000000000000e+02
2.501786000000000058e+04 7.723162841796875000e+02
2.501794299999999930e+04 7.723196411132812500e+02
2.501802600000000166e+04 7.723236694335937500e+02
2.501810900000000038e+04 7.723280029296875000e+02
2.501819199999999910e+04 7.723331909179687500e+02
2.501827500000000146e+04 7.723398437500000000e+02
2.501835800000000017e+04 7.723470458984375000e+02
2.501844099999999889e+04 7.723504028320312500e+02
2.501852400000000125e+04 7.723449707031250000e+02
2.501860699999999997e+04 7.723214111328125000e+02
2.501868999999999869e+04 7.723061523437500000e+02
2.501877300000000105e+04 7.723110351562500000e+02
2.501885599999999977e+04 7.723148193359375000e+02
2.501893899999999849e+04 7.723181152343750000e+02
2.501902200000000084e+04 7.723220825195312500e+02
2.501910499999999956e+04 7.723264160156250000e+02
2.501918799999999828e+04 7.723314819335937500e+02
2.501927100000000064e+04 7.723381347656250000e+02
2.501935399999999936e+04 7.723452758789062500e+02
2.501943700000000172e+04 7.723485717773437500e+02
2.501952000000000044e+04 7.723431396484375000e+02
2.501960299999999916e+04 7.723194580078125000e+02
2.501968600000000151e+04 7.723040771484375000e+02
2.501976900000000023e+04 7.723089599609375000e+02
2.501985199999999895e+04 7.723126831054687500e+02
2.501993500000000131e+04 7.723158569335937500e+02
