2.500009800000000178e+04 1.467229125976562500e+03
2.500018100000000049e+04 1.467233154296875000e+03
2.500026399999999921e+04 1.467238037109375000e+03
2.500034700000000157e+04 1.467243408203125000e+03
2.500043000000000029e+04 1.467249023437500000e+03
2.500051299999999901e+04 1.467254882812500000e+03
2.500059600000000137e+04 1.467534423828125000e+03
2.500067900000000009e+04 1.467539672851562500e+03
2.500076199999999881e+04 1.467580200195312500e+03
2.500084500000000116e+04 1.467583984375000000e+03
2.500092799999999988e+04 1.467587036132812500e+03
2.500101099999999860e+04 1.467590454101562500e+03
2.500109400000000096e+04 1.467593872070312500e+03
2.500117699999999968e+04 1.467597534179687500e+03
2.500125999999999840e+04 1.467602416992187500e+03
2.500134300000000076e+04 1.467607788085937500e+03
2.500142599999999948e+04 1.467613403320312500e+03
2.500150899999999820e+04 1.467619262695312500e+03
2.500159200000000055e+04 1.467713134765625000e+03
2.500167499999999927e+04 1.467718383789062500e+03
2.500175800000000163e+04 1.467750610351562500e+03
2.500184100000000035e+04 1.467754394531250000e+03
2.500192399999999907e+04 1.467757324218750000e+03
2.500200700000000143e+04 1.467760742187500000e+03
2.500209000000000015e+04 1.467764160156250000e+03
2.500217299999999886e+04 1.467767944335937500e+03
2.500225600000000122e+04 1.467772827148437500e+03
2.500233899999999994e+04 1.467778076171875000e+03
2.500242199999999866e+04 1.467783691406250000e+03
2.500250500000000102e+04 1.467789672851562500e+03
2.500258799999999974e+04 1.467872558593750000e+03
2.500267099999999846e+04 1.467877807617187500e+03
2.500275400000000081e+04 1.467906738281250000e+03
2.500283699999999953e+04 1.467910522460937500e+03
2.500291999999999825e+04 1.467913452148437500e+03
2.500300300000000061e+04 1.467916870117187500e+03
2.500308599999999933e+04 1.467920288085937500e+03
2.500316900000000169e+04 1.467924072265625000e+03
2.500325200000000041e+04 1.467928955078125000e+03
2.500333499999999913e+04 1.467934204101562500e+03
2.500341800000000148e+04 1.467939819335937500e+03
2.500350100000000020e+04 1.467945800781250000e+03
2.500358399999999892e+04 1.468020629882812500e+03
2.500366700000000128e+04 1.468025756835937500e+03
2.500375000000000000e+04 1.468052124023437500e+03
2.500383299999999872e+04 1.468055908203125000e+03
2.500391600000000108e+04 1.468058959960937500e+03
2.500399899999999980e+04 1.468062377929687500e+03
2.500408199999999852e+04 1.468065795898437500e+03
2.500416500000000087e+04 1.468069458007812500e+03
2.500424799999999959e+04 1.468074340820312500e+03
2.500433099999999831e+04 1.468079589843750000e+03
2.500441400000000067e+04 1.468085205078125000e+03
2.500449699999999939e+04 1.468091186523437500e+03
2.500458000000000175e+04 1.468159545898437500e+03
2.500466300000000047e+04 1.468164916992187500e+03
2.500474599999999919e+04 1.468189453125000000e+03
2.500482900000000154e+04 1.468193359375000000e+03
2.500491200000000026e+04 1.468196533203125000e+03
2.500499499999999898e+04 1.468199829101562500e+03
2.500507800000000134e+04 1.468203247070312500e+03
2.500516100000000006e+04 1.468206909179687500e+03
2.500524399999999878e+04 1.468211547851562500e+03
2.500532700000000114e+04 1.468216796875000000e+03
2.500540999999999985e+04 1.468222412109375000e+03
2.500549299999999857e+04 1.468228149414062500e+03
2.500557600000000093e+04 1.468291503906250000e+03
2.500565899999999965e+04 1.468296875000000000e+03
2.500574199999999837e+04 1.468319824218750000e+03
2.500582500000000073e+04 1.468323608398437500e+03
2.500590799999999945e+04 1.468326782226562500e+03
2.500599100000000180e+04 1.468330078125000000e+03
2.500607400000000052e+04 1.468333618164062500e+03
2.500615699999999924e+04 1.468337280273437500e+03
2.500624000000000160e+04 1.468341796875000000e+03
2.500632300000000032e+04 1.468347045898437500e+03
2.500640599999999904e+04 1.468352661132812500e+03
2.500648900000000140e+04 1.468358520507812500e+03
2.500657200000000012e+04 1.468417480468750000e+03
2.500665499999999884e+04 1.468422851562500000e+03
2.500673800000000119e+04 1.468444458007812500e+03
2.500682099999999991e+04 1.468448364257812500e+03
2.500690399999999863e+04 1.468451416015625000e+03
2.500698700000000099e+04 1.468454833984375000e+03
2.500706999999999971e+04 1.468458251953125000e+03
2.500715299999999843e+04 1.468461914062500000e+03
2.500723600000000079e+04 1.468466552734375000e+03
2.500731899999999951e+04 1.468471801757812500e+03
2.500740199999999822e+04 1.468477294921875000e+03
2.500748500000000058e+04 1.468483154296875000e+03
2.500756799999999930e+04 1.468538574218750000e+03
2.500765100000000166e+04 1.468543945312500000e+03
2.500773400000000038e+04 1.468564453125000000e+03
2.500781699999999910e+04 1.468568237304687500e+03
2.500790000000000146e+04 1.468571411132812500e+03
2.500798300000000017e+04 1.468574829101562500e+03
2.500806599999999889e+04 1.468578247070312500e+03
2.500814900000000125e+04 1.468581787109375000e+03
2.500823199999999997e+04 1.468586425781250000e+03
2.500831499999999869e+04 1.468591674804687500e+03
2.500839800000000105e+04 1.468597167968750000e+03
2.500848099999999977e+04 1.468603027343750000e+03
2.500856399999999849e+04 1.468655395507812500e+03
2.500864700000000084e+04 1.468660888671875000e+03
2.500872999999999956e+04 1.468680664062500000e+03
2.500881299999999828e+04 1.468684570312500000e+03
2.500889600000000064e+04 1.468687866210937500e+03
2.500897899999999936e+04 1.468691162109375000e+03
2.500906200000000172e+04 1.468694580078125000e+03
2.500914500000000044e+04 1.468698242187500000e+03
2.500922799999999916e+04 1.468702636718750000e+03
2.500931100000000151e+04 1.468707763671875000e+03
2.500939400000000023e+04 1.468713256835937500e+03
2.500947699999999895e+04 1.468718994140625000e+03
2.500956000000000131e+04 1.468768798828125000e+03
2.500964300000000003e+04 1.468774291992187500e+03
2.500972599999999875e+04 1.468793090820312500e+03
2.500980900000000111e+04 1.468797119140625000e+03
2.500989199999999983e+04 1.468800415039062500e+03
2.500997499999999854e+04 1.468803710937500000e+03
2.501005800000000090e+04 1.468807128906250000e+03
2.501014099999999962e+04 1.468810668945312500e+03
2.501022399999999834e+04 1.468815063476562500e+03
2.501030700000000070e+04 1.468820312500000000e+03
2.501038999999999942e+04 1.468825805664062500e+03
2.501047300000000178e+04 1.468831542968750000e+03
2.501055600000000049e+04 1.468879028320312500e+03
2.501063899999999921e+04 1.468884521484375000e+03
2.501072200000000157e+04 1.468902709960937500e+03
2.501080500000000029e+04 1.468906738281250000e+03
2.501088799999999901e+04 1.468910034179687500e+03
2.501097100000000137e+04 1.468913208007812500e+03
2.501105400000000009e+04 1.468916625976562500e+03
2.501113699999999881e+04 1.468920288085937500e+03
2.501122000000000116e+04 1.468924682617187500e+03
2.501130299999999988e+04 1.468929809570312500e+03
2.501138599999999860e+04 1.468935302734375000e+03
2.501146900000000096e+04 1.468941040039062500e+03
2.501155199999999968e+04 1.468986694335937500e+03
2.501163499999999840e+04 1.468992187500000000e+03
2.501171800000000076e+04 1.469009643554687500e+03
2.501180099999999948e+04 1.469013671875000000e+03
2.501188399999999820e+04 1.469016967773437500e+03
2.501196700000000055e+04 1.469020263671875000e+03
2.501204999999999927e+04 1.469023681640625000e+03
2.501213300000000163e+04 1.469027221679687500e+03
2.501221600000000035e+04 1.469031616210937500e+03
2.501229899999999907e+04 1.469036743164062500e+03
2.501238200000000143e+04 1.469042236328125000e+03
2.501246500000000015e+04 1.469047973632812500e+03
2.501254799999999886e+04 1.469091918945312500e+03
2.501263100000000122e+04 1.469097412109375000e+03
2.501271399999999994e+04 1.469114501953125000e+03
2.501279699999999866e+04 1.469118652343750000e+03
2.501288000000000102e+04 1.469122070312500000e+03
2.501296299999999974e+04 1.469125244140625000e+03
2.501304599999999846e+04 1.469128662109375000e+03
2.501312900000000081e+04 1.469132202148437500e+03
2.501321199999999953e+04 1.469136596679687500e+03
2.501329499999999825e+04 1.469141601562500000e+03
2.501337800000000061e+04 1.469147094726562500e+03
2.501346099999999933e+04 1.469152832031250000e+03
2.501354400000000169e+04 1.469195190429687500e+03
2.501362700000000041e+04 1.469200805664062500e+03
2.501370999999999913e+04 1.469217407226562500e+03
2.501379300000000148e+04 1.469221557617187500e+03
2.501387600000000020e+04 1.469224975585937500e+03
2.501395899999999892e+04 1.469228149414062500e+03
2.501404200000000128e+04 1.469231567382812500e+03
2.501412500000000000e+04 1.469235107421875000e+03
2.501420799999999872e+04 1.469239257812500000e+03
2.501429100000000108e+04 1.469244384765625000e+03
2.501437399999999980e+04 1.469249755859375000e+03
2.501445699999999852e+04 1.469255493164062500e+03
2.501454000000000087e+04 1.469296508789062500e+03
2.501462299999999959e+04 1.469302124023437500e+03
2.501470599999999831e+04 1.469318359375000000e+03
2.501478900000000067e+04 1.469322509765625000e+03
2.501487199999999939e+04 1.469325927734375000e+03
2.501495500000000175e+04 1.469329101562500000e+03
2.501503800000000047e+04 1.469332519531250000e+03
2.501512099999999919e+04 1.469336059570312500e+03
2.501520400000000154e+04 1.469340209960937500e+03
2.501528700000000026e+04 1.469345214843750000e+03
2.501536999999999898e+04 1.469350708007812500e+03
2.501545300000000134e+04 1.469356445312500000e+03
2.501553600000000006e+04 1.469396240234375000e+03
2.501561899999999878e+04 1.469401855468750000e+03
2.501570200000000114e+04 1.469417724609375000e+03
2.501578499999999985e+04 1.469421875000000000e+03
2.501586799999999857e+04 1.469425292968750000e+03
2.501595100000000093e+04 1.469428466796875000e+03
2.501603399999999965e+04 1.469431884765625000e+03
2.501611699999999837e+04 1.469435302734375000e+03
2.501620000000000073e+04 1.469439575195312500e+03
2.501628299999999945e+04 1.469444580078125000e+03
2.501636600000000180e+04 1.469450073242187500e+03
2.501644900000000052e+04 1.469455688476562500e+03
2.501653199999999924e+04 1.469494506835937500e+03
2.501661500000000160e+04 1.469500122070312500e+03
2.501669800000000032e+04 1.469515747070312500e+03
2.501678099999999904e+04 1.469520019531250000e+03
2.501686400000000140e+04 1.469523559570312500e+03
2.501694700000000012e+04 1.469526733398437500e+03
2.501702999999999884e+04 1.469530151367187500e+03
2.501711300000000119e+04 1.469533569335937500e+03
2.501719599999999991e+04 1.469537841796875000e+03
2.501727899999999863e+04 1.469542724609375000e+03
2.501736200000000099e+04 1.469548095703125000e+03
2.501744499999999971e+04 1.469553833007812500e+03
2.501752799999999843e+04 1.469591552734375000e+03
2.501761100000000079e+04 1.469597290039062500e+03
2.501769399999999951e+04 1.469612670898437500e+03
2.501777699999999822e+04 1.469616943359375000e+03
2.501786000000000058e+04 1.469620605468750000e+03
2.501794299999999930e+04 1.469623657226562500e+03
2.501802600000000166e+04 1.469627075195312500e+03
2.501810900000000038e+04 1.469630615234375000e+03
2.501819199999999910e+04 1.469634521484375000e+03
2.501827500000000146e+04 1.469639404296875000e+03
2.501835800000000017e+04 1.469644897460937500e+03
2.501844099999999889e+04 1.469650512695312500e+03
2.501852400000000125e+04 1.469687377929687500e+03
2.501860699999999997e+04 1.469693237304687500e+03
2.501868999999999869e+04 1.469708251953125000e+03
2.501877300000000105e+04 1.469712524414062500e+03
2.501885599999999977e+04 1.469716064453125000e+03
2.501893899999999849e+04 1.469719238281250000e+03
2.501902200000000084e+04 1.469722656250000000e+03
2.501910499999999956e+04 1.469726074218750000e+03
2.501918799999999828e+04 1.469730102539062500e+03
2.501927100000000064e+04 1.469734985351562500e+03
2.501935399999999936e+04 1.469740356445312500e+03
2.501943700000000172e+04 1.469746093750000000e+03
2.501952000000000044e+04 1.469782226562500000e+03
2.501960299999999916e+04 1.469787963867187500e+03
2.501968600000000151e+04 1.469802734375000000e+03
2.501976900000000023e+04 1.469807006835937500e+03
2.501985199999999895e+04 1.469810668945312500e+03
2.501993500000000131e+04 1.469813720703125000e+03
