2.500009800000000178e+04 8.560747070312500000e+02
2.500018100000000049e+04 8.560836181640625000e+02
2.500026399999999921e+04 8.560939331054687500e+02
2.500034700000000157e+04 8.561045532226562500e+02
2.500043000000000029e+04 8.561141967773437500e+02
2.500051299999999901e+04 8.561132812500000000e+02
2.500059600000000137e+04 8.560898437500000000e+02
2.500067900000000009e+04 8.560717773437500000e+02
2.500076199999999881e+04 8.560784912109375000e+02
2.500084500000000116e+04 8.560850830078125000e+02
2.500092799999999988e+04 8.560922851562500000e+02
2.500101099999999860e+04 8.561000366210937500e+02
2.500109400000000096e+04 8.561077880859375000e+02
2.500117699999999968e+04 8.561159057617187500e+02
2.500125999999999840e+04 8.561255493164062500e+02
2.500134300000000076e+04 8.561358642578125000e+02
2.500142599999999948e+04 8.561450805664062500e+02
2.500150899999999820e+04 8.561454467773437500e+02
2.500159200000000055e+04 8.561205444335937500e+02
2.500167499999999927e+04 8.561016235351562500e+02
2.500175800000000163e+04 8.561074829101562500e+02
2.500184100000000035e+04 8.561136474609375000e+02
2.500192399999999907e+04 8.561204223632812500e+02
2.500200700000000143e+04 8.561277465820312500e+02
2.500209000000000015e+04 8.561350708007812500e+02
2.500217299999999886e+04 8.561428222656250000e+02
2.500225600000000122e+04 8.561520385742187500e+02
2.500233899999999994e+04 8.561620483398437500e+02
2.500242199999999866e+04 8.561708374023437500e+02
2.500250500000000102e+04 8.561708374023437500e+02
2.500258799999999974e+04 8.561479492187500000e+02
2.500267099999999846e+04 8.561283569335937500e+02
2.500275400000000081e+04 8.561336059570312500e+02
2.500283699999999953e+04 8.561394042968750000e+02
2.500291999999999825e+04 8.561458129882812500e+02
2.500300300000000061e+04 8.561528930664062500e+02
2.500308599999999933e+04 8.561598510742187500e+02
2.500316900000000169e+04 8.561673583984375000e+02
2.500325200000000041e+04 8.561762695312500000e+02
2.500333499999999913e+04 8.561859741210937500e+02
2.500341800000000148e+04 8.561945190429687500e+02
2.500350100000000020e+04 8.561942138671875000e+02
2.500358399999999892e+04 8.561708374023437500e+02
2.500366700000000128e+04 8.561506958007812500e+02
2.500375000000000000e+04 8.561554565429687500e+02
2.500383299999999872e+04 8.561609497070312500e+02
2.500391600000000108e+04 8.561671752929687500e+02
2.500399899999999980e+04 8.561739501953125000e+02
2.500408199999999852e+04 8.561807250976562500e+02
2.500416500000000087e+04 8.561878662109375000e+02
2.500424799999999959e+04 8.561965942382812500e+02
2.500433099999999831e+04 8.562060546875000000e+02
2.500441400000000067e+04 8.562143554687500000e+02
2.500449699999999939e+04 8.562138671875000000e+02
2.500458000000000175e+04 8.561899414062500000e+02
2.500466300000000047e+04 8.561657104492187500e+02
2.500474599999999919e+04 8.561651000976562500e+02
2.500482900000000154e+04 8.561703491210937500e+02
2.500491200000000026e+04 8.561764526367187500e+02
2.500499499999999898e+04 8.561829223632812500e+02
2.500507800000000134e+04 8.561895141601562500e+02
2.500516100000000006e+04 8.561964721679687500e+02
2.500524399999999878e+04 8.562046508789062500e+02
2.500532700000000114e+04 8.562138061523437500e+02
2.500540999999999985e+04 8.562221679687500000e+02
2.500549299999999857e+04 8.562232666015625000e+02
2.500557600000000093e+04 8.562015991210937500e+02
2.500565899999999965e+04 8.561771240234375000e+02
2.500574199999999837e+04 8.561761474609375000e+02
2.500582500000000073e+04 8.561810913085937500e+02
2.500590799999999945e+04 8.561869506835937500e+02
2.500599100000000180e+04 8.561932983398437500e+02
2.500607400000000052e+04 8.561997070312500000e+02
2.500615699999999924e+04 8.562064819335937500e+02
2.500624000000000160e+04 8.562145385742187500e+02
2.500632300000000032e+04 8.562235107421875000e+02
2.500640599999999904e+04 8.562317504882812500e+02
2.500648900000000140e+04 8.562326660156250000e+02
2.500657200000000012e+04 8.562111206054687500e+02
2.500665499999999884e+04 8.561862792968750000e+02
2.500673800000000119e+04 8.561849975585937500e+02
2.500682099999999991e+04 8.561896972656250000e+02
2.500690399999999863e+04 8.561954345703125000e+02
2.500698700000000099e+04 8.562015991210937500e+02
2.500706999999999971e+04 8.562078857421875000e+02
2.500715299999999843e+04 8.562145385742187500e+02
2.500723600000000079e+04 8.562224731445312500e+02
2.500731899999999951e+04 8.562313232421875000e+02
2.500740199999999822e+04 8.562393798828125000e+02
2.500748500000000058e+04 8.562401733398437500e+02
2.500756799999999930e+04 8.562184448242187500e+02
2.500765100000000166e+04 8.561934204101562500e+02
2.500773400000000038e+04 8.561919555664062500e+02
2.500781699999999910e+04 8.561964111328125000e+02
2.500790000000000146e+04 8.562019653320312500e+02
2.500798300000000017e+04 8.562080078125000000e+02
2.500806599999999889e+04 8.562141723632812500e+02
2.500814900000000125e+04 8.562206420898437500e+02
2.500823199999999997e+04 8.562284545898437500e+02
2.500831499999999869e+04 8.562371826171875000e+02
2.500839800000000105e+04 8.562451782226562500e+02
2.500848099999999977e+04 8.562457885742187500e+02
2.500856399999999849e+04 8.562251586914062500e+02
2.500864700000000084e+04 8.561961059570312500e+02
2.500872999999999956e+04 8.561894531250000000e+02
2.500881299999999828e+04 8.561932373046875000e+02
2.500889600000000064e+04 8.561983642578125000e+02
2.500897899999999936e+04 8.562041625976562500e+02
2.500906200000000172e+04 8.562102661132812500e+02
2.500914500000000044e+04 8.562166137695312500e+02
2.500922799999999916e+04 8.562240600585937500e+02
2.500931100000000151e+04 8.562325439453125000e+02
2.500939400000000023e+04 8.562406616210937500e+02
2.500947699999999895e+04 8.562430419921875000e+02
2.500956000000000131e+04 8.562287597656250000e+02
2.500964300000000003e+04 8.561997070312500000e+02
2.500972599999999875e+04 8.561928710937500000e+02
2.500980900000000111e+04 8.561964721679687500e+02
2.500989199999999983e+04 8.562014770507812500e+02
2.500997499999999854e+04 8.562072143554687500e+02
2.501005800000000090e+04 8.561473999023437500e+02
2.501014099999999962e+04 8.561536865234375000e+02
2.501022399999999834e+04 8.561610107421875000e+02
2.501030700000000070e+04 8.561694335937500000e+02
2.501038999999999942e+04 8.561774291992187500e+02
2.501047300000000178e+04 8.561797485351562500e+02
2.501055600000000049e+04 8.561655273437500000e+02
2.501063899999999921e+04 8.561362915039062500e+02
2.501072200000000157e+04 8.561292724609375000e+02
2.501080500000000029e+04 8.561327514648437500e+02
2.501088799999999901e+04 8.561376342773437500e+02
2.501097100000000137e+04 8.561433105468750000e+02
2.501105400000000009e+04 8.561492309570312500e+02
2.501113699999999881e+04 8.561554565429687500e+02
2.501122000000000116e+04 8.561627197265625000e+02
2.501130299999999988e+04 8.561710815429687500e+02
2.501138599999999860e+04 8.561790161132812500e+02
2.501146900000000096e+04 8.561812133789062500e+02
2.501155199999999968e+04 8.561669311523437500e+02
2.501163499999999840e+04 8.561375122070312500e+02
2.501171800000000076e+04 8.561304321289062500e+02
2.501180099999999948e+04 8.561337890625000000e+02
2.501188399999999820e+04 8.561386108398437500e+02
2.501196700000000055e+04 8.561442260742187500e+02
2.501204999999999927e+04 8.561500854492187500e+02
2.501213300000000163e+04 8.561561279296875000e+02
2.501221600000000035e+04 8.561633300781250000e+02
2.501229899999999907e+04 8.561716308593750000e+02
2.501238200000000143e+04 8.561795654296875000e+02
2.501246500000000015e+04 8.561817016601562500e+02
2.501254799999999886e+04 8.561672363281250000e+02
2.501263100000000122e+04 8.561377563476562500e+02
2.501271399999999994e+04 8.561254882812500000e+02
2.501279699999999866e+04 8.561285400390625000e+02
2.501288000000000102e+04 8.561330566406250000e+02
2.501296299999999974e+04 8.561384887695312500e+02
2.501304599999999846e+04 8.561443481445312500e+02
2.501312900000000081e+04 8.561503295898437500e+02
2.501321199999999953e+04 8.561574707031250000e+02
2.501329499999999825e+04 8.561655883789062500e+02
2.501337800000000061e+04 8.561736450195312500e+02
2.501346099999999933e+04 8.561774902343750000e+02
2.501354400000000169e+04 8.561668090820312500e+02
2.501362700000000041e+04 8.561376953125000000e+02
2.501370999999999913e+04 8.561253662109375000e+02
2.501379300000000148e+04 8.561282958984375000e+02
2.501387600000000020e+04 8.561328735351562500e+02
2.501395899999999892e+04 8.561382446289062500e+02
2.501404200000000128e+04 8.561440429687500000e+02
2.501412500000000000e+04 8.561499633789062500e+02
2.501420799999999872e+04 8.561567993164062500e+02
2.501429100000000108e+04 8.561648559570312500e+02
2.501437399999999980e+04 8.561728515625000000e+02
2.501445699999999852e+04 8.561766967773437500e+02
2.501454000000000087e+04 8.561659545898437500e+02
2.501462299999999959e+04 8.561365356445312500e+02
2.501470599999999831e+04 8.561240844726562500e+02
2.501478900000000067e+04 8.561269531250000000e+02
2.501487199999999939e+04 8.561314697265625000e+02
2.501495500000000175e+04 8.561368408203125000e+02
2.501503800000000047e+04 8.561425781250000000e+02
2.501512099999999919e+04 8.561484375000000000e+02
2.501520400000000154e+04 8.561552124023437500e+02
2.501528700000000026e+04 8.561632080078125000e+02
2.501536999999999898e+04 8.561712036132812500e+02
2.501545300000000134e+04 8.561749877929687500e+02
2.501553600000000006e+04 8.561642456054687500e+02
2.501561899999999878e+04 8.561347045898437500e+02
2.501570200000000114e+04 8.561221923828125000e+02
2.501578499999999985e+04 8.561250000000000000e+02
2.501586799999999857e+04 8.561293945312500000e+02
2.501595100000000093e+04 8.561347656250000000e+02
2.501603399999999965e+04 8.561404418945312500e+02
2.501611699999999837e+04 8.561462402343750000e+02
2.501620000000000073e+04 8.561529541015625000e+02
2.501628299999999945e+04 8.561608886718750000e+02
2.501636600000000180e+04 8.561688842773437500e+02
2.501644900000000052e+04 8.561726074218750000e+02
2.501653199999999924e+04 8.561618652343750000e+02
2.501661500000000160e+04 8.561321411132812500e+02
2.501669800000000032e+04 8.561145019531250000e+02
2.501678099999999904e+04 8.561171264648437500e+02
2.501686400000000140e+04 8.561213989257812500e+02
2.501694700000000012e+04 8.561265869140625000e+02
2.501702999999999884e+04 8.561322021484375000e+02
2.501711300000000119e+04 8.561380004882812500e+02
2.501719599999999991e+04 8.561447143554687500e+02
2.501727899999999863e+04 8.561524658203125000e+02
2.501736200000000099e+04 8.561604003906250000e+02
2.501744499999999971e+04 8.561658935546875000e+02
2.501752799999999843e+04 8.561566162109375000e+02
2.501761100000000079e+04 8.561293945312500000e+02
2.501769399999999951e+04 8.561116333007812500e+02
2.501777699999999822e+04 8.561141967773437500e+02
2.501786000000000058e+04 8.561184692382812500e+02
2.501794299999999930e+04 8.561235961914062500e+02
2.501802600000000166e+04 8.561292114257812500e+02
2.501810900000000038e+04 8.561349487304687500e+02
2.501819199999999910e+04 8.561413574218750000e+02
2.501827500000000146e+04 8.561491088867187500e+02
2.501835800000000017e+04 8.561572265625000000e+02
2.501844099999999889e+04 8.561626586914062500e+02
2.501852400000000125e+04 8.561533813476562500e+02
2.501860699999999997e+04 8.561263427734375000e+02
2.501868999999999869e+04 8.561085205078125000e+02
2.501877300000000105e+04 8.561110229492187500e+02
2.501885599999999977e+04 8.561152343750000000e+02
2.501893899999999849e+04 8.561203613281250000e+02
2.501902200000000084e+04 8.561259765625000000e+02
2.501910499999999956e+04 8.561316528320312500e+02
2.501918799999999828e+04 8.561380615234375000e+02
2.501927100000000064e+04 8.561457519531250000e+02
2.501935399999999936e+04 8.561538696289062500e+02
2.501943700000000172e+04 8.561593017578125000e+02
2.501952000000000044e+04 8.561499023437500000e+02
2.501960299999999916e+04 8.561227416992187500e+02
2.501968600000000151e+04 8.561049194335937500e+02
2.501976900000000023e+04 8.561074218750000000e+02
2.501985199999999895e+04 8.561115722656250000e+02
2.501993500000000131e+04 8.561166992187500000e+02
