2.500009800000000178e+04 1.312532592773437500e+03
2.500018100000000049e+04 1.312536621093750000e+03
2.500026399999999921e+04 1.312541503906250000e+03
2.500034700000000157e+04 1.312546875000000000e+03
2.500043000000000029e+04 1.312552490234375000e+03
2.500051299999999901e+04 1.312558471679687500e+03
2.500059600000000137e+04 1.312838134765625000e+03
2.500067900000000009e+04 1.312843261718750000e+03
2.500076199999999881e+04 1.312883911132812500e+03
2.500084500000000116e+04 1.312887573242187500e+03
2.500092799999999988e+04 1.312890625000000000e+03
2.500101099999999860e+04 1.312894042968750000e+03
2.500109400000000096e+04 1.312897460937500000e+03
2.500117699999999968e+04 1.312901245117187500e+03
2.500125999999999840e+04 1.312906005859375000e+03
2.500134300000000076e+04 1.312911376953125000e+03
2.500142599999999948e+04 1.312916992187500000e+03
2.500150899999999820e+04 1.312922851562500000e+03
2.500159200000000055e+04 1.313016845703125000e+03
2.500167499999999927e+04 1.313021972656250000e+03
2.500175800000000163e+04 1.313054321289062500e+03
2.500184100000000035e+04 1.313057983398437500e+03
2.500192399999999907e+04 1.313061035156250000e+03
2.500200700000000143e+04 1.313064453125000000e+03
2.500209000000000015e+04 1.313067871093750000e+03
2.500217299999999886e+04 1.313071655273437500e+03
2.500225600000000122e+04 1.313076416015625000e+03
2.500233899999999994e+04 1.313081787109375000e+03
2.500242199999999866e+04 1.313087402343750000e+03
2.500250500000000102e+04 1.313093261718750000e+03
2.500258799999999974e+04 1.313176269531250000e+03
2.500267099999999846e+04 1.313181518554687500e+03
2.500275400000000081e+04 1.313210449218750000e+03
2.500283699999999953e+04 1.313214233398437500e+03
2.500291999999999825e+04 1.313217163085937500e+03
2.500300300000000061e+04 1.313220703125000000e+03
2.500308599999999933e+04 1.313224121093750000e+03
2.500316900000000169e+04 1.313227783203125000e+03
2.500325200000000041e+04 1.313232666015625000e+03
2.500333499999999913e+04 1.313238037109375000e+03
2.500341800000000148e+04 1.313243530273437500e+03
2.500350100000000020e+04 1.313249511718750000e+03
2.500358399999999892e+04 1.313324340820312500e+03
2.500366700000000128e+04 1.313329589843750000e+03
2.500375000000000000e+04 1.313355957031250000e+03
2.500383299999999872e+04 1.313359741210937500e+03
2.500391600000000108e+04 1.313362670898437500e+03
2.500399899999999980e+04 1.313366210937500000e+03
2.500408199999999852e+04 1.313369628906250000e+03
2.500416500000000087e+04 1.313373291015625000e+03
2.500424799999999959e+04 1.313378051757812500e+03
2.500433099999999831e+04 1.313383422851562500e+03
2.500441400000000067e+04 1.313389038085937500e+03
2.500449699999999939e+04 1.313394897460937500e+03
2.500458000000000175e+04 1.313463378906250000e+03
2.500466300000000047e+04 1.313468750000000000e+03
2.500474599999999919e+04 1.313493286132812500e+03
2.500482900000000154e+04 1.313497192382812500e+03
2.500491200000000026e+04 1.313500366210937500e+03
2.500499499999999898e+04 1.313503662109375000e+03
2.500507800000000134e+04 1.313507080078125000e+03
2.500516100000000006e+04 1.313510864257812500e+03
2.500524399999999878e+04 1.313515380859375000e+03
2.500532700000000114e+04 1.313520629882812500e+03
2.500540999999999985e+04 1.313526245117187500e+03
2.500549299999999857e+04 1.313532104492187500e+03
2.500557600000000093e+04 1.313595336914062500e+03
2.500565899999999965e+04 1.313600708007812500e+03
2.500574199999999837e+04 1.313623657226562500e+03
2.500582500000000073e+04 1.313627563476562500e+03
2.500590799999999945e+04 1.313630737304687500e+03
2.500599100000000180e+04 1.313634033203125000e+03
2.500607400000000052e+04 1.313637451171875000e+03
2.500615699999999924e+04 1.313641113281250000e+03
2.500624000000000160e+04 1.313645751953125000e+03
2.500632300000000032e+04 1.313651000976562500e+03
2.500640599999999904e+04 1.313656494140625000e+03
2.500648900000000140e+04 1.313662353515625000e+03
2.500657200000000012e+04 1.313721435546875000e+03
2.500665499999999884e+04 1.313726806640625000e+03
2.500673800000000119e+04 1.313748413085937500e+03
2.500682099999999991e+04 1.313752319335937500e+03
2.500690399999999863e+04 1.313755371093750000e+03
2.500698700000000099e+04 1.313758789062500000e+03
2.500706999999999971e+04 1.313762207031250000e+03
2.500715299999999843e+04 1.313765869140625000e+03
2.500723600000000079e+04 1.313770507812500000e+03
2.500731899999999951e+04 1.313775756835937500e+03
2.500740199999999822e+04 1.313781250000000000e+03
2.500748500000000058e+04 1.313787109375000000e+03
2.500756799999999930e+04 1.313842529296875000e+03
2.500765100000000166e+04 1.313847900390625000e+03
2.500773400000000038e+04 1.313868408203125000e+03
2.500781699999999910e+04 1.313872314453125000e+03
2.500790000000000146e+04 1.313875366210937500e+03
2.500798300000000017e+04 1.313878784179687500e+03
2.500806599999999889e+04 1.313882202148437500e+03
2.500814900000000125e+04 1.313885742187500000e+03
2.500823199999999997e+04 1.313890380859375000e+03
2.500831499999999869e+04 1.313895629882812500e+03
2.500839800000000105e+04 1.313901245117187500e+03
2.500848099999999977e+04 1.313906982421875000e+03
2.500856399999999849e+04 1.313959472656250000e+03
2.500864700000000084e+04 1.313964965820312500e+03
2.500872999999999956e+04 1.313984619140625000e+03
2.500881299999999828e+04 1.313988647460937500e+03
2.500889600000000064e+04 1.313991943359375000e+03
2.500897899999999936e+04 1.313995239257812500e+03
2.500906200000000172e+04 1.313998657226562500e+03
2.500914500000000044e+04 1.314002197265625000e+03
2.500922799999999916e+04 1.314006591796875000e+03
2.500931100000000151e+04 1.314011718750000000e+03
2.500939400000000023e+04 1.314017211914062500e+03
2.500947699999999895e+04 1.314023071289062500e+03
2.500956000000000131e+04 1.314072875976562500e+03
2.500964300000000003e+04 1.314078369140625000e+03
2.500972599999999875e+04 1.314097167968750000e+03
2.500980900000000111e+04 1.314101196289062500e+03
2.500989199999999983e+04 1.314104492187500000e+03
2.500997499999999854e+04 1.314107788085937500e+03
2.501005800000000090e+04 1.313674804687500000e+03
2.501014099999999962e+04 1.313678344726562500e+03
2.501022399999999834e+04 1.313682739257812500e+03
2.501030700000000070e+04 1.313687866210937500e+03
2.501038999999999942e+04 1.313693359375000000e+03
2.501047300000000178e+04 1.313699218750000000e+03
2.501055600000000049e+04 1.313746704101562500e+03
2.501063899999999921e+04 1.313752197265625000e+03
2.501072200000000157e+04 1.313770385742187500e+03
2.501080500000000029e+04 1.313774414062500000e+03
2.501088799999999901e+04 1.313777709960937500e+03
2.501097100000000137e+04 1.313780883789062500e+03
2.501105400000000009e+04 1.313784301757812500e+03
2.501113699999999881e+04 1.313787963867187500e+03
2.501122000000000116e+04 1.313792358398437500e+03
2.501130299999999988e+04 1.313797485351562500e+03
2.501138599999999860e+04 1.313802978515625000e+03
2.501146900000000096e+04 1.313808837890625000e+03
2.501155199999999968e+04 1.313854370117187500e+03
2.501163499999999840e+04 1.313859863281250000e+03
2.501171800000000076e+04 1.313877441406250000e+03
2.501180099999999948e+04 1.313881347656250000e+03
2.501188399999999820e+04 1.313884643554687500e+03
2.501196700000000055e+04 1.313887939453125000e+03
2.501204999999999927e+04 1.313891357421875000e+03
2.501213300000000163e+04 1.313894897460937500e+03
2.501221600000000035e+04 1.313899291992187500e+03
2.501229899999999907e+04 1.313904418945312500e+03
2.501238200000000143e+04 1.313909912109375000e+03
2.501246500000000015e+04 1.313915771484375000e+03
2.501254799999999886e+04 1.313959594726562500e+03
2.501263100000000122e+04 1.313965087890625000e+03
2.501271399999999994e+04 1.313982177734375000e+03
2.501279699999999866e+04 1.313986328125000000e+03
2.501288000000000102e+04 1.313989868164062500e+03
2.501296299999999974e+04 1.313993041992187500e+03
2.501304599999999846e+04 1.313996459960937500e+03
2.501312900000000081e+04 1.314000000000000000e+03
2.501321199999999953e+04 1.314004394531250000e+03
2.501329499999999825e+04 1.314009399414062500e+03
2.501337800000000061e+04 1.314014892578125000e+03
2.501346099999999933e+04 1.314020507812500000e+03
2.501354400000000169e+04 1.314062866210937500e+03
2.501362700000000041e+04 1.314068603515625000e+03
2.501370999999999913e+04 1.314085205078125000e+03
2.501379300000000148e+04 1.314089355468750000e+03
2.501387600000000020e+04 1.314092773437500000e+03
2.501395899999999892e+04 1.314095947265625000e+03
2.501404200000000128e+04 1.314099365234375000e+03
2.501412500000000000e+04 1.314102905273437500e+03
2.501420799999999872e+04 1.314107055664062500e+03
2.501429100000000108e+04 1.314112182617187500e+03
2.501437399999999980e+04 1.314117553710937500e+03
2.501445699999999852e+04 1.314123291015625000e+03
2.501454000000000087e+04 1.314164306640625000e+03
2.501462299999999959e+04 1.314169921875000000e+03
2.501470599999999831e+04 1.314186157226562500e+03
2.501478900000000067e+04 1.314190307617187500e+03
2.501487199999999939e+04 1.314193725585937500e+03
2.501495500000000175e+04 1.314196899414062500e+03
2.501503800000000047e+04 1.314200317382812500e+03
2.501512099999999919e+04 1.314203857421875000e+03
2.501520400000000154e+04 1.314208129882812500e+03
2.501528700000000026e+04 1.314213134765625000e+03
2.501536999999999898e+04 1.314218505859375000e+03
2.501545300000000134e+04 1.314224243164062500e+03
2.501553600000000006e+04 1.314264038085937500e+03
2.501561899999999878e+04 1.314269775390625000e+03
2.501570200000000114e+04 1.314285522460937500e+03
2.501578499999999985e+04 1.314289672851562500e+03
2.501586799999999857e+04 1.314293090820312500e+03
2.501595100000000093e+04 1.314296264648437500e+03
2.501603399999999965e+04 1.314299682617187500e+03
2.501611699999999837e+04 1.314303222656250000e+03
2.501620000000000073e+04 1.314307373046875000e+03
2.501628299999999945e+04 1.314312500000000000e+03
2.501636600000000180e+04 1.314317871093750000e+03
2.501644900000000052e+04 1.314323608398437500e+03
2.501653199999999924e+04 1.314362304687500000e+03
2.501661500000000160e+04 1.314368041992187500e+03
2.501669800000000032e+04 1.314383666992187500e+03
2.501678099999999904e+04 1.314387939453125000e+03
2.501686400000000140e+04 1.314391479492187500e+03
2.501694700000000012e+04 1.314394653320312500e+03
2.501702999999999884e+04 1.314398071289062500e+03
2.501711300000000119e+04 1.314401489257812500e+03
2.501719599999999991e+04 1.314405639648437500e+03
2.501727899999999863e+04 1.314410644531250000e+03
2.501736200000000099e+04 1.314416015625000000e+03
2.501744499999999971e+04 1.314421752929687500e+03
2.501752799999999843e+04 1.314459472656250000e+03
2.501761100000000079e+04 1.314465332031250000e+03
2.501769399999999951e+04 1.314480590820312500e+03
2.501777699999999822e+04 1.314484863281250000e+03
2.501786000000000058e+04 1.314488525390625000e+03
2.501794299999999930e+04 1.314491577148437500e+03
2.501802600000000166e+04 1.314494995117187500e+03
2.501810900000000038e+04 1.314498535156250000e+03
2.501819199999999910e+04 1.314502441406250000e+03
2.501827500000000146e+04 1.314507446289062500e+03
2.501835800000000017e+04 1.314512817382812500e+03
2.501844099999999889e+04 1.314518432617187500e+03
2.501852400000000125e+04 1.314555419921875000e+03
2.501860699999999997e+04 1.314561157226562500e+03
2.501868999999999869e+04 1.314576171875000000e+03
2.501877300000000105e+04 1.314580444335937500e+03
2.501885599999999977e+04 1.314584106445312500e+03
2.501893899999999849e+04 1.314587158203125000e+03
2.501902200000000084e+04 1.314590576171875000e+03
2.501910499999999956e+04 1.314594116210937500e+03
2.501918799999999828e+04 1.314598022460937500e+03
2.501927100000000064e+04 1.314603027343750000e+03
2.501935399999999936e+04 1.314608398437500000e+03
2.501943700000000172e+04 1.314614013671875000e+03
2.501952000000000044e+04 1.314650146484375000e+03
2.501960299999999916e+04 1.314656005859375000e+03
2.501968600000000151e+04 1.314670776367187500e+03
2.501976900000000023e+04 1.314675048828125000e+03
2.501985199999999895e+04 1.314678588867187500e+03
2.501993500000000131e+04 1.314681762695312500e+03
