2.500009800000000178e+04 8.702954292297363281e+00
2.500018100000000049e+04 7.041688919067382812e+00
2.500026399999999921e+04 5.728325366973876953e+00
2.500034700000000157e+04 4.683875560760498047e+00
2.500043000000000029e+04 4.277174472808837891e+00
2.500051299999999901e+04 5.753497123718261719e+00
2.500059600000000137e+04 9.322330474853515625e+00
2.500067900000000009e+04 9.376936912536621094e+00
2.500076199999999881e+04 9.354993820190429688e+00
2.500084500000000116e+04 9.222885131835937500e+00
2.500092799999999988e+04 7.645677089691162109e+00
2.500101099999999860e+04 6.350684642791748047e+00
2.500109400000000096e+04 5.300978660583496094e+00
2.500117699999999968e+04 4.442303657531738281e+00
2.500125999999999840e+04 3.738945007324218750e+00
2.500134300000000076e+04 3.160748243331909180e+00
2.500142599999999948e+04 2.691266298294067383e+00
2.500150899999999820e+04 3.762784242630004883e+00
2.500159200000000055e+04 9.277687072753906250e+00
2.500167499999999927e+04 9.321872711181640625e+00
2.500175800000000163e+04 9.325729370117187500e+00
2.500184100000000035e+04 9.298350334167480469e+00
2.500192399999999907e+04 7.896745204925537109e+00
2.500200700000000143e+04 6.722234725952148438e+00
2.500209000000000015e+04 5.738623619079589844e+00
2.500217299999999886e+04 4.915717124938964844e+00
2.500225600000000122e+04 4.225942611694335938e+00
2.500233899999999994e+04 3.643552303314208984e+00
2.500242199999999866e+04 3.159151554107666016e+00
2.500250500000000102e+04 4.508660793304443359e+00
2.500258799999999974e+04 9.292807579040527344e+00
2.500267099999999846e+04 9.338444709777832031e+00
2.500275400000000081e+04 9.335922241210937500e+00
2.500283699999999953e+04 9.290868759155273438e+00
2.500291999999999825e+04 8.045976638793945312e+00
2.500300300000000061e+04 6.968181133270263672e+00
2.500308599999999933e+04 6.056104660034179688e+00
2.500316900000000169e+04 5.274344444274902344e+00
2.500325200000000041e+04 4.612281322479248047e+00
2.500333499999999913e+04 4.036990165710449219e+00
2.500341800000000148e+04 3.555054664611816406e+00
2.500350100000000020e+04 5.139009952545166016e+00
2.500358399999999892e+04 9.318309783935546875e+00
2.500366700000000128e+04 9.359869956970214844e+00
2.500375000000000000e+04 9.404334068298339844e+00
2.500383299999999872e+04 9.327196121215820312e+00
2.500391600000000108e+04 8.187972068786621094e+00
2.500399899999999980e+04 7.192165851593017578e+00
2.500408199999999852e+04 6.335325241088867188e+00
2.500416500000000087e+04 5.591233253479003906e+00
2.500424799999999959e+04 4.948558330535888672e+00
2.500433099999999831e+04 4.387463569641113281e+00
2.500441400000000067e+04 3.908132553100585938e+00
2.500449699999999939e+04 5.718605041503906250e+00
2.500458000000000175e+04 9.343018531799316406e+00
2.500466300000000047e+04 9.362571716308593750e+00
2.500474599999999919e+04 9.370054244995117188e+00
2.500482900000000154e+04 9.350762367248535156e+00
2.500491200000000026e+04 9.122149467468261719e+00
2.500499499999999898e+04 8.119382858276367188e+00
2.500507800000000134e+04 7.226781845092773438e+00
2.500516100000000006e+04 6.443189620971679688e+00
2.500524399999999878e+04 5.762574195861816406e+00
2.500532700000000114e+04 5.158197402954101562e+00
2.500540999999999985e+04 4.634825706481933594e+00
2.500549299999999857e+04 6.220307350158691406e+00
2.500557600000000093e+04 9.347994804382324219e+00
2.500565899999999965e+04 9.377167701721191406e+00
2.500574199999999837e+04 9.378472328186035156e+00
2.500582500000000073e+04 9.366018295288085938e+00
2.500590799999999945e+04 9.200619697570800781e+00
2.500599100000000180e+04 8.261987686157226562e+00
2.500607400000000052e+04 7.415548801422119141e+00
2.500615699999999924e+04 6.673258304595947266e+00
2.500624000000000160e+04 6.018106460571289062e+00
2.500632300000000032e+04 5.434721469879150391e+00
2.500640599999999904e+04 4.922719955444335938e+00
2.500648900000000140e+04 6.642342090606689453e+00
2.500657200000000012e+04 9.356068611145019531e+00
2.500665499999999884e+04 9.389621734619140625e+00
2.500673800000000119e+04 9.395752906799316406e+00
2.500682099999999991e+04 9.379260063171386719e+00
2.500690399999999863e+04 9.260259628295898438e+00
2.500698700000000099e+04 8.374625205993652344e+00
2.500706999999999971e+04 7.575090885162353516e+00
2.500715299999999843e+04 6.865263462066650391e+00
2.500723600000000079e+04 6.234766483306884766e+00
2.500731899999999951e+04 5.670314788818359375e+00
2.500740199999999822e+04 5.171530723571777344e+00
2.500748500000000058e+04 7.008553504943847656e+00
2.500756799999999930e+04 9.371542930603027344e+00
2.500765100000000166e+04 9.403115272521972656e+00
2.500773400000000038e+04 9.409878730773925781e+00
2.500781699999999910e+04 9.403376579284667969e+00
2.500790000000000146e+04 9.279717445373535156e+00
2.500798300000000017e+04 8.448323249816894531e+00
2.500806599999999889e+04 7.696036338806152344e+00
2.500814900000000125e+04 7.017111778259277344e+00
2.500823199999999997e+04 6.410519123077392578e+00
2.500831499999999869e+04 5.862550258636474609e+00
2.500839800000000105e+04 5.378657341003417969e+00
2.500848099999999977e+04 7.303176879882812500e+00
2.500856399999999849e+04 9.387595176696777344e+00
2.500864700000000084e+04 9.413323402404785156e+00
2.500872999999999956e+04 9.419018745422363281e+00
2.500881299999999828e+04 9.404069900512695312e+00
2.500889600000000064e+04 9.312252044677734375e+00
2.500897899999999936e+04 8.522209167480468750e+00
2.500906200000000172e+04 7.799570083618164062e+00
2.500914500000000044e+04 7.147616863250732422e+00
2.500922799999999916e+04 6.563515186309814453e+00
2.500931100000000151e+04 6.033224105834960938e+00
2.500939400000000023e+04 5.559089183807373047e+00
2.500947699999999895e+04 6.912896156311035156e+00
2.500956000000000131e+04 9.378456115722656250e+00
2.500964300000000003e+04 9.415375709533691406e+00
2.500972599999999875e+04 9.467603683471679688e+00
2.500980900000000111e+04 9.490633964538574219e+00
2.500989199999999983e+04 9.330621719360351562e+00
2.500997499999999854e+04 8.558690071105957031e+00
2.501005800000000090e+04 7.869441032409667969e+00
2.501014099999999962e+04 7.227261543273925781e+00
2.501022399999999834e+04 6.666947364807128906e+00
2.501030700000000070e+04 6.153184413909912109e+00
2.501038999999999942e+04 5.695542335510253906e+00
2.501047300000000178e+04 7.123592853546142578e+00
2.501055600000000049e+04 9.378682136535644531e+00
2.501063899999999921e+04 9.409593582153320312e+00
2.501072200000000157e+04 9.416814804077148438e+00
2.501080500000000029e+04 9.401859283447265625e+00
2.501088799999999901e+04 9.307692527770996094e+00
2.501097100000000137e+04 8.595521926879882812e+00
2.501105400000000009e+04 7.935130596160888672e+00
2.501113699999999881e+04 7.336672306060791016e+00
2.501122000000000116e+04 6.789902687072753906e+00
2.501130299999999988e+04 6.293905258178710938e+00
2.501138599999999860e+04 5.844880104064941406e+00
2.501146900000000096e+04 7.312816143035888672e+00
2.501155199999999968e+04 9.395671844482421875e+00
2.501163499999999840e+04 9.422261238098144531e+00
2.501171800000000076e+04 9.427725791931152344e+00
2.501180099999999948e+04 9.418288230895996094e+00
2.501188399999999820e+04 9.339638710021972656e+00
2.501196700000000055e+04 8.647972106933593750e+00
2.501204999999999927e+04 8.017299652099609375e+00
2.501213300000000163e+04 7.434408187866210938e+00
2.501221600000000035e+04 6.902037620544433594e+00
2.501229899999999907e+04 6.416491985321044922e+00
2.501238200000000143e+04 5.978471279144287109e+00
2.501246500000000015e+04 7.506752014160156250e+00
2.501254799999999886e+04 9.402566909790039062e+00
2.501263100000000122e+04 9.432825088500976562e+00
2.501271399999999994e+04 9.434553146362304688e+00
2.501279699999999866e+04 9.429878234863281250e+00
2.501288000000000102e+04 9.403208732604980469e+00
2.501296299999999974e+04 8.736675262451171875e+00
2.501304599999999846e+04 8.118652343750000000e+00
2.501312900000000081e+04 7.545178413391113281e+00
2.501321199999999953e+04 7.027915000915527344e+00
2.501329499999999825e+04 6.552521228790283203e+00
2.501337800000000061e+04 6.115386009216308594e+00
2.501346099999999933e+04 7.019789218902587891e+00
2.501354400000000169e+04 9.407610893249511719e+00
2.501362700000000041e+04 9.436086654663085938e+00
2.501370999999999913e+04 9.444020271301269531e+00
2.501379300000000148e+04 9.438993453979492188e+00
2.501387600000000020e+04 9.410058975219726562e+00
2.501395899999999892e+04 8.775114059448242188e+00
2.501404200000000128e+04 8.171789169311523438e+00
2.501412500000000000e+04 7.616547584533691406e+00
2.501420799999999872e+04 7.111168384552001953e+00
2.501429100000000108e+04 6.645608901977539062e+00
2.501437399999999980e+04 6.218624114990234375e+00
2.501445699999999852e+04 7.150666236877441406e+00
2.501454000000000087e+04 9.417737007141113281e+00
2.501462299999999959e+04 9.440671920776367188e+00
2.501470599999999831e+04 9.455093383789062500e+00
2.501478900000000067e+04 9.452997207641601562e+00
2.501487199999999939e+04 9.418790817260742188e+00
2.501495500000000175e+04 8.802618026733398438e+00
2.501503800000000047e+04 8.217090606689453125e+00
2.501512099999999919e+04 7.677515983581542969e+00
2.501520400000000154e+04 7.184684753417968750e+00
2.501528700000000026e+04 6.726290225982666016e+00
2.501536999999999898e+04 6.310724735260009766e+00
2.501545300000000134e+04 7.269313335418701172e+00
2.501553600000000006e+04 9.423476219177246094e+00
2.501561899999999878e+04 9.448236465454101562e+00
2.501570200000000114e+04 9.467080116271972656e+00
2.501578499999999985e+04 9.458148002624511719e+00
2.501586799999999857e+04 9.432403564453125000e+00
2.501595100000000093e+04 8.830205917358398438e+00
2.501603399999999965e+04 8.255458831787109375e+00
2.501611699999999837e+04 7.734986305236816406e+00
2.501620000000000073e+04 7.247556686401367188e+00
2.501628299999999945e+04 6.803845405578613281e+00
2.501636600000000180e+04 6.397099494934082031e+00
2.501644900000000052e+04 7.366844654083251953e+00
2.501653199999999924e+04 9.431900024414062500e+00
2.501661500000000160e+04 9.467046737670898438e+00
2.501669800000000032e+04 9.475658416748046875e+00
2.501678099999999904e+04 9.473365783691406250e+00
2.501686400000000140e+04 9.452863693237304688e+00
2.501694700000000012e+04 8.862704277038574219e+00
2.501702999999999884e+04 8.309234619140625000e+00
2.501711300000000119e+04 7.791694164276123047e+00
2.501719599999999991e+04 7.318404674530029297e+00
2.501727899999999863e+04 6.876451969146728516e+00
2.501736200000000099e+04 6.477306842803955078e+00
2.501744499999999971e+04 7.464229106903076172e+00
2.501752799999999843e+04 9.433162689208984375e+00
2.501761100000000079e+04 9.471522331237792969e+00
2.501769399999999951e+04 9.483735084533691406e+00
2.501777699999999822e+04 9.480461120605468750e+00
2.501786000000000058e+04 9.459888458251953125e+00
2.501794299999999930e+04 8.889726638793945312e+00
2.501802600000000166e+04 8.346216201782226562e+00
2.501810900000000038e+04 7.837826251983642578e+00
2.501819199999999910e+04 7.369759559631347656e+00
2.501827500000000146e+04 6.940406322479248047e+00
2.501835800000000017e+04 6.546710491180419922e+00
2.501844099999999889e+04 6.859722137451171875e+00
2.501852400000000125e+04 9.419898033142089844e+00
2.501860699999999997e+04 9.481166839599609375e+00
2.501868999999999869e+04 9.494524955749511719e+00
2.501877300000000105e+04 9.497302055358886719e+00
2.501885599999999977e+04 9.465838432312011719e+00
2.501893899999999849e+04 8.910786628723144531e+00
2.501902200000000084e+04 8.372648239135742188e+00
2.501910499999999956e+04 7.878407001495361328e+00
2.501918799999999828e+04 7.425182819366455078e+00
2.501927100000000064e+04 7.000705242156982422e+00
2.501935399999999936e+04 6.605110168457031250e+00
2.501943700000000172e+04 6.937806606292724609e+00
2.501952000000000044e+04 9.444890022277832031e+00
2.501960299999999916e+04 9.487756729125976562e+00
2.501968600000000151e+04 9.509305000305175781e+00
2.501976900000000023e+04 9.498913764953613281e+00
2.501985199999999895e+04 9.478529930114746094e+00
2.501993500000000131e+04 8.932794570922851562e+00
