2.500009800000000178e+04 0.000000000000000000e+00
2.500018100000000049e+04 0.000000000000000000e+00
2.500026399999999921e+04 0.000000000000000000e+00
2.500034700000000157e+04 0.000000000000000000e+00
2.500043000000000029e+04 0.000000000000000000e+00
2.500051299999999901e+04 8.291403198242187500e+01
2.500059600000000137e+04 1.969501953125000000e+02
2.500067900000000009e+04 1.491012268066406250e+02
2.500076199999999881e+04 2.225692033767700195e+00
2.500084500000000116e+04 0.000000000000000000e+00
2.500092799999999988e+04 0.000000000000000000e+00
2.500101099999999860e+04 0.000000000000000000e+00
2.500109400000000096e+04 0.000000000000000000e+00
2.500117699999999968e+04 0.000000000000000000e+00
2.500125999999999840e+04 0.000000000000000000e+00
2.500134300000000076e+04 0.000000000000000000e+00
2.500142599999999948e+04 0.000000000000000000e+00
2.500150899999999820e+04 5.721118927001953125e+01
2.500159200000000055e+04 1.850650482177734375e+02
2.500167499999999927e+04 1.448937835693359375e+02
2.500175800000000163e+04 2.924416542053222656e+00
2.500184100000000035e+04 0.000000000000000000e+00
2.500192399999999907e+04 0.000000000000000000e+00
2.500200700000000143e+04 0.000000000000000000e+00
2.500209000000000015e+04 0.000000000000000000e+00
2.500217299999999886e+04 0.000000000000000000e+00
2.500225600000000122e+04 0.000000000000000000e+00
2.500233899999999994e+04 0.000000000000000000e+00
2.500242199999999866e+04 0.000000000000000000e+00
2.500250500000000102e+04 6.249686813354492188e+01
2.500258799999999974e+04 1.857102966308593750e+02
2.500267099999999846e+04 1.457962341308593750e+02
2.500275400000000081e+04 3.458629131317138672e+00
2.500283699999999953e+04 0.000000000000000000e+00
2.500291999999999825e+04 0.000000000000000000e+00
2.500300300000000061e+04 0.000000000000000000e+00
2.500308599999999933e+04 0.000000000000000000e+00
2.500316900000000169e+04 0.000000000000000000e+00
2.500325200000000041e+04 0.000000000000000000e+00
2.500333499999999913e+04 0.000000000000000000e+00
2.500341800000000148e+04 0.000000000000000000e+00
2.500350100000000020e+04 6.674730682373046875e+01
2.500358399999999892e+04 1.898956298828125000e+02
2.500366700000000128e+04 1.479954376220703125e+02
2.500375000000000000e+04 3.923882007598876953e+00
2.500383299999999872e+04 0.000000000000000000e+00
2.500391600000000108e+04 0.000000000000000000e+00
2.500399899999999980e+04 0.000000000000000000e+00
2.500408199999999852e+04 0.000000000000000000e+00
2.500416500000000087e+04 0.000000000000000000e+00
2.500424799999999959e+04 0.000000000000000000e+00
2.500433099999999831e+04 0.000000000000000000e+00
2.500441400000000067e+04 0.000000000000000000e+00
2.500449699999999939e+04 6.708894348144531250e+01
2.500458000000000175e+04 1.937676849365234375e+02
2.500466300000000047e+04 1.767415771484375000e+02
2.500474599999999919e+04 3.479061126708984375e+01
2.500482900000000154e+04 0.000000000000000000e+00
2.500491200000000026e+04 0.000000000000000000e+00
2.500499499999999898e+04 0.000000000000000000e+00
2.500507800000000134e+04 0.000000000000000000e+00
2.500516100000000006e+04 0.000000000000000000e+00
2.500524399999999878e+04 0.000000000000000000e+00
2.500532700000000114e+04 0.000000000000000000e+00
2.500540999999999985e+04 0.000000000000000000e+00
2.500549299999999857e+04 5.482698059082031250e+01
2.500557600000000093e+04 1.686770782470703125e+02
2.500565899999999965e+04 1.753382720947265625e+02
2.500574199999999837e+04 3.536323928833007812e+01
2.500582500000000073e+04 3.874368965625762939e-03
2.500590799999999945e+04 0.000000000000000000e+00
2.500599100000000180e+04 0.000000000000000000e+00
2.500607400000000052e+04 0.000000000000000000e+00
2.500615699999999924e+04 0.000000000000000000e+00
2.500624000000000160e+04 0.000000000000000000e+00
2.500632300000000032e+04 0.000000000000000000e+00
2.500640599999999904e+04 0.000000000000000000e+00
2.500648900000000140e+04 5.506035614013671875e+01
2.500657200000000012e+04 1.691860809326171875e+02
2.500665499999999884e+04 1.758971557617187500e+02
2.500673800000000119e+04 3.585168838500976562e+01
2.500682099999999991e+04 0.000000000000000000e+00
2.500690399999999863e+04 0.000000000000000000e+00
2.500698700000000099e+04 0.000000000000000000e+00
2.500706999999999971e+04 0.000000000000000000e+00
2.500715299999999843e+04 0.000000000000000000e+00
2.500723600000000079e+04 0.000000000000000000e+00
2.500731899999999951e+04 0.000000000000000000e+00
2.500740199999999822e+04 0.000000000000000000e+00
2.500748500000000058e+04 5.548000335693359375e+01
2.500756799999999930e+04 1.705270385742187500e+02
2.500765100000000166e+04 1.775498199462890625e+02
2.500773400000000038e+04 3.626656723022460938e+01
2.500781699999999910e+04 0.000000000000000000e+00
2.500790000000000146e+04 0.000000000000000000e+00
2.500798300000000017e+04 0.000000000000000000e+00
2.500806599999999889e+04 0.000000000000000000e+00
2.500814900000000125e+04 0.000000000000000000e+00
2.500823199999999997e+04 0.000000000000000000e+00
2.500831499999999869e+04 0.000000000000000000e+00
2.500839800000000105e+04 0.000000000000000000e+00
2.500848099999999977e+04 5.796257400512695312e+01
2.500856399999999849e+04 1.723874053955078125e+02
2.500864700000000084e+04 2.064810638427734375e+02
2.500872999999999956e+04 6.931726837158203125e+01
2.500881299999999828e+04 7.135272622108459473e-01
2.500889600000000064e+04 0.000000000000000000e+00
2.500897899999999936e+04 0.000000000000000000e+00
2.500906200000000172e+04 0.000000000000000000e+00
2.500914500000000044e+04 0.000000000000000000e+00
2.500922799999999916e+04 0.000000000000000000e+00
2.500931100000000151e+04 0.000000000000000000e+00
2.500939400000000023e+04 0.000000000000000000e+00
2.500947699999999895e+04 4.301478195190429688e+01
2.500956000000000131e+04 1.383522338867187500e+02
2.500964300000000003e+04 1.907226562500000000e+02
2.500972599999999875e+04 6.820138549804687500e+01
2.500980900000000111e+04 7.946414947509765625e-01
2.500989199999999983e+04 0.000000000000000000e+00
2.500997499999999854e+04 0.000000000000000000e+00
2.501005800000000090e+04 0.000000000000000000e+00
2.501014099999999962e+04 0.000000000000000000e+00
2.501022399999999834e+04 0.000000000000000000e+00
2.501030700000000070e+04 0.000000000000000000e+00
2.501038999999999942e+04 0.000000000000000000e+00
2.501047300000000178e+04 4.314189147949218750e+01
2.501055600000000049e+04 1.404367675781250000e+02
2.501063899999999921e+04 1.911607666015625000e+02
2.501072200000000157e+04 6.852098846435546875e+01
2.501080500000000029e+04 8.646596074104309082e-01
2.501088799999999901e+04 0.000000000000000000e+00
2.501097100000000137e+04 0.000000000000000000e+00
2.501105400000000009e+04 0.000000000000000000e+00
2.501113699999999881e+04 0.000000000000000000e+00
2.501122000000000116e+04 0.000000000000000000e+00
2.501130299999999988e+04 0.000000000000000000e+00
2.501138599999999860e+04 0.000000000000000000e+00
2.501146900000000096e+04 4.342445755004882812e+01
2.501155199999999968e+04 1.407053985595703125e+02
2.501163499999999840e+04 1.917857360839843750e+02
2.501171800000000076e+04 6.889899444580078125e+01
2.501180099999999948e+04 9.293693304061889648e-01
2.501188399999999820e+04 0.000000000000000000e+00
2.501196700000000055e+04 0.000000000000000000e+00
2.501204999999999927e+04 0.000000000000000000e+00
2.501213300000000163e+04 0.000000000000000000e+00
2.501221600000000035e+04 0.000000000000000000e+00
2.501229899999999907e+04 0.000000000000000000e+00
2.501238200000000143e+04 0.000000000000000000e+00
2.501246500000000015e+04 4.529196166992187500e+01
2.501254799999999886e+04 1.410664978027343750e+02
2.501263100000000122e+04 1.934246520996093750e+02
2.501271399999999994e+04 1.023299407958984375e+02
2.501279699999999866e+04 2.302973508834838867e+00
2.501288000000000102e+04 0.000000000000000000e+00
2.501296299999999974e+04 0.000000000000000000e+00
2.501304599999999846e+04 0.000000000000000000e+00
2.501312900000000081e+04 0.000000000000000000e+00
2.501321199999999953e+04 0.000000000000000000e+00
2.501329499999999825e+04 0.000000000000000000e+00
2.501337800000000061e+04 0.000000000000000000e+00
2.501346099999999933e+04 2.929052162170410156e+01
2.501354400000000169e+04 1.168110580444335938e+02
2.501362700000000041e+04 1.967581787109375000e+02
2.501370999999999913e+04 9.870545959472656250e+01
2.501379300000000148e+04 2.645476102828979492e+00
2.501387600000000020e+04 0.000000000000000000e+00
2.501395899999999892e+04 0.000000000000000000e+00
2.501404200000000128e+04 0.000000000000000000e+00
2.501412500000000000e+04 0.000000000000000000e+00
2.501420799999999872e+04 0.000000000000000000e+00
2.501429100000000108e+04 0.000000000000000000e+00
2.501437399999999980e+04 0.000000000000000000e+00
2.501445699999999852e+04 3.093484306335449219e+01
2.501454000000000087e+04 1.170060806274414062e+02
2.501462299999999959e+04 1.980684204101562500e+02
2.501470599999999831e+04 9.923322296142578125e+01
2.501478900000000067e+04 2.695315837860107422e+00
2.501487199999999939e+04 0.000000000000000000e+00
2.501495500000000175e+04 0.000000000000000000e+00
2.501503800000000047e+04 0.000000000000000000e+00
2.501512099999999919e+04 0.000000000000000000e+00
2.501520400000000154e+04 0.000000000000000000e+00
2.501528700000000026e+04 0.000000000000000000e+00
2.501536999999999898e+04 0.000000000000000000e+00
2.501545300000000134e+04 3.100503540039062500e+01
2.501553600000000006e+04 1.186550140380859375e+02
2.501561899999999878e+04 1.983947448730468750e+02
2.501570200000000114e+04 9.947265625000000000e+01
2.501578499999999985e+04 2.565526962280273438e+00
2.501586799999999857e+04 0.000000000000000000e+00
2.501595100000000093e+04 0.000000000000000000e+00
2.501603399999999965e+04 0.000000000000000000e+00
2.501611699999999837e+04 0.000000000000000000e+00
2.501620000000000073e+04 0.000000000000000000e+00
2.501628299999999945e+04 0.000000000000000000e+00
2.501636600000000180e+04 0.000000000000000000e+00
2.501644900000000052e+04 3.106903076171875000e+01
2.501653199999999924e+04 1.188049087524414062e+02
2.501661500000000160e+04 1.989996795654296875e+02
2.501669800000000032e+04 1.328079376220703125e+02
2.501678099999999904e+04 4.335723876953125000e+00
2.501686400000000140e+04 0.000000000000000000e+00
2.501694700000000012e+04 0.000000000000000000e+00
2.501702999999999884e+04 0.000000000000000000e+00
2.501711300000000119e+04 0.000000000000000000e+00
2.501719599999999991e+04 0.000000000000000000e+00
2.501727899999999863e+04 0.000000000000000000e+00
2.501736200000000099e+04 0.000000000000000000e+00
2.501744499999999971e+04 1.641136932373046875e+01
2.501752799999999843e+04 9.772614288330078125e+01
2.501761100000000079e+04 1.995100708007812500e+02
2.501769399999999951e+04 1.298762207031250000e+02
2.501777699999999822e+04 4.410224914550781250e+00
2.501786000000000058e+04 0.000000000000000000e+00
2.501794299999999930e+04 0.000000000000000000e+00
2.501802600000000166e+04 0.000000000000000000e+00
2.501810900000000038e+04 0.000000000000000000e+00
2.501819199999999910e+04 0.000000000000000000e+00
2.501827500000000146e+04 0.000000000000000000e+00
2.501835800000000017e+04 0.000000000000000000e+00
2.501844099999999889e+04 1.644768142700195312e+01
2.501852400000000125e+04 9.792028808593750000e+01
2.501860699999999997e+04 1.994682006835937500e+02
2.501868999999999869e+04 1.305185394287109375e+02
2.501877300000000105e+04 4.477695941925048828e+00
2.501885599999999977e+04 0.000000000000000000e+00
2.501893899999999849e+04 0.000000000000000000e+00
2.501902200000000084e+04 0.000000000000000000e+00
2.501910499999999956e+04 0.000000000000000000e+00
2.501918799999999828e+04 0.000000000000000000e+00
2.501927100000000064e+04 0.000000000000000000e+00
2.501935399999999936e+04 0.000000000000000000e+00
2.501943700000000172e+04 1.648125648498535156e+01
2.501952000000000044e+04 9.940550994873046875e+01
2.501960299999999916e+04 2.010140380859375000e+02
2.501968600000000151e+04 1.308353729248046875e+02
2.501976900000000023e+04 4.539001941680908203e+00
2.501985199999999895e+04 0.000000000000000000e+00
2.501993500000000131e+04 0.000000000000000000e+00
