2.500009800000000178e+04 2.260117558762431145e-03
2.500018100000000049e+04 2.260131295770406723e-03
2.500026399999999921e+04 2.260145964100956917e-03
2.500034700000000157e+04 2.260160632431507111e-03
2.500043000000000029e+04 2.260175067931413651e-03
2.500051299999999901e+04 2.260189037770032883e-03
2.500059600000000137e+04 2.260225592181086540e-03
2.500067900000000009e+04 2.555956598371267319e-03
2.500076199999999881e+04 2.533616730943322182e-03
2.500084500000000116e+04 2.572030760347843170e-03
2.500092799999999988e+04 2.555736107751727104e-03
2.500101099999999860e+04 2.542334143072366714e-03
2.500109400000000096e+04 2.530676079913973808e-03
2.500117699999999968e+04 2.520531648769974709e-03
2.500125999999999840e+04 2.511704573407769203e-03
2.500134300000000076e+04 2.504026750102639198e-03
2.500142599999999948e+04 2.497353823855519295e-03
2.500150899999999820e+04 2.491560764610767365e-03
2.500159200000000055e+04 2.486556768417358398e-03
2.500167499999999927e+04 2.619265578687191010e-03
2.500175800000000163e+04 2.605618909001350403e-03
2.500184100000000035e+04 2.633606549352407455e-03
2.500192399999999907e+04 2.621376886963844299e-03
2.500200700000000143e+04 2.611103001981973648e-03
2.500209000000000015e+04 2.602176973596215248e-03
2.500217299999999886e+04 2.594427904114127159e-03
2.500225600000000122e+04 2.587709343060851097e-03
2.500233899999999994e+04 2.581894863396883011e-03
2.500242199999999866e+04 2.576874569058418274e-03
2.500250500000000102e+04 2.572552766650915146e-03
2.500258799999999974e+04 2.568863099440932274e-03
2.500267099999999846e+04 2.688972279429435730e-03
2.500275400000000081e+04 2.678669989109039307e-03
2.500283699999999953e+04 2.704466460272669792e-03
2.500291999999999825e+04 2.694941824302077293e-03
2.500300300000000061e+04 2.686836989596486092e-03
2.500308599999999933e+04 2.679809927940368652e-03
2.500316900000000169e+04 2.673727693036198616e-03
2.500325200000000041e+04 2.668475965037941933e-03
2.500333499999999913e+04 2.663955325260758400e-03
2.500341800000000148e+04 2.660078927874565125e-03
2.500350100000000020e+04 2.656770404428243637e-03
2.500358399999999892e+04 2.653981093317270279e-03
2.500366700000000128e+04 2.764125354588031769e-03
2.500375000000000000e+04 2.756114583462476730e-03
2.500383299999999872e+04 2.780103357508778572e-03
2.500391600000000108e+04 2.772468607872724533e-03
2.500399899999999980e+04 2.765893470495939255e-03
2.500408199999999852e+04 2.760204253718256950e-03
2.500416500000000087e+04 2.755293855443596840e-03
2.500424799999999959e+04 2.751070074737071991e-03
2.500433099999999831e+04 2.747452119365334511e-03
2.500441400000000067e+04 2.744368277490139008e-03
2.500449699999999939e+04 2.741756848990917206e-03
2.500458000000000175e+04 2.739580580964684486e-03
2.500466300000000047e+04 2.841516630724072456e-03
2.500474599999999919e+04 2.835133578628301620e-03
2.500482900000000154e+04 2.857574960216879845e-03
2.500491200000000026e+04 2.851295284926891327e-03
2.500499499999999898e+04 2.845821902155876160e-03
2.500507800000000134e+04 2.841092646121978760e-03
2.500516100000000006e+04 2.837019274011254311e-03
2.500524399999999878e+04 2.833524718880653381e-03
2.500532700000000114e+04 2.830541692674160004e-03
2.500540999999999985e+04 2.828010357916355133e-03
2.500549299999999857e+04 2.825878560543060303e-03
2.500557600000000093e+04 2.824115101248025894e-03
2.500565899999999965e+04 2.919125836342573166e-03
2.500574199999999837e+04 2.913912758231163025e-03
2.500582500000000073e+04 2.934991614893078804e-03
2.500590799999999945e+04 2.929701702669262886e-03
2.500599100000000180e+04 2.925033681094646454e-03
2.500607400000000052e+04 2.921001985669136047e-03
2.500615699999999924e+04 2.917531644925475121e-03
2.500624000000000160e+04 2.914557699114084244e-03
2.500632300000000032e+04 2.912022639065980911e-03
2.500640599999999904e+04 2.909875242039561272e-03
2.500648900000000140e+04 2.908070804551243782e-03
2.500657200000000012e+04 2.906585345044732094e-03
2.500665499999999884e+04 2.995679387822747231e-03
2.500673800000000119e+04 2.991323126479983330e-03
2.500682099999999991e+04 3.011191729456186295e-03
2.500690399999999863e+04 3.006633603945374489e-03
2.500698700000000099e+04 3.002559533342719078e-03
2.500706999999999971e+04 2.999037737026810646e-03
2.500715299999999843e+04 2.996003720909357071e-03
2.500723600000000079e+04 2.993400674313306808e-03
2.500731899999999951e+04 2.991179469972848892e-03
2.500740199999999822e+04 2.989295637235045433e-03
2.500748500000000058e+04 2.987710293382406235e-03
2.500756799999999930e+04 2.986404579132795334e-03
2.500765100000000166e+04 3.070379607379436493e-03
2.500773400000000038e+04 3.066633595153689384e-03
2.500781699999999910e+04 3.085421631112694740e-03
2.500790000000000146e+04 3.081411821767687798e-03
2.500798300000000017e+04 3.077780595049262047e-03
2.500806599999999889e+04 3.074634820222854614e-03
2.500814900000000125e+04 3.071917919442057610e-03
2.500823199999999997e+04 3.069580532610416412e-03
2.500831499999999869e+04 3.067579120397567749e-03
2.500839800000000105e+04 3.065874567255377769e-03
2.500848099999999977e+04 3.064432879909873009e-03
2.500856399999999849e+04 3.063239622861146927e-03
2.500864700000000084e+04 3.142752451822161674e-03
2.500872999999999956e+04 3.139514708891510963e-03
2.500881299999999828e+04 3.157335566356778145e-03
2.500889600000000064e+04 3.153734141960740089e-03
2.500897899999999936e+04 3.150429576635360718e-03
2.500906200000000172e+04 3.147556446492671967e-03
2.500914500000000044e+04 3.145064925774931908e-03
2.500922799999999916e+04 3.142911009490489960e-03
2.500931100000000151e+04 3.141055814921855927e-03
2.500939400000000023e+04 3.139464883133769035e-03
2.500947699999999895e+04 3.138107480481266975e-03
2.500956000000000131e+04 3.136969171464443207e-03
2.500964300000000003e+04 3.212550655007362366e-03
2.500972599999999875e+04 3.209663089364767075e-03
2.500980900000000111e+04 3.226605709642171860e-03
2.500989199999999983e+04 3.223309526219964027e-03
2.500997499999999854e+04 3.220246406272053719e-03
2.501005800000000090e+04 3.217570716515183449e-03
2.501014099999999962e+04 3.206709632650017738e-03
2.501022399999999834e+04 3.204685403034090996e-03
2.501030700000000070e+04 3.202929161489009857e-03
2.501038999999999942e+04 3.201409243047237396e-03
2.501047300000000178e+04 3.200098406523466110e-03
2.501055600000000049e+04 3.198985243216156960e-03
2.501063899999999921e+04 3.270905232056975365e-03
2.501072200000000157e+04 3.268284955993294716e-03
2.501080500000000029e+04 3.284388221800327301e-03
2.501088799999999901e+04 3.281328128650784492e-03
2.501097100000000137e+04 3.278450109064579010e-03
2.501105400000000009e+04 3.275922266766428947e-03
2.501113699999999881e+04 3.273704089224338531e-03
2.501122000000000116e+04 3.271759720519185066e-03
2.501130299999999988e+04 3.270058194175362587e-03
2.501138599999999860e+04 3.268570872023701668e-03
2.501146900000000096e+04 3.267273074015974998e-03
2.501155199999999968e+04 3.266155254095792770e-03
2.501163499999999840e+04 3.335016313940286636e-03
2.501171800000000076e+04 3.332586959004402161e-03
2.501180099999999948e+04 3.347972407937049866e-03
2.501188399999999820e+04 3.345080418512225151e-03
2.501196700000000055e+04 3.342330222949385643e-03
2.501204999999999927e+04 3.339899936690926552e-03
2.501213300000000163e+04 3.337752539664506912e-03
2.501221600000000035e+04 3.335855435580015182e-03
2.501229899999999907e+04 3.334180219098925591e-03
2.501238200000000143e+04 3.332700580358505249e-03
2.501246500000000015e+04 3.331393934786319733e-03
2.501254799999999886e+04 3.330252831801772118e-03
2.501263100000000122e+04 3.396391402930021286e-03
2.501271399999999994e+04 3.394101280719041824e-03
2.501279699999999866e+04 3.408841323107481003e-03
2.501288000000000102e+04 3.406072733923792839e-03
2.501296299999999974e+04 3.403413342311978340e-03
2.501304599999999846e+04 3.401048248633742332e-03
2.501312900000000081e+04 3.398943692445755005e-03
2.501321199999999953e+04 3.397069405764341354e-03
2.501329499999999825e+04 3.395399544388055801e-03
2.501337800000000061e+04 3.393909428268671036e-03
2.501346099999999933e+04 3.392578568309545517e-03
2.501354400000000169e+04 3.391396719962358475e-03
2.501362700000000041e+04 3.455090802162885666e-03
2.501370999999999913e+04 3.452911274507641792e-03
2.501379300000000148e+04 3.467058297246694565e-03
2.501387600000000020e+04 3.464378882199525833e-03
2.501395899999999892e+04 3.461781889200210571e-03
2.501404200000000128e+04 3.459457540884613991e-03
2.501412500000000000e+04 3.457374870777130127e-03
2.501420799999999872e+04 3.455505706369876862e-03
2.501429100000000108e+04 3.453825600445270538e-03
2.501437399999999980e+04 3.452312201261520386e-03
2.501445699999999852e+04 3.450946183875203133e-03
2.501454000000000087e+04 3.449719166383147240e-03
2.501462299999999959e+04 3.511233255267143250e-03
2.501470599999999831e+04 3.509124275296926498e-03
2.501478900000000067e+04 3.522730898112058640e-03
2.501487199999999939e+04 3.520114347338676453e-03
2.501495500000000175e+04 3.517558099702000618e-03
2.501503800000000047e+04 3.515256335958838463e-03
2.501512099999999919e+04 3.513179719448089600e-03
2.501520400000000154e+04 3.511302405968308449e-03
2.501528700000000026e+04 3.509601345285773277e-03
2.501536999999999898e+04 3.508056048303842545e-03
2.501545300000000134e+04 3.506647655740380287e-03
2.501553600000000006e+04 3.505369415506720543e-03
2.501561899999999878e+04 3.564923768863081932e-03
2.501570200000000114e+04 3.562862053513526917e-03
2.501578499999999985e+04 3.575975773856043816e-03
2.501586799999999857e+04 3.573401831090450287e-03
2.501595100000000093e+04 3.570870030671358109e-03
2.501603399999999965e+04 3.568576881662011147e-03
2.501611699999999837e+04 3.566495142877101898e-03
2.501620000000000073e+04 3.564600367099046707e-03
2.501628299999999945e+04 3.562870668247342110e-03
2.501636600000000180e+04 3.561286954209208488e-03
2.501644900000000052e+04 3.559831529855728149e-03
2.501653199999999924e+04 3.558498807251453400e-03
2.501661500000000160e+04 3.616285743191838264e-03
2.501669800000000032e+04 3.614254295825958252e-03
2.501678099999999904e+04 3.626924240961670876e-03
2.501686400000000140e+04 3.624377539381384850e-03
2.501694700000000012e+04 3.621857846155762672e-03
2.501702999999999884e+04 3.619563067331910133e-03
2.501711300000000119e+04 3.617467824369668961e-03
2.501719599999999991e+04 3.615548368543386459e-03
2.501727899999999863e+04 3.613784909248352051e-03
2.501736200000000099e+04 3.612158820033073425e-03
2.501744499999999971e+04 3.610653802752494812e-03
2.501752799999999843e+04 3.609259845688939095e-03
2.501761100000000079e+04 3.665435360744595528e-03
2.501769399999999951e+04 3.663431853055953979e-03
2.501777699999999822e+04 3.675688989460468292e-03
2.501786000000000058e+04 3.673157887533307076e-03
2.501794299999999930e+04 3.670640988275408745e-03
2.501802600000000166e+04 3.668336896225810051e-03
2.501810900000000038e+04 3.666221862658858299e-03
2.501819199999999910e+04 3.664273768663406372e-03
2.501827500000000146e+04 3.662472823634743690e-03
2.501835800000000017e+04 3.660802263766527176e-03
2.501844099999999889e+04 3.659246256574988365e-03
2.501852400000000125e+04 3.657795488834381104e-03
2.501860699999999997e+04 3.712520934641361237e-03
2.501868999999999869e+04 3.710524179041385651e-03
2.501877300000000105e+04 3.722403198480606079e-03
2.501885599999999977e+04 3.719878382980823517e-03
2.501893899999999849e+04 3.717357292771339417e-03
2.501902200000000084e+04 3.715038532391190529e-03
2.501910499999999956e+04 3.712899750098586082e-03
2.501918799999999828e+04 3.710919525474309921e-03
2.501927100000000064e+04 3.709079464897513390e-03
2.501935399999999936e+04 3.707363270223140717e-03
2.501943700000000172e+04 3.705755807459354401e-03
2.501952000000000044e+04 3.704248927533626556e-03
2.501960299999999916e+04 3.757655620574951172e-03
2.501968600000000151e+04 3.755658166483044624e-03
2.501976900000000023e+04 3.767189569771289825e-03
2.501985199999999895e+04 3.764664521440863609e-03
2.501993500000000131e+04 3.762133885174989700e-03
