1.998009200000000055e+04 6.600543823242187500e+02
1.998017499999999927e+04 6.600606079101562500e+02
1.998025800000000163e+04 6.600684204101562500e+02
1.998034100000000035e+04 6.600770874023437500e+02
1.998042399999999907e+04 6.600852661132812500e+02
1.998050700000000143e+04 6.600891113281250000e+02
1.998059000000000015e+04 6.600884399414062500e+02
1.998067299999999886e+04 6.600923461914062500e+02
1.998075600000000122e+04 6.600988159179687500e+02
1.998083899999999994e+04 6.601048583984375000e+02
1.998092199999999866e+04 6.601097412109375000e+02
1.998100500000000102e+04 6.601153564453125000e+02
1.998108799999999974e+04 6.601210327148437500e+02
1.998117099999999846e+04 6.601272583007812500e+02
1.998125400000000081e+04 6.601350708007812500e+02
1.998133699999999953e+04 6.601437377929687500e+02
1.998141999999999825e+04 6.601519165039062500e+02
1.998150300000000061e+04 6.601557006835937500e+02
1.998158599999999933e+04 6.601550292968750000e+02
1.998166900000000169e+04 6.601584472656250000e+02
1.998175200000000041e+04 6.601649169921875000e+02
1.998183499999999913e+04 6.601708984375000000e+02
1.998191800000000148e+04 6.601757812500000000e+02
1.998200100000000020e+04 6.601814575195312500e+02
1.998208399999999892e+04 6.601871337890625000e+02
1.998216700000000128e+04 6.601932373046875000e+02
1.998225000000000000e+04 6.602010498046875000e+02
1.998233299999999872e+04 6.602097167968750000e+02
1.998241600000000108e+04 6.602178955078125000e+02
1.998249899999999980e+04 6.602216796875000000e+02
1.998258199999999852e+04 6.602210693359375000e+02
1.998266500000000087e+04 6.602244873046875000e+02
1.998274799999999959e+04 6.602301635742187500e+02
1.998283099999999831e+04 6.602362060546875000e+02
1.998291400000000067e+04 6.602413330078125000e+02
1.998299699999999939e+04 6.602468261718750000e+02
1.998308000000000175e+04 6.602525024414062500e+02
1.998316300000000047e+04 6.602586059570312500e+02
1.998324599999999919e+04 6.602664794921875000e+02
1.998332900000000154e+04 6.602749633789062500e+02
1.998341200000000026e+04 6.602831420898437500e+02
1.998349499999999898e+04 6.602878417968750000e+02
1.998357800000000134e+04 6.602880859375000000e+02
1.998366100000000006e+04 6.602903442382812500e+02
1.998374399999999878e+04 6.602958984375000000e+02
1.998382700000000114e+04 6.603020019531250000e+02
1.998390999999999985e+04 6.603071289062500000e+02
1.998399299999999857e+04 6.603126220703125000e+02
1.998407600000000093e+04 6.603182983398437500e+02
1.998415899999999965e+04 6.603244018554687500e+02
1.998424199999999837e+04 6.603319091796875000e+02
1.998432500000000073e+04 6.603403930664062500e+02
1.998440799999999945e+04 6.603486938476562500e+02
1.998449100000000180e+04 6.603533935546875000e+02
1.998457400000000052e+04 6.603536376953125000e+02
1.998465699999999924e+04 6.603558959960937500e+02
1.998474000000000160e+04 6.603615112304687500e+02
1.998482300000000032e+04 6.603676147460937500e+02
1.998490599999999904e+04 6.603727416992187500e+02
1.998498900000000140e+04 6.603782348632812500e+02
1.998507200000000012e+04 6.603839111328125000e+02
1.998515499999999884e+04 6.603900146484375000e+02
1.998523800000000119e+04 6.603975219726562500e+02
1.998532099999999991e+04 6.604060058593750000e+02
1.998540399999999863e+04 6.604143066406250000e+02
1.998548700000000099e+04 6.604190063476562500e+02
1.998556999999999971e+04 6.604192504882812500e+02
1.998565299999999843e+04 6.604215087890625000e+02
1.998573600000000079e+04 6.604270629882812500e+02
1.998581899999999951e+04 6.604331665039062500e+02
1.998590199999999822e+04 6.604382934570312500e+02
1.998598500000000058e+04 6.604437866210937500e+02
1.998606799999999930e+04 6.604494628906250000e+02
1.998615100000000166e+04 6.604554443359375000e+02
1.998623400000000038e+04 6.604630126953125000e+02
1.998631699999999910e+04 6.604714965820312500e+02
1.998640000000000146e+04 6.604797363281250000e+02
1.998648300000000017e+04 6.604844360351562500e+02
1.998656599999999889e+04 6.604846801757812500e+02
1.998664900000000125e+04 6.604869384765625000e+02
1.998673199999999997e+04 6.604916992187500000e+02
1.998681499999999869e+04 6.604978027343750000e+02
1.998689800000000105e+04 6.605031738281250000e+02
1.998698099999999977e+04 6.605085449218750000e+02
1.998706399999999849e+04 6.605141601562500000e+02
1.998714700000000084e+04 6.605202026367187500e+02
1.998722999999999956e+04 6.605277099609375000e+02
1.998731299999999828e+04 6.605361938476562500e+02
1.998739600000000064e+04 6.605444946289062500e+02
1.998747899999999936e+04 6.605500488281250000e+02
1.998756200000000172e+04 6.605511474609375000e+02
1.998764500000000044e+04 6.605521850585937500e+02
1.998772799999999916e+04 6.605575561523437500e+02
1.998781100000000151e+04 6.605639038085937500e+02
1.998789400000000023e+04 6.605692749023437500e+02
1.998797699999999895e+04 6.605745849609375000e+02
1.998806000000000131e+04 6.605802612304687500e+02
1.998814300000000003e+04 6.605862426757812500e+02
1.998822599999999875e+04 6.605934448242187500e+02
1.998830900000000111e+04 6.606018066406250000e+02
1.998839199999999983e+04 6.606101074218750000e+02
1.998847499999999854e+04 6.606156616210937500e+02
1.998855800000000090e+04 6.606168212890625000e+02
1.998864099999999962e+04 6.606178588867187500e+02
1.998872399999999834e+04 6.606232910156250000e+02
1.998880700000000070e+04 6.606296386718750000e+02
1.998888999999999942e+04 6.606350097656250000e+02
1.998897300000000178e+04 6.606403198242187500e+02
1.998905600000000049e+04 6.606459960937500000e+02
1.998913899999999921e+04 6.606519775390625000e+02
1.998922200000000157e+04 6.606591796875000000e+02
1.998930500000000029e+04 6.606674804687500000e+02
1.998938799999999901e+04 6.606758422851562500e+02
1.998947100000000137e+04 6.606813964843750000e+02
1.998955400000000009e+04 6.606825561523437500e+02
1.998963699999999881e+04 6.606835937500000000e+02
1.998972000000000116e+04 6.606889648437500000e+02
1.998980299999999988e+04 6.606953125000000000e+02
1.998988599999999860e+04 6.607006835937500000e+02
1.998996900000000096e+04 6.607059936523437500e+02
1.999005199999999968e+04 6.607116699218750000e+02
1.999013499999999840e+04 6.607176513671875000e+02
1.999021800000000076e+04 6.607248535156250000e+02
1.999030099999999948e+04 6.607331542968750000e+02
1.999038399999999820e+04 6.607415161132812500e+02
1.999046700000000055e+04 6.607470703125000000e+02
1.999054999999999927e+04 6.607482299804687500e+02
1.999063300000000163e+04 6.607492675781250000e+02
1.999071600000000035e+04 6.607546386718750000e+02
1.999079899999999907e+04 6.607610473632812500e+02
1.999088200000000143e+04 6.607666625976562500e+02
1.999096500000000015e+04 6.607720336914062500e+02
1.999104799999999886e+04 6.607776489257812500e+02
1.999113100000000122e+04 6.607835693359375000e+02
1.999121399999999994e+04 6.607907104492187500e+02
1.999129699999999866e+04 6.607990722656250000e+02
1.999138000000000102e+04 6.608074340820312500e+02
1.999146299999999974e+04 6.608138427734375000e+02
1.999154599999999846e+04 6.608150024414062500e+02
1.999162900000000081e+04 6.608154907226562500e+02
1.999171199999999953e+04 6.608204345703125000e+02
1.999179499999999825e+04 6.608268432617187500e+02
1.999187800000000061e+04 6.608323974609375000e+02
1.999196099999999933e+04 6.608375854492187500e+02
1.999204400000000169e+04 6.608432617187500000e+02
1.999212700000000041e+04 6.608491210937500000e+02
1.999220999999999913e+04 6.608559570312500000e+02
1.999229300000000148e+04 6.608641357421875000e+02
1.999237600000000020e+04 6.608726196289062500e+02
1.999245899999999892e+04 6.608790283203125000e+02
1.999254200000000128e+04 6.608810424804687500e+02
1.999262500000000000e+04 6.608814697265625000e+02
1.999270799999999872e+04 6.608864746093750000e+02
1.999279100000000108e+04 6.608928222656250000e+02
1.999287399999999980e+04 6.608984375000000000e+02
1.999295699999999852e+04 6.609036254882812500e+02
1.999304000000000087e+04 6.609092407226562500e+02
1.999312299999999959e+04 6.609151611328125000e+02
1.999320599999999831e+04 6.609219970703125000e+02
1.999328900000000067e+04 6.609301757812500000e+02
1.999337199999999939e+04 6.609385986328125000e+02
1.999345500000000175e+04 6.609450073242187500e+02
1.999353800000000047e+04 6.609470214843750000e+02
1.999362099999999919e+04 6.609475097656250000e+02
1.999370400000000154e+04 6.609524536132812500e+02
1.999378700000000026e+04 6.609589233398437500e+02
1.999386999999999898e+04 6.609645385742187500e+02
1.999395300000000134e+04 6.609697265625000000e+02
1.999403600000000006e+04 6.609754028320312500e+02
1.999411899999999878e+04 6.609812622070312500e+02
1.999420200000000114e+04 6.609880981445312500e+02
1.999428499999999985e+04 6.609962768554687500e+02
1.999436799999999857e+04 6.610046997070312500e+02
1.999445100000000093e+04 6.610111083984375000e+02
1.999453399999999965e+04 6.610131835937500000e+02
1.999461699999999837e+04 6.610136108398437500e+02
1.999470000000000073e+04 6.610185546875000000e+02
1.999478299999999945e+04 6.610249023437500000e+02
1.999486600000000180e+04 6.610307617187500000e+02
1.999494900000000052e+04 6.610358886718750000e+02
1.999503199999999924e+04 6.610415649414062500e+02
1.999511500000000160e+04 6.610473022460937500e+02
1.999519800000000032e+04 6.610541992187500000e+02
1.999528099999999904e+04 6.610623168945312500e+02
1.999536400000000140e+04 6.610708007812500000e+02
1.999544700000000012e+04 6.610772094726562500e+02
1.999552999999999884e+04 6.610792236328125000e+02
1.999561300000000119e+04 6.610791015625000000e+02
1.999569599999999991e+04 6.610838623046875000e+02
1.999577899999999863e+04 6.610902099609375000e+02
1.999586200000000099e+04 6.610960693359375000e+02
1.999594499999999971e+04 6.611011352539062500e+02
1.999602799999999843e+04 6.611067504882812500e+02
1.999611100000000079e+04 6.611125488281250000e+02
1.999619399999999951e+04 6.611190795898437500e+02
1.999627699999999822e+04 6.611271362304687500e+02
1.999636000000000058e+04 6.611356811523437500e+02
1.999644299999999930e+04 6.611430053710937500e+02
1.999652600000000166e+04 6.611459350585937500e+02
1.999660900000000038e+04 6.611458129882812500e+02
1.999669199999999910e+04 6.611505126953125000e+02
1.999677500000000146e+04 6.611569824218750000e+02
1.999685800000000017e+04 6.611627807617187500e+02
1.999694099999999889e+04 6.611678466796875000e+02
1.999702400000000125e+04 6.611734619140625000e+02
1.999710699999999997e+04 6.611792602539062500e+02
1.999718999999999869e+04 6.611857299804687500e+02
1.999727300000000105e+04 6.611937255859375000e+02
1.999735599999999977e+04 6.612022705078125000e+02
1.999743899999999849e+04 6.612095336914062500e+02
1.999752200000000084e+04 6.612124633789062500e+02
1.999760499999999956e+04 6.612123413085937500e+02
1.999768799999999828e+04 6.612170410156250000e+02
1.999777100000000064e+04 6.612235107421875000e+02
1.999785399999999936e+04 6.612293090820312500e+02
1.999793700000000172e+04 6.612343750000000000e+02
1.999802000000000044e+04 6.612399902343750000e+02
1.999810299999999916e+04 6.612457275390625000e+02
1.999818600000000151e+04 6.612522583007812500e+02
1.999826900000000023e+04 6.612602539062500000e+02
1.999835199999999895e+04 6.612687988281250000e+02
1.999843500000000131e+04 6.612760620117187500e+02
1.999851800000000003e+04 6.612789916992187500e+02
1.999860099999999875e+04 6.612788085937500000e+02
1.999868400000000111e+04 6.612835693359375000e+02
1.999876699999999983e+04 6.612899780273437500e+02
1.999884999999999854e+04 6.612957763671875000e+02
1.999893300000000090e+04 6.613007812500000000e+02
1.999901599999999962e+04 6.613063964843750000e+02
1.999909899999999834e+04 6.613120727539062500e+02
1.999918200000000070e+04 6.613186035156250000e+02
1.999926499999999942e+04 6.613265991210937500e+02
1.999934800000000178e+04 6.613351440429687500e+02
1.999943100000000049e+04 6.613424072265625000e+02
1.999951399999999921e+04 6.613452758789062500e+02
1.999959700000000157e+04 6.613446044921875000e+02
1.999968000000000029e+04 6.613485717773437500e+02
1.999976299999999901e+04 6.613549194335937500e+02
1.999984600000000137e+04 6.613609619140625000e+02
1.999992900000000009e+04 6.613658447265625000e+02
