1.998009200000000055e+04 6.456186523437500000e+02
1.998017499999999927e+04 6.456270751953125000e+02
1.998025800000000163e+04 6.456372070312500000e+02
1.998034100000000035e+04 6.456480102539062500e+02
1.998042399999999907e+04 6.456582031250000000e+02
1.998050700000000143e+04 6.456636352539062500e+02
1.998059000000000015e+04 6.456641235351562500e+02
1.998067299999999886e+04 6.456680908203125000e+02
1.998075600000000122e+04 6.456761474609375000e+02
1.998083899999999994e+04 6.456841430664062500e+02
1.998092199999999866e+04 6.456912841796875000e+02
1.998100500000000102e+04 6.456991577148437500e+02
1.998108799999999974e+04 6.457071533203125000e+02
1.998117099999999846e+04 6.457155151367187500e+02
1.998125400000000081e+04 6.457255859375000000e+02
1.998133699999999953e+04 6.457363281250000000e+02
1.998141999999999825e+04 6.457464599609375000e+02
1.998150300000000061e+04 6.457518920898437500e+02
1.998158599999999933e+04 6.457526245117187500e+02
1.998166900000000169e+04 6.457565917968750000e+02
1.998175200000000041e+04 6.457646484375000000e+02
1.998183499999999913e+04 6.457727050781250000e+02
1.998191800000000148e+04 6.457798461914062500e+02
1.998200100000000020e+04 6.457877807617187500e+02
1.998208399999999892e+04 6.457957153320312500e+02
1.998216700000000128e+04 6.458040771484375000e+02
1.998225000000000000e+04 6.458141479492187500e+02
1.998233299999999872e+04 6.458248291015625000e+02
1.998241600000000108e+04 6.458348999023437500e+02
1.998249899999999980e+04 6.458403320312500000e+02
1.998258199999999852e+04 6.458408203125000000e+02
1.998266500000000087e+04 6.458447875976562500e+02
1.998274799999999959e+04 6.458521728515625000e+02
1.998283099999999831e+04 6.458601074218750000e+02
1.998291400000000067e+04 6.458673706054687500e+02
1.998299699999999939e+04 6.458751220703125000e+02
1.998308000000000175e+04 6.458829956054687500e+02
1.998316300000000047e+04 6.458914184570312500e+02
1.998324599999999919e+04 6.459014282226562500e+02
1.998332900000000154e+04 6.459119873046875000e+02
1.998341200000000026e+04 6.459219970703125000e+02
1.998349499999999898e+04 6.459282836914062500e+02
1.998357800000000134e+04 6.459297485351562500e+02
1.998366100000000006e+04 6.459328613281250000e+02
1.998374399999999878e+04 6.459402465820312500e+02
1.998382700000000114e+04 6.459481201171875000e+02
1.998390999999999985e+04 6.459553222656250000e+02
1.998399299999999857e+04 6.459630737304687500e+02
1.998407600000000093e+04 6.459710693359375000e+02
1.998415899999999965e+04 6.459793701171875000e+02
1.998424199999999837e+04 6.459888916015625000e+02
1.998432500000000073e+04 6.459994506835937500e+02
1.998440799999999945e+04 6.460095214843750000e+02
1.998449100000000180e+04 6.460157470703125000e+02
1.998457400000000052e+04 6.460170898437500000e+02
1.998465699999999924e+04 6.460203857421875000e+02
1.998474000000000160e+04 6.460273437500000000e+02
1.998482300000000032e+04 6.460352172851562500e+02
1.998490599999999904e+04 6.460423583984375000e+02
1.998498900000000140e+04 6.460499267578125000e+02
1.998507200000000012e+04 6.460577392578125000e+02
1.998515499999999884e+04 6.460659179687500000e+02
1.998523800000000119e+04 6.460755004882812500e+02
1.998532099999999991e+04 6.460859375000000000e+02
1.998540399999999863e+04 6.460959472656250000e+02
1.998548700000000099e+04 6.461020507812500000e+02
1.998556999999999971e+04 6.461031494140625000e+02
1.998565299999999843e+04 6.461062011718750000e+02
1.998573600000000079e+04 6.461134033203125000e+02
1.998581899999999951e+04 6.461210327148437500e+02
1.998590199999999822e+04 6.461279296875000000e+02
1.998598500000000058e+04 6.461353759765625000e+02
1.998606799999999930e+04 6.461429443359375000e+02
1.998615100000000166e+04 6.461508178710937500e+02
1.998623400000000038e+04 6.461602783203125000e+02
1.998631699999999910e+04 6.461705932617187500e+02
1.998640000000000146e+04 6.461804199218750000e+02
1.998648300000000017e+04 6.461865234375000000e+02
1.998656599999999889e+04 6.461876220703125000e+02
1.998664900000000125e+04 6.461905517578125000e+02
1.998673199999999997e+04 6.461966552734375000e+02
1.998681499999999869e+04 6.462042236328125000e+02
1.998689800000000105e+04 6.462114868164062500e+02
1.998698099999999977e+04 6.462187500000000000e+02
1.998706399999999849e+04 6.462263793945312500e+02
1.998714700000000084e+04 6.462341918945312500e+02
1.998722999999999956e+04 6.462435302734375000e+02
1.998731299999999828e+04 6.462536621093750000e+02
1.998739600000000064e+04 6.462634887695312500e+02
1.998747899999999936e+04 6.462702636718750000e+02
1.998756200000000172e+04 6.462721557617187500e+02
1.998764500000000044e+04 6.462742309570312500e+02
1.998772799999999916e+04 6.462800292968750000e+02
1.998781100000000151e+04 6.462877197265625000e+02
1.998789400000000023e+04 6.462945556640625000e+02
1.998797699999999895e+04 6.463016967773437500e+02
1.998806000000000131e+04 6.463091430664062500e+02
1.998814300000000003e+04 6.463168945312500000e+02
1.998822599999999875e+04 6.463257446289062500e+02
1.998830900000000111e+04 6.463355712890625000e+02
1.998839199999999983e+04 6.463453369140625000e+02
1.998847499999999854e+04 6.463521118164062500e+02
1.998855800000000090e+04 6.463538818359375000e+02
1.998864099999999962e+04 6.463560180664062500e+02
1.998872399999999834e+04 6.463618774414062500e+02
1.998880700000000070e+04 6.463693847656250000e+02
1.998888999999999942e+04 6.463762817382812500e+02
1.998897300000000178e+04 6.463833618164062500e+02
1.998905600000000049e+04 6.463907470703125000e+02
1.998913899999999921e+04 6.463984375000000000e+02
1.998922200000000157e+04 6.464072875976562500e+02
1.998930500000000029e+04 6.464170532226562500e+02
1.998938799999999901e+04 6.464267578125000000e+02
1.998947100000000137e+04 6.464331665039062500e+02
1.998955400000000009e+04 6.464347534179687500e+02
1.998963699999999881e+04 6.464366455078125000e+02
1.998972000000000116e+04 6.464423828125000000e+02
1.998980299999999988e+04 6.464497070312500000e+02
1.998988599999999860e+04 6.464564819335937500e+02
1.998996900000000096e+04 6.464631958007812500e+02
1.999005199999999968e+04 6.464703979492187500e+02
1.999013499999999840e+04 6.464780273437500000e+02
1.999021800000000076e+04 6.464866333007812500e+02
1.999030099999999948e+04 6.464963378906250000e+02
1.999038399999999820e+04 6.465057983398437500e+02
1.999046700000000055e+04 6.465123291015625000e+02
1.999054999999999927e+04 6.465138549804687500e+02
1.999063300000000163e+04 6.465156860351562500e+02
1.999071600000000035e+04 6.465211791992187500e+02
1.999079899999999907e+04 6.465283203125000000e+02
1.999088200000000143e+04 6.465349731445312500e+02
1.999096500000000015e+04 6.465416870117187500e+02
1.999104799999999886e+04 6.465487670898437500e+02
1.999113100000000122e+04 6.465560302734375000e+02
1.999121399999999994e+04 6.465646362304687500e+02
1.999129699999999866e+04 6.465742187500000000e+02
1.999138000000000102e+04 6.465835571289062500e+02
1.999146299999999974e+04 6.465906982421875000e+02
1.999154599999999846e+04 6.465922241210937500e+02
1.999162900000000081e+04 6.465933227539062500e+02
1.999171199999999953e+04 6.465977783203125000e+02
1.999179499999999825e+04 6.466047973632812500e+02
1.999187800000000061e+04 6.466112670898437500e+02
1.999196099999999933e+04 6.466175537109375000e+02
1.999204400000000169e+04 6.466243896484375000e+02
1.999212700000000041e+04 6.466314086914062500e+02
1.999220999999999913e+04 6.466392822265625000e+02
1.999229300000000148e+04 6.466484375000000000e+02
1.999237600000000020e+04 6.466576538085937500e+02
1.999245899999999892e+04 6.466644897460937500e+02
1.999254200000000128e+04 6.466663208007812500e+02
1.999262500000000000e+04 6.466671142578125000e+02
1.999270799999999872e+04 6.466713867187500000e+02
1.999279100000000108e+04 6.466781616210937500e+02
1.999287399999999980e+04 6.466845703125000000e+02
1.999295699999999852e+04 6.466907348632812500e+02
1.999304000000000087e+04 6.466973876953125000e+02
1.999312299999999959e+04 6.467042236328125000e+02
1.999320599999999831e+04 6.467119140625000000e+02
1.999328900000000067e+04 6.467208862304687500e+02
1.999337199999999939e+04 6.467298583984375000e+02
1.999345500000000175e+04 6.467366943359375000e+02
1.999353800000000047e+04 6.467382812500000000e+02
1.999362099999999919e+04 6.467384643554687500e+02
1.999370400000000154e+04 6.467424926757812500e+02
1.999378700000000026e+04 6.467491455078125000e+02
1.999386999999999898e+04 6.467553100585937500e+02
1.999395300000000134e+04 6.467613525390625000e+02
1.999403600000000006e+04 6.467678833007812500e+02
1.999411899999999878e+04 6.467745361328125000e+02
1.999420200000000114e+04 6.467821044921875000e+02
1.999428499999999985e+04 6.467908325195312500e+02
1.999436799999999857e+04 6.467997436523437500e+02
1.999445100000000093e+04 6.468064575195312500e+02
1.999453399999999965e+04 6.468080444335937500e+02
1.999461699999999837e+04 6.468082275390625000e+02
1.999470000000000073e+04 6.468120117187500000e+02
1.999478299999999945e+04 6.468185424804687500e+02
1.999486600000000180e+04 6.468247680664062500e+02
1.999494900000000052e+04 6.468306274414062500e+02
1.999503199999999924e+04 6.468370971679687500e+02
1.999511500000000160e+04 6.468435058593750000e+02
1.999519800000000032e+04 6.468508911132812500e+02
1.999528099999999904e+04 6.468594970703125000e+02
1.999536400000000140e+04 6.468681640625000000e+02
1.999544700000000012e+04 6.468745727539062500e+02
1.999552999999999884e+04 6.468759155273437500e+02
1.999561300000000119e+04 6.468754272460937500e+02
1.999569599999999991e+04 6.468790283203125000e+02
1.999577899999999863e+04 6.468856201171875000e+02
1.999586200000000099e+04 6.468919067382812500e+02
1.999594499999999971e+04 6.468973999023437500e+02
1.999602799999999843e+04 6.469037475585937500e+02
1.999611100000000079e+04 6.469101562500000000e+02
1.999619399999999951e+04 6.469172363281250000e+02
1.999627699999999822e+04 6.469255981445312500e+02
1.999636000000000058e+04 6.469343872070312500e+02
1.999644299999999930e+04 6.469414672851562500e+02
1.999652600000000166e+04 6.469437255859375000e+02
1.999660900000000038e+04 6.469426879882812500e+02
1.999669199999999910e+04 6.469461669921875000e+02
1.999677500000000146e+04 6.469525146484375000e+02
1.999685800000000017e+04 6.469586791992187500e+02
1.999694099999999889e+04 6.469642333984375000e+02
1.999702400000000125e+04 6.469705200195312500e+02
1.999710699999999997e+04 6.469769287109375000e+02
1.999718999999999869e+04 6.469838256835937500e+02
1.999727300000000105e+04 6.469921264648437500e+02
1.999735599999999977e+04 6.470007934570312500e+02
1.999743899999999849e+04 6.470079345703125000e+02
1.999752200000000084e+04 6.470102539062500000e+02
1.999760499999999956e+04 6.470090942382812500e+02
1.999768799999999828e+04 6.470123291015625000e+02
1.999777100000000064e+04 6.470187377929687500e+02
1.999785399999999936e+04 6.470247802734375000e+02
1.999793700000000172e+04 6.470302734375000000e+02
1.999802000000000044e+04 6.470364379882812500e+02
1.999810299999999916e+04 6.470427246093750000e+02
1.999818600000000151e+04 6.470496826171875000e+02
1.999826900000000023e+04 6.470579223632812500e+02
1.999835199999999895e+04 6.470664062500000000e+02
1.999843500000000131e+04 6.470735473632812500e+02
1.999851800000000003e+04 6.470755004882812500e+02
1.999860099999999875e+04 6.470740966796875000e+02
1.999868400000000111e+04 6.470773925781250000e+02
1.999876699999999983e+04 6.470838012695312500e+02
1.999884999999999854e+04 6.470896606445312500e+02
1.999893300000000090e+04 6.470950317382812500e+02
1.999901599999999962e+04 6.471011352539062500e+02
1.999909899999999834e+04 6.471072387695312500e+02
1.999918200000000070e+04 6.471140136718750000e+02
1.999926499999999942e+04 6.471222534179687500e+02
1.999934800000000178e+04 6.471306152343750000e+02
1.999943100000000049e+04 6.471375732421875000e+02
1.999951399999999921e+04 6.471396484375000000e+02
1.999959700000000157e+04 6.471376342773437500e+02
1.999968000000000029e+04 6.471398925781250000e+02
1.999976299999999901e+04 6.471461791992187500e+02
1.999984600000000137e+04 6.471520996093750000e+02
1.999992900000000009e+04 6.471572265625000000e+02
