1.998009200000000055e+04 7.175693969726562500e+02
1.998017499999999927e+04 7.175778198242187500e+02
1.998025800000000163e+04 7.175879516601562500e+02
1.998034100000000035e+04 7.175987548828125000e+02
1.998042399999999907e+04 7.176089477539062500e+02
1.998050700000000143e+04 7.176143798828125000e+02
1.998059000000000015e+04 7.176148681640625000e+02
1.998067299999999886e+04 7.176188354492187500e+02
1.998075600000000122e+04 7.176268920898437500e+02
1.998083899999999994e+04 7.176349487304687500e+02
1.998092199999999866e+04 7.176420288085937500e+02
1.998100500000000102e+04 7.176499023437500000e+02
1.998108799999999974e+04 7.176578979492187500e+02
1.998117099999999846e+04 7.176663208007812500e+02
1.998125400000000081e+04 7.176763305664062500e+02
1.998133699999999953e+04 7.176870727539062500e+02
1.998141999999999825e+04 7.176972045898437500e+02
1.998150300000000061e+04 7.177026367187500000e+02
1.998158599999999933e+04 7.177033691406250000e+02
1.998166900000000169e+04 7.177073364257812500e+02
1.998175200000000041e+04 7.177153930664062500e+02
1.998183499999999913e+04 7.177234497070312500e+02
1.998191800000000148e+04 7.177305908203125000e+02
1.998200100000000020e+04 7.177385253906250000e+02
1.998208399999999892e+04 7.177465209960937500e+02
1.998216700000000128e+04 7.177548217773437500e+02
1.998225000000000000e+04 7.177648925781250000e+02
1.998233299999999872e+04 7.177755737304687500e+02
1.998241600000000108e+04 7.177856445312500000e+02
1.998249899999999980e+04 7.177910766601562500e+02
1.998258199999999852e+04 7.177915649414062500e+02
1.998266500000000087e+04 7.177955322265625000e+02
1.998274799999999959e+04 7.178029174804687500e+02
1.998283099999999831e+04 7.178108520507812500e+02
1.998291400000000067e+04 7.178181152343750000e+02
1.998299699999999939e+04 7.178258666992187500e+02
1.998308000000000175e+04 7.178337402343750000e+02
1.998316300000000047e+04 7.178421630859375000e+02
1.998324599999999919e+04 7.178521728515625000e+02
1.998332900000000154e+04 7.178627319335937500e+02
1.998341200000000026e+04 7.178727416992187500e+02
1.998349499999999898e+04 7.178790283203125000e+02
1.998357800000000134e+04 7.178804931640625000e+02
1.998366100000000006e+04 7.178836059570312500e+02
1.998374399999999878e+04 7.178909912109375000e+02
1.998382700000000114e+04 7.178988647460937500e+02
1.998390999999999985e+04 7.179060668945312500e+02
1.998399299999999857e+04 7.179138183593750000e+02
1.998407600000000093e+04 7.179218139648437500e+02
1.998415899999999965e+04 7.179301147460937500e+02
1.998424199999999837e+04 7.179396362304687500e+02
1.998432500000000073e+04 7.179501953125000000e+02
1.998440799999999945e+04 7.179602661132812500e+02
1.998449100000000180e+04 7.179664916992187500e+02
1.998457400000000052e+04 7.179678955078125000e+02
1.998465699999999924e+04 7.179711303710937500e+02
1.998474000000000160e+04 7.179780883789062500e+02
1.998482300000000032e+04 7.179859619140625000e+02
1.998490599999999904e+04 7.179931030273437500e+02
1.998498900000000140e+04 7.180006713867187500e+02
1.998507200000000012e+04 7.180084838867187500e+02
1.998515499999999884e+04 7.180166625976562500e+02
1.998523800000000119e+04 7.180262451171875000e+02
1.998532099999999991e+04 7.180366821289062500e+02
1.998540399999999863e+04 7.180466918945312500e+02
1.998548700000000099e+04 7.180527954101562500e+02
1.998556999999999971e+04 7.180538940429687500e+02
1.998565299999999843e+04 7.180570068359375000e+02
1.998573600000000079e+04 7.180641479492187500e+02
1.998581899999999951e+04 7.180717773437500000e+02
1.998590199999999822e+04 7.180786743164062500e+02
1.998598500000000058e+04 7.180861206054687500e+02
1.998606799999999930e+04 7.180936889648437500e+02
1.998615100000000166e+04 7.181015625000000000e+02
1.998623400000000038e+04 7.181110229492187500e+02
1.998631699999999910e+04 7.181213378906250000e+02
1.998640000000000146e+04 7.181311645507812500e+02
1.998648300000000017e+04 7.181372680664062500e+02
1.998656599999999889e+04 7.181383666992187500e+02
1.998664900000000125e+04 7.181412963867187500e+02
1.998673199999999997e+04 7.181473999023437500e+02
1.998681499999999869e+04 7.181550292968750000e+02
1.998689800000000105e+04 7.181622314453125000e+02
1.998698099999999977e+04 7.181694946289062500e+02
1.998706399999999849e+04 7.181771240234375000e+02
1.998714700000000084e+04 7.181849365234375000e+02
1.998722999999999956e+04 7.181942749023437500e+02
1.998731299999999828e+04 7.182044067382812500e+02
1.998739600000000064e+04 7.182142333984375000e+02
1.998747899999999936e+04 7.182210083007812500e+02
1.998756200000000172e+04 7.182229003906250000e+02
1.998764500000000044e+04 7.182249755859375000e+02
1.998772799999999916e+04 7.182307739257812500e+02
1.998781100000000151e+04 7.182384643554687500e+02
1.998789400000000023e+04 7.182453002929687500e+02
1.998797699999999895e+04 7.182524414062500000e+02
1.998806000000000131e+04 7.182598876953125000e+02
1.998814300000000003e+04 7.182676391601562500e+02
1.998822599999999875e+04 7.182764892578125000e+02
1.998830900000000111e+04 7.182863159179687500e+02
1.998839199999999983e+04 7.182961425781250000e+02
1.998847499999999854e+04 7.183028564453125000e+02
1.998855800000000090e+04 7.183046264648437500e+02
1.998864099999999962e+04 7.183067626953125000e+02
1.998872399999999834e+04 7.183126220703125000e+02
1.998880700000000070e+04 7.183201293945312500e+02
1.998888999999999942e+04 7.183270263671875000e+02
1.998897300000000178e+04 7.183341064453125000e+02
1.998905600000000049e+04 7.183414916992187500e+02
1.998913899999999921e+04 7.183491821289062500e+02
1.998922200000000157e+04 7.183580322265625000e+02
1.998930500000000029e+04 7.183677978515625000e+02
1.998938799999999901e+04 7.183775024414062500e+02
1.998947100000000137e+04 7.183839111328125000e+02
1.998955400000000009e+04 7.183854980468750000e+02
1.998963699999999881e+04 7.183873901367187500e+02
1.998972000000000116e+04 7.183931274414062500e+02
1.998980299999999988e+04 7.184004516601562500e+02
1.998988599999999860e+04 7.184072265625000000e+02
1.998996900000000096e+04 7.184139404296875000e+02
1.999005199999999968e+04 7.181838378906250000e+02
1.999013499999999840e+04 7.181914062500000000e+02
1.999021800000000076e+04 7.182000122070312500e+02
1.999030099999999948e+04 7.182097167968750000e+02
1.999038399999999820e+04 7.182191772460937500e+02
1.999046700000000055e+04 7.182257080078125000e+02
1.999054999999999927e+04 7.182272338867187500e+02
1.999063300000000163e+04 7.182290649414062500e+02
1.999071600000000035e+04 7.182345581054687500e+02
1.999079899999999907e+04 7.182416992187500000e+02
1.999088200000000143e+04 7.182483520507812500e+02
1.999096500000000015e+04 7.182550659179687500e+02
1.999104799999999886e+04 7.182621459960937500e+02
1.999113100000000122e+04 7.182694091796875000e+02
1.999121399999999994e+04 7.182780151367187500e+02
1.999129699999999866e+04 7.182875976562500000e+02
1.999138000000000102e+04 7.182969360351562500e+02
1.999146299999999974e+04 7.183040771484375000e+02
1.999154599999999846e+04 7.183056030273437500e+02
1.999162900000000081e+04 7.183067016601562500e+02
1.999171199999999953e+04 7.183111572265625000e+02
1.999179499999999825e+04 7.183181762695312500e+02
1.999187800000000061e+04 7.183246459960937500e+02
1.999196099999999933e+04 7.183309326171875000e+02
1.999204400000000169e+04 7.183377685546875000e+02
1.999212700000000041e+04 7.183447875976562500e+02
1.999220999999999913e+04 7.183526611328125000e+02
1.999229300000000148e+04 7.183618164062500000e+02
1.999237600000000020e+04 7.183710327148437500e+02
1.999245899999999892e+04 7.183778686523437500e+02
1.999254200000000128e+04 7.183796997070312500e+02
1.999262500000000000e+04 7.183804931640625000e+02
1.999270799999999872e+04 7.183848266601562500e+02
1.999279100000000108e+04 7.183915405273437500e+02
1.999287399999999980e+04 7.183979492187500000e+02
1.999295699999999852e+04 7.184041137695312500e+02
1.999304000000000087e+04 7.184108276367187500e+02
1.999312299999999959e+04 7.184176025390625000e+02
1.999320599999999831e+04 7.184252929687500000e+02
1.999328900000000067e+04 7.184342651367187500e+02
1.999337199999999939e+04 7.184432373046875000e+02
1.999345500000000175e+04 7.184500732421875000e+02
1.999353800000000047e+04 7.184516601562500000e+02
1.999362099999999919e+04 7.184518432617187500e+02
1.999370400000000154e+04 7.184558715820312500e+02
1.999378700000000026e+04 7.184625244140625000e+02
1.999386999999999898e+04 7.184686889648437500e+02
1.999395300000000134e+04 7.184747924804687500e+02
1.999403600000000006e+04 7.184812622070312500e+02
1.999411899999999878e+04 7.184879150390625000e+02
1.999420200000000114e+04 7.184954833984375000e+02
1.999428499999999985e+04 7.185042114257812500e+02
1.999436799999999857e+04 7.185131225585937500e+02
1.999445100000000093e+04 7.185198364257812500e+02
1.999453399999999965e+04 7.185214233398437500e+02
1.999461699999999837e+04 7.185216064453125000e+02
1.999470000000000073e+04 7.185253906250000000e+02
1.999478299999999945e+04 7.185319213867187500e+02
1.999486600000000180e+04 7.185381469726562500e+02
1.999494900000000052e+04 7.185440063476562500e+02
1.999503199999999924e+04 7.185504760742187500e+02
1.999511500000000160e+04 7.185568847656250000e+02
1.999519800000000032e+04 7.185642700195312500e+02
1.999528099999999904e+04 7.185728759765625000e+02
1.999536400000000140e+04 7.185815429687500000e+02
1.999544700000000012e+04 7.185879516601562500e+02
1.999552999999999884e+04 7.185892944335937500e+02
1.999561300000000119e+04 7.185888061523437500e+02
1.999569599999999991e+04 7.185924072265625000e+02
1.999577899999999863e+04 7.185989990234375000e+02
1.999586200000000099e+04 7.186052856445312500e+02
1.999594499999999971e+04 7.186107788085937500e+02
1.999602799999999843e+04 7.186171264648437500e+02
1.999611100000000079e+04 7.186235351562500000e+02
1.999619399999999951e+04 7.186306152343750000e+02
1.999627699999999822e+04 7.186390380859375000e+02
1.999636000000000058e+04 7.186477661132812500e+02
1.999644299999999930e+04 7.186548461914062500e+02
1.999652600000000166e+04 7.186571655273437500e+02
1.999660900000000038e+04 7.186560668945312500e+02
1.999669199999999910e+04 7.186595458984375000e+02
1.999677500000000146e+04 7.186659545898437500e+02
1.999685800000000017e+04 7.186720581054687500e+02
1.999694099999999889e+04 7.186776733398437500e+02
1.999702400000000125e+04 7.186838989257812500e+02
1.999710699999999997e+04 7.186903076171875000e+02
1.999718999999999869e+04 7.186972045898437500e+02
1.999727300000000105e+04 7.187055053710937500e+02
1.999735599999999977e+04 7.187142333984375000e+02
1.999743899999999849e+04 7.187213134765625000e+02
1.999752200000000084e+04 7.187236328125000000e+02
1.999760499999999956e+04 7.187224731445312500e+02
1.999768799999999828e+04 7.187257080078125000e+02
1.999777100000000064e+04 7.187321166992187500e+02
1.999785399999999936e+04 7.187381591796875000e+02
1.999793700000000172e+04 7.187436523437500000e+02
1.999802000000000044e+04 7.187498168945312500e+02
1.999810299999999916e+04 7.187561035156250000e+02
1.999818600000000151e+04 7.187630615234375000e+02
1.999826900000000023e+04 7.187713012695312500e+02
1.999835199999999895e+04 7.187797851562500000e+02
1.999843500000000131e+04 7.187869262695312500e+02
1.999851800000000003e+04 7.187888793945312500e+02
1.999860099999999875e+04 7.187874755859375000e+02
1.999868400000000111e+04 7.187907714843750000e+02
1.999876699999999983e+04 7.187971801757812500e+02
1.999884999999999854e+04 7.188030395507812500e+02
1.999893300000000090e+04 7.188084106445312500e+02
1.999901599999999962e+04 7.188145141601562500e+02
1.999909899999999834e+04 7.188206176757812500e+02
1.999918200000000070e+04 7.188273925781250000e+02
1.999926499999999942e+04 7.188356323242187500e+02
1.999934800000000178e+04 7.188439941406250000e+02
1.999943100000000049e+04 7.188509521484375000e+02
1.999951399999999921e+04 7.188530273437500000e+02
1.999959700000000157e+04 7.188510131835937500e+02
1.999968000000000029e+04 7.188532714843750000e+02
1.999976299999999901e+04 7.188595581054687500e+02
1.999984600000000137e+04 7.188654785156250000e+02
1.999992900000000009e+04 7.188706054687500000e+02
