1.998009200000000055e+04 7.280051269531250000e+02
1.998017499999999927e+04 7.280113525390625000e+02
1.998025800000000163e+04 7.280191650390625000e+02
1.998034100000000035e+04 7.280278320312500000e+02
1.998042399999999907e+04 7.280360107421875000e+02
1.998050700000000143e+04 7.280398559570312500e+02
1.998059000000000015e+04 7.280391845703125000e+02
1.998067299999999886e+04 7.280430908203125000e+02
1.998075600000000122e+04 7.280495605468750000e+02
1.998083899999999994e+04 7.280556030273437500e+02
1.998092199999999866e+04 7.280604858398437500e+02
1.998100500000000102e+04 7.280661010742187500e+02
1.998108799999999974e+04 7.280717773437500000e+02
1.998117099999999846e+04 7.280780029296875000e+02
1.998125400000000081e+04 7.280858154296875000e+02
1.998133699999999953e+04 7.280944824218750000e+02
1.998141999999999825e+04 7.281026611328125000e+02
1.998150300000000061e+04 7.281064453125000000e+02
1.998158599999999933e+04 7.281057739257812500e+02
1.998166900000000169e+04 7.281091918945312500e+02
1.998175200000000041e+04 7.281156616210937500e+02
1.998183499999999913e+04 7.281216430664062500e+02
1.998191800000000148e+04 7.281265258789062500e+02
1.998200100000000020e+04 7.281322021484375000e+02
1.998208399999999892e+04 7.281378784179687500e+02
1.998216700000000128e+04 7.281439819335937500e+02
1.998225000000000000e+04 7.281517944335937500e+02
1.998233299999999872e+04 7.281604614257812500e+02
1.998241600000000108e+04 7.281686401367187500e+02
1.998249899999999980e+04 7.281724243164062500e+02
1.998258199999999852e+04 7.281718139648437500e+02
1.998266500000000087e+04 7.281752319335937500e+02
1.998274799999999959e+04 7.281809082031250000e+02
1.998283099999999831e+04 7.281869506835937500e+02
1.998291400000000067e+04 7.281920776367187500e+02
1.998299699999999939e+04 7.281975708007812500e+02
1.998308000000000175e+04 7.282032470703125000e+02
1.998316300000000047e+04 7.282093505859375000e+02
1.998324599999999919e+04 7.282172241210937500e+02
1.998332900000000154e+04 7.282257080078125000e+02
1.998341200000000026e+04 7.282338867187500000e+02
1.998349499999999898e+04 7.282385864257812500e+02
1.998357800000000134e+04 7.282388305664062500e+02
1.998366100000000006e+04 7.282410888671875000e+02
1.998374399999999878e+04 7.282466430664062500e+02
1.998382700000000114e+04 7.282527465820312500e+02
1.998390999999999985e+04 7.282578735351562500e+02
1.998399299999999857e+04 7.282633666992187500e+02
1.998407600000000093e+04 7.282690429687500000e+02
1.998415899999999965e+04 7.282751464843750000e+02
1.998424199999999837e+04 7.282826538085937500e+02
1.998432500000000073e+04 7.282911376953125000e+02
1.998440799999999945e+04 7.282994384765625000e+02
1.998449100000000180e+04 7.283041381835937500e+02
1.998457400000000052e+04 7.283043823242187500e+02
1.998465699999999924e+04 7.283066406250000000e+02
1.998474000000000160e+04 7.283122558593750000e+02
1.998482300000000032e+04 7.283183593750000000e+02
1.998490599999999904e+04 7.283234863281250000e+02
1.998498900000000140e+04 7.283289794921875000e+02
1.998507200000000012e+04 7.283346557617187500e+02
1.998515499999999884e+04 7.283407592773437500e+02
1.998523800000000119e+04 7.283482666015625000e+02
1.998532099999999991e+04 7.283567504882812500e+02
1.998540399999999863e+04 7.283650512695312500e+02
1.998548700000000099e+04 7.283697509765625000e+02
1.998556999999999971e+04 7.283699951171875000e+02
1.998565299999999843e+04 7.283722534179687500e+02
1.998573600000000079e+04 7.283778076171875000e+02
1.998581899999999951e+04 7.283839111328125000e+02
1.998590199999999822e+04 7.283890380859375000e+02
1.998598500000000058e+04 7.283945312500000000e+02
1.998606799999999930e+04 7.284002075195312500e+02
1.998615100000000166e+04 7.284061889648437500e+02
1.998623400000000038e+04 7.284137573242187500e+02
1.998631699999999910e+04 7.284222412109375000e+02
1.998640000000000146e+04 7.284304809570312500e+02
1.998648300000000017e+04 7.284351806640625000e+02
1.998656599999999889e+04 7.284354248046875000e+02
1.998664900000000125e+04 7.284376831054687500e+02
1.998673199999999997e+04 7.284425048828125000e+02
1.998681499999999869e+04 7.284485473632812500e+02
1.998689800000000105e+04 7.284539184570312500e+02
1.998698099999999977e+04 7.284592895507812500e+02
1.998706399999999849e+04 7.284649047851562500e+02
1.998714700000000084e+04 7.284709472656250000e+02
1.998722999999999956e+04 7.284784545898437500e+02
1.998731299999999828e+04 7.284869384765625000e+02
1.998739600000000064e+04 7.284952392578125000e+02
1.998747899999999936e+04 7.285007934570312500e+02
1.998756200000000172e+04 7.285018920898437500e+02
1.998764500000000044e+04 7.285029296875000000e+02
1.998772799999999916e+04 7.285083007812500000e+02
1.998781100000000151e+04 7.285146484375000000e+02
1.998789400000000023e+04 7.285200195312500000e+02
1.998797699999999895e+04 7.285253295898437500e+02
1.998806000000000131e+04 7.285310058593750000e+02
1.998814300000000003e+04 7.285369873046875000e+02
1.998822599999999875e+04 7.285441894531250000e+02
1.998830900000000111e+04 7.285525512695312500e+02
1.998839199999999983e+04 7.285608520507812500e+02
1.998847499999999854e+04 7.285664062500000000e+02
1.998855800000000090e+04 7.285675659179687500e+02
1.998864099999999962e+04 7.285686035156250000e+02
1.998872399999999834e+04 7.285740356445312500e+02
1.998880700000000070e+04 7.285803833007812500e+02
1.998888999999999942e+04 7.285857543945312500e+02
1.998897300000000178e+04 7.285910644531250000e+02
1.998905600000000049e+04 7.285967407226562500e+02
1.998913899999999921e+04 7.286027221679687500e+02
1.998922200000000157e+04 7.286099243164062500e+02
1.998930500000000029e+04 7.286182250976562500e+02
1.998938799999999901e+04 7.286265869140625000e+02
1.998947100000000137e+04 7.286321411132812500e+02
1.998955400000000009e+04 7.286333007812500000e+02
1.998963699999999881e+04 7.286343383789062500e+02
1.998972000000000116e+04 7.286397094726562500e+02
1.998980299999999988e+04 7.286460571289062500e+02
1.998988599999999860e+04 7.286514282226562500e+02
1.998996900000000096e+04 7.286567382812500000e+02
1.999005199999999968e+04 7.284794311523437500e+02
1.999013499999999840e+04 7.284854125976562500e+02
1.999021800000000076e+04 7.284926147460937500e+02
1.999030099999999948e+04 7.285009155273437500e+02
1.999038399999999820e+04 7.285092773437500000e+02
1.999046700000000055e+04 7.285148315429687500e+02
1.999054999999999927e+04 7.285159912109375000e+02
1.999063300000000163e+04 7.285169677734375000e+02
1.999071600000000035e+04 7.285223999023437500e+02
1.999079899999999907e+04 7.285288085937500000e+02
1.999088200000000143e+04 7.285344238281250000e+02
1.999096500000000015e+04 7.285397949218750000e+02
1.999104799999999886e+04 7.285454101562500000e+02
1.999113100000000122e+04 7.285513305664062500e+02
1.999121399999999994e+04 7.285584716796875000e+02
1.999129699999999866e+04 7.285668334960937500e+02
1.999138000000000102e+04 7.285751953125000000e+02
1.999146299999999974e+04 7.285816040039062500e+02
1.999154599999999846e+04 7.285827636718750000e+02
1.999162900000000081e+04 7.285832519531250000e+02
1.999171199999999953e+04 7.285881958007812500e+02
1.999179499999999825e+04 7.285946044921875000e+02
1.999187800000000061e+04 7.286001586914062500e+02
1.999196099999999933e+04 7.286053466796875000e+02
1.999204400000000169e+04 7.286110229492187500e+02
1.999212700000000041e+04 7.286168823242187500e+02
1.999220999999999913e+04 7.286237182617187500e+02
1.999229300000000148e+04 7.286318969726562500e+02
1.999237600000000020e+04 7.286403198242187500e+02
1.999245899999999892e+04 7.286467285156250000e+02
1.999254200000000128e+04 7.286488037109375000e+02
1.999262500000000000e+04 7.286492309570312500e+02
1.999270799999999872e+04 7.286542358398437500e+02
1.999279100000000108e+04 7.286605834960937500e+02
1.999287399999999980e+04 7.286661987304687500e+02
1.999295699999999852e+04 7.286713867187500000e+02
1.999304000000000087e+04 7.286770019531250000e+02
1.999312299999999959e+04 7.286829223632812500e+02
1.999320599999999831e+04 7.286897583007812500e+02
1.999328900000000067e+04 7.286979370117187500e+02
1.999337199999999939e+04 7.287063598632812500e+02
1.999345500000000175e+04 7.287127685546875000e+02
1.999353800000000047e+04 7.287147827148437500e+02
1.999362099999999919e+04 7.287152709960937500e+02
1.999370400000000154e+04 7.287202148437500000e+02
1.999378700000000026e+04 7.287266845703125000e+02
1.999386999999999898e+04 7.287322998046875000e+02
1.999395300000000134e+04 7.287374877929687500e+02
1.999403600000000006e+04 7.287431640625000000e+02
1.999411899999999878e+04 7.287490234375000000e+02
1.999420200000000114e+04 7.287558593750000000e+02
1.999428499999999985e+04 7.287640380859375000e+02
1.999436799999999857e+04 7.287724609375000000e+02
1.999445100000000093e+04 7.287788696289062500e+02
1.999453399999999965e+04 7.287809448242187500e+02
1.999461699999999837e+04 7.287813720703125000e+02
1.999470000000000073e+04 7.287863159179687500e+02
1.999478299999999945e+04 7.287926635742187500e+02
1.999486600000000180e+04 7.287985229492187500e+02
1.999494900000000052e+04 7.288036499023437500e+02
1.999503199999999924e+04 7.288093261718750000e+02
1.999511500000000160e+04 7.288150634765625000e+02
1.999519800000000032e+04 7.288219604492187500e+02
1.999528099999999904e+04 7.288300781250000000e+02
1.999536400000000140e+04 7.288385620117187500e+02
1.999544700000000012e+04 7.288449707031250000e+02
1.999552999999999884e+04 7.288469848632812500e+02
1.999561300000000119e+04 7.288468627929687500e+02
1.999569599999999991e+04 7.288516235351562500e+02
1.999577899999999863e+04 7.288579711914062500e+02
1.999586200000000099e+04 7.288638305664062500e+02
1.999594499999999971e+04 7.288688354492187500e+02
1.999602799999999843e+04 7.288745117187500000e+02
1.999611100000000079e+04 7.288803100585937500e+02
1.999619399999999951e+04 7.288868408203125000e+02
1.999627699999999822e+04 7.288948974609375000e+02
1.999636000000000058e+04 7.289034423828125000e+02
1.999644299999999930e+04 7.289107666015625000e+02
1.999652600000000166e+04 7.289136962890625000e+02
1.999660900000000038e+04 7.289135742187500000e+02
1.999669199999999910e+04 7.289182739257812500e+02
1.999677500000000146e+04 7.289247436523437500e+02
1.999685800000000017e+04 7.289305419921875000e+02
1.999694099999999889e+04 7.289356079101562500e+02
1.999702400000000125e+04 7.289412231445312500e+02
1.999710699999999997e+04 7.289469604492187500e+02
1.999718999999999869e+04 7.289534912109375000e+02
1.999727300000000105e+04 7.289614868164062500e+02
1.999735599999999977e+04 7.289700317382812500e+02
1.999743899999999849e+04 7.289772949218750000e+02
1.999752200000000084e+04 7.289802246093750000e+02
1.999760499999999956e+04 7.289801025390625000e+02
1.999768799999999828e+04 7.289848022460937500e+02
1.999777100000000064e+04 7.289912719726562500e+02
1.999785399999999936e+04 7.289970703125000000e+02
1.999793700000000172e+04 7.290021362304687500e+02
1.999802000000000044e+04 7.290077514648437500e+02
1.999810299999999916e+04 7.290134887695312500e+02
1.999818600000000151e+04 7.290200195312500000e+02
1.999826900000000023e+04 7.290280151367187500e+02
1.999835199999999895e+04 7.290365600585937500e+02
1.999843500000000131e+04 7.290438232421875000e+02
1.999851800000000003e+04 7.290467529296875000e+02
1.999860099999999875e+04 7.290465698242187500e+02
1.999868400000000111e+04 7.290513305664062500e+02
1.999876699999999983e+04 7.290577392578125000e+02
1.999884999999999854e+04 7.290634765625000000e+02
1.999893300000000090e+04 7.290685424804687500e+02
1.999901599999999962e+04 7.290741577148437500e+02
1.999909899999999834e+04 7.290798339843750000e+02
1.999918200000000070e+04 7.290863647460937500e+02
1.999926499999999942e+04 7.290943603515625000e+02
1.999934800000000178e+04 7.291029052734375000e+02
1.999943100000000049e+04 7.291101684570312500e+02
1.999951399999999921e+04 7.291130371093750000e+02
1.999959700000000157e+04 7.291123657226562500e+02
1.999968000000000029e+04 7.291163330078125000e+02
1.999976299999999901e+04 7.291226806640625000e+02
1.999984600000000137e+04 7.291287231445312500e+02
1.999992900000000009e+04 7.291336059570312500e+02
