1.998009200000000055e+04 0.000000000000000000e+00
1.998017499999999927e+04 0.000000000000000000e+00
1.998025800000000163e+04 0.000000000000000000e+00
1.998034100000000035e+04 0.000000000000000000e+00
1.998042399999999907e+04 0.000000000000000000e+00
1.998050700000000143e+04 0.000000000000000000e+00
1.998059000000000015e+04 2.984606981277465820e+00
1.998067299999999886e+04 1.815097332000732422e+00
1.998075600000000122e+04 0.000000000000000000e+00
1.998083899999999994e+04 0.000000000000000000e+00
1.998092199999999866e+04 0.000000000000000000e+00
1.998100500000000102e+04 0.000000000000000000e+00
1.998108799999999974e+04 0.000000000000000000e+00
1.998117099999999846e+04 0.000000000000000000e+00
1.998125400000000081e+04 0.000000000000000000e+00
1.998133699999999953e+04 0.000000000000000000e+00
1.998141999999999825e+04 0.000000000000000000e+00
1.998150300000000061e+04 0.000000000000000000e+00
1.998158599999999933e+04 2.984278440475463867e+00
1.998166900000000169e+04 1.815118074417114258e+00
1.998175200000000041e+04 0.000000000000000000e+00
1.998183499999999913e+04 0.000000000000000000e+00
1.998191800000000148e+04 0.000000000000000000e+00
1.998200100000000020e+04 0.000000000000000000e+00
1.998208399999999892e+04 0.000000000000000000e+00
1.998216700000000128e+04 0.000000000000000000e+00
1.998225000000000000e+04 0.000000000000000000e+00
1.998233299999999872e+04 0.000000000000000000e+00
1.998241600000000108e+04 0.000000000000000000e+00
1.998249899999999980e+04 0.000000000000000000e+00
1.998258199999999852e+04 2.984380960464477539e+00
1.998266500000000087e+04 1.742147684097290039e+00
1.998274799999999959e+04 2.023389041423797607e-01
1.998283099999999831e+04 0.000000000000000000e+00
1.998291400000000067e+04 0.000000000000000000e+00
1.998299699999999939e+04 0.000000000000000000e+00
1.998308000000000175e+04 0.000000000000000000e+00
1.998316300000000047e+04 0.000000000000000000e+00
1.998324599999999919e+04 0.000000000000000000e+00
1.998332900000000154e+04 0.000000000000000000e+00
1.998341200000000026e+04 0.000000000000000000e+00
1.998349499999999898e+04 0.000000000000000000e+00
1.998357800000000134e+04 2.666972637176513672e+00
1.998366100000000006e+04 1.789735913276672363e+00
1.998374399999999878e+04 2.021257281303405762e-01
1.998382700000000114e+04 0.000000000000000000e+00
1.998390999999999985e+04 0.000000000000000000e+00
1.998399299999999857e+04 0.000000000000000000e+00
1.998407600000000093e+04 0.000000000000000000e+00
1.998415899999999965e+04 0.000000000000000000e+00
1.998424199999999837e+04 0.000000000000000000e+00
1.998432500000000073e+04 0.000000000000000000e+00
1.998440799999999945e+04 0.000000000000000000e+00
1.998449100000000180e+04 0.000000000000000000e+00
1.998457400000000052e+04 2.666778564453125000e+00
1.998465699999999924e+04 1.789248943328857422e+00
1.998474000000000160e+04 1.863347589969635010e-01
1.998482300000000032e+04 0.000000000000000000e+00
1.998490599999999904e+04 0.000000000000000000e+00
1.998498900000000140e+04 0.000000000000000000e+00
1.998507200000000012e+04 0.000000000000000000e+00
1.998515499999999884e+04 0.000000000000000000e+00
1.998523800000000119e+04 0.000000000000000000e+00
1.998532099999999991e+04 0.000000000000000000e+00
1.998540399999999863e+04 0.000000000000000000e+00
1.998548700000000099e+04 0.000000000000000000e+00
1.998556999999999971e+04 2.371161937713623047e+00
1.998565299999999843e+04 1.788752317428588867e+00
1.998573600000000079e+04 1.861786246299743652e-01
1.998581899999999951e+04 0.000000000000000000e+00
1.998590199999999822e+04 0.000000000000000000e+00
1.998598500000000058e+04 0.000000000000000000e+00
1.998606799999999930e+04 0.000000000000000000e+00
1.998615100000000166e+04 0.000000000000000000e+00
1.998623400000000038e+04 0.000000000000000000e+00
1.998631699999999910e+04 0.000000000000000000e+00
1.998640000000000146e+04 0.000000000000000000e+00
1.998648300000000017e+04 0.000000000000000000e+00
1.998656599999999889e+04 2.067613363265991211e+00
1.998664900000000125e+04 1.380913496017456055e+00
1.998673199999999997e+04 4.609160125255584717e-01
1.998681499999999869e+04 0.000000000000000000e+00
1.998689800000000105e+04 0.000000000000000000e+00
1.998698099999999977e+04 0.000000000000000000e+00
1.998706399999999849e+04 0.000000000000000000e+00
1.998714700000000084e+04 0.000000000000000000e+00
1.998722999999999956e+04 0.000000000000000000e+00
1.998731299999999828e+04 0.000000000000000000e+00
1.998739600000000064e+04 0.000000000000000000e+00
1.998747899999999936e+04 0.000000000000000000e+00
1.998756200000000172e+04 1.829814434051513672e+00
1.998764500000000044e+04 1.677017807960510254e+00
1.998772799999999916e+04 3.670278489589691162e-01
1.998781100000000151e+04 0.000000000000000000e+00
1.998789400000000023e+04 0.000000000000000000e+00
1.998797699999999895e+04 0.000000000000000000e+00
1.998806000000000131e+04 0.000000000000000000e+00
1.998814300000000003e+04 0.000000000000000000e+00
1.998822599999999875e+04 0.000000000000000000e+00
1.998830900000000111e+04 0.000000000000000000e+00
1.998839199999999983e+04 0.000000000000000000e+00
1.998847499999999854e+04 0.000000000000000000e+00
1.998855800000000090e+04 1.829519629478454590e+00
1.998864099999999962e+04 1.589342117309570312e+00
1.998872399999999834e+04 3.664441406726837158e-01
1.998880700000000070e+04 0.000000000000000000e+00
1.998888999999999942e+04 0.000000000000000000e+00
1.998897300000000178e+04 0.000000000000000000e+00
1.998905600000000049e+04 0.000000000000000000e+00
1.998913899999999921e+04 0.000000000000000000e+00
1.998922200000000157e+04 0.000000000000000000e+00
1.998930500000000029e+04 0.000000000000000000e+00
1.998938799999999901e+04 0.000000000000000000e+00
1.998947100000000137e+04 0.000000000000000000e+00
1.998955400000000009e+04 1.829270005226135254e+00
1.998963699999999881e+04 1.588899850845336914e+00
1.998972000000000116e+04 3.659796118736267090e-01
1.998980299999999988e+04 0.000000000000000000e+00
1.998988599999999860e+04 0.000000000000000000e+00
1.998996900000000096e+04 0.000000000000000000e+00
1.999005199999999968e+04 0.000000000000000000e+00
1.999013499999999840e+04 0.000000000000000000e+00
1.999021800000000076e+04 0.000000000000000000e+00
1.999030099999999948e+04 0.000000000000000000e+00
1.999038399999999820e+04 0.000000000000000000e+00
1.999046700000000055e+04 0.000000000000000000e+00
1.999054999999999927e+04 1.829223990440368652e+00
1.999063300000000163e+04 1.588758111000061035e+00
1.999071600000000035e+04 3.657900393009185791e-01
1.999079899999999907e+04 0.000000000000000000e+00
1.999088200000000143e+04 0.000000000000000000e+00
1.999096500000000015e+04 0.000000000000000000e+00
1.999104799999999886e+04 0.000000000000000000e+00
1.999113100000000122e+04 0.000000000000000000e+00
1.999121399999999994e+04 0.000000000000000000e+00
1.999129699999999866e+04 0.000000000000000000e+00
1.999138000000000102e+04 0.000000000000000000e+00
1.999146299999999974e+04 0.000000000000000000e+00
1.999154599999999846e+04 1.828644156455993652e+00
1.999162900000000081e+04 1.797931551933288574e+00
1.999171199999999953e+04 6.334453821182250977e-01
1.999179499999999825e+04 0.000000000000000000e+00
1.999187800000000061e+04 0.000000000000000000e+00
1.999196099999999933e+04 0.000000000000000000e+00
1.999204400000000169e+04 0.000000000000000000e+00
1.999212700000000041e+04 0.000000000000000000e+00
1.999220999999999913e+04 0.000000000000000000e+00
1.999229300000000148e+04 0.000000000000000000e+00
1.999237600000000020e+04 0.000000000000000000e+00
1.999245899999999892e+04 0.000000000000000000e+00
1.999254200000000128e+04 9.506047964096069336e-01
1.999262500000000000e+04 1.797026157379150391e+00
1.999270799999999872e+04 6.328228712081909180e-01
1.999279100000000108e+04 0.000000000000000000e+00
1.999287399999999980e+04 0.000000000000000000e+00
1.999295699999999852e+04 0.000000000000000000e+00
1.999304000000000087e+04 0.000000000000000000e+00
1.999312299999999959e+04 0.000000000000000000e+00
1.999320599999999831e+04 0.000000000000000000e+00
1.999328900000000067e+04 0.000000000000000000e+00
1.999337199999999939e+04 0.000000000000000000e+00
1.999345500000000175e+04 0.000000000000000000e+00
1.999353800000000047e+04 9.504511952400207520e-01
1.999362099999999919e+04 1.796361207962036133e+00
1.999370400000000154e+04 6.323242187500000000e-01
1.999378700000000026e+04 0.000000000000000000e+00
1.999386999999999898e+04 0.000000000000000000e+00
1.999395300000000134e+04 0.000000000000000000e+00
1.999403600000000006e+04 0.000000000000000000e+00
1.999411899999999878e+04 0.000000000000000000e+00
1.999420200000000114e+04 0.000000000000000000e+00
1.999428499999999985e+04 0.000000000000000000e+00
1.999436799999999857e+04 0.000000000000000000e+00
1.999445100000000093e+04 0.000000000000000000e+00
1.999453399999999965e+04 9.502744078636169434e-01
1.999461699999999837e+04 1.795469522476196289e+00
1.999470000000000073e+04 6.316451430320739746e-01
1.999478299999999945e+04 0.000000000000000000e+00
1.999486600000000180e+04 0.000000000000000000e+00
1.999494900000000052e+04 0.000000000000000000e+00
1.999503199999999924e+04 0.000000000000000000e+00
1.999511500000000160e+04 0.000000000000000000e+00
1.999519800000000032e+04 0.000000000000000000e+00
1.999528099999999904e+04 0.000000000000000000e+00
1.999536400000000140e+04 0.000000000000000000e+00
1.999544700000000012e+04 0.000000000000000000e+00
1.999552999999999884e+04 9.501616954803466797e-01
1.999561300000000119e+04 2.004194498062133789e+00
1.999569599999999991e+04 7.990614771842956543e-01
1.999577899999999863e+04 0.000000000000000000e+00
1.999586200000000099e+04 0.000000000000000000e+00
1.999594499999999971e+04 0.000000000000000000e+00
1.999602799999999843e+04 0.000000000000000000e+00
1.999611100000000079e+04 0.000000000000000000e+00
1.999619399999999951e+04 0.000000000000000000e+00
1.999627699999999822e+04 0.000000000000000000e+00
1.999636000000000058e+04 0.000000000000000000e+00
1.999644299999999930e+04 0.000000000000000000e+00
1.999652600000000166e+04 8.151513338088989258e-01
1.999660900000000038e+04 1.235302329063415527e+00
1.999669199999999910e+04 7.980597019195556641e-01
1.999677500000000146e+04 0.000000000000000000e+00
1.999685800000000017e+04 0.000000000000000000e+00
1.999694099999999889e+04 0.000000000000000000e+00
1.999702400000000125e+04 0.000000000000000000e+00
1.999710699999999997e+04 0.000000000000000000e+00
1.999718999999999869e+04 0.000000000000000000e+00
1.999727300000000105e+04 0.000000000000000000e+00
1.999735599999999977e+04 0.000000000000000000e+00
1.999743899999999849e+04 0.000000000000000000e+00
1.999752200000000084e+04 8.150377273559570312e-01
1.999760499999999956e+04 1.235207557678222656e+00
1.999768799999999828e+04 7.974988818168640137e-01
1.999777100000000064e+04 0.000000000000000000e+00
1.999785399999999936e+04 0.000000000000000000e+00
1.999793700000000172e+04 0.000000000000000000e+00
1.999802000000000044e+04 0.000000000000000000e+00
1.999810299999999916e+04 0.000000000000000000e+00
1.999818600000000151e+04 0.000000000000000000e+00
1.999826900000000023e+04 0.000000000000000000e+00
1.999835199999999895e+04 0.000000000000000000e+00
1.999843500000000131e+04 0.000000000000000000e+00
1.999851800000000003e+04 8.150179386138916016e-01
1.999860099999999875e+04 1.235146880149841309e+00
1.999868400000000111e+04 7.969220280647277832e-01
1.999876699999999983e+04 0.000000000000000000e+00
1.999884999999999854e+04 0.000000000000000000e+00
1.999893300000000090e+04 0.000000000000000000e+00
1.999901599999999962e+04 0.000000000000000000e+00
1.999909899999999834e+04 0.000000000000000000e+00
1.999918200000000070e+04 0.000000000000000000e+00
1.999926499999999942e+04 0.000000000000000000e+00
1.999934800000000178e+04 0.000000000000000000e+00
1.999943100000000049e+04 0.000000000000000000e+00
1.999951399999999921e+04 8.149247765541076660e-01
1.999959700000000157e+04 1.354501605033874512e+00
1.999968000000000029e+04 1.064396023750305176e+00
1.999976299999999901e+04 0.000000000000000000e+00
1.999984600000000137e+04 0.000000000000000000e+00
1.999992900000000009e+04 0.000000000000000000e+00
