1.998009200000000055e+04 3.789403676986694336e+00
1.998017499999999927e+04 3.769947528839111328e+00
1.998025800000000163e+04 3.751500606536865234e+00
1.998034100000000035e+04 3.732620716094970703e+00
1.998042399999999907e+04 3.715816974639892578e+00
1.998050700000000143e+04 3.707262039184570312e+00
1.998059000000000015e+04 3.802167177200317383e+00
1.998067299999999886e+04 5.230245590209960938e+00
1.998075600000000122e+04 4.039909839630126953e+00
1.998083899999999994e+04 3.895851373672485352e+00
1.998092199999999866e+04 3.828989267349243164e+00
1.998100500000000102e+04 3.801305532455444336e+00
1.998108799999999974e+04 3.782398223876953125e+00
1.998117099999999846e+04 3.764474391937255859e+00
1.998125400000000081e+04 3.740312814712524414e+00
1.998133699999999953e+04 3.725491046905517578e+00
1.998141999999999825e+04 3.703262090682983398e+00
1.998150300000000061e+04 3.697248458862304688e+00
1.998158599999999933e+04 3.784323692321777344e+00
1.998166900000000169e+04 4.890552997589111328e+00
1.998175200000000041e+04 4.047692775726318359e+00
1.998183499999999913e+04 3.896087408065795898e+00
1.998191800000000148e+04 3.827482461929321289e+00
1.998200100000000020e+04 3.801112174987792969e+00
1.998208399999999892e+04 3.779079437255859375e+00
1.998216700000000128e+04 3.757809162139892578e+00
1.998225000000000000e+04 3.740997791290283203e+00
1.998233299999999872e+04 3.719684362411499023e+00
1.998241600000000108e+04 3.704130649566650391e+00
1.998249899999999980e+04 3.697015047073364258e+00
1.998258199999999852e+04 3.783146858215332031e+00
1.998266500000000087e+04 4.938329696655273438e+00
1.998274799999999959e+04 4.133687973022460938e+00
1.998283099999999831e+04 3.923242807388305664e+00
1.998291400000000067e+04 3.835212945938110352e+00
1.998299699999999939e+04 3.807585716247558594e+00
1.998308000000000175e+04 3.783204317092895508e+00
1.998316300000000047e+04 3.764227151870727539e+00
1.998324599999999919e+04 3.743199348449707031e+00
1.998332900000000154e+04 3.726476907730102539e+00
1.998341200000000026e+04 3.709217786788940430e+00
1.998349499999999898e+04 3.700393676757812500e+00
1.998357800000000134e+04 3.764114141464233398e+00
1.998366100000000006e+04 4.685271263122558594e+00
1.998374399999999878e+04 3.963810920715332031e+00
1.998382700000000114e+04 3.886944293975830078e+00
1.998390999999999985e+04 3.827171802520751953e+00
1.998399299999999857e+04 3.804011106491088867e+00
1.998407600000000093e+04 3.782736539840698242e+00
1.998415899999999965e+04 3.763807058334350586e+00
1.998424199999999837e+04 3.746568679809570312e+00
1.998432500000000073e+04 3.727121591567993164e+00
1.998440799999999945e+04 3.708536863327026367e+00
1.998449100000000180e+04 3.699130773544311523e+00
1.998457400000000052e+04 3.767237186431884766e+00
1.998465699999999924e+04 4.719855785369873047e+00
1.998474000000000160e+04 4.013906002044677734e+00
1.998482300000000032e+04 3.905838251113891602e+00
1.998490599999999904e+04 3.837347507476806641e+00
1.998498900000000140e+04 3.805934906005859375e+00
1.998507200000000012e+04 3.783179283142089844e+00
1.998515499999999884e+04 3.763660192489624023e+00
1.998523800000000119e+04 3.744617223739624023e+00
1.998532099999999991e+04 3.727138280868530273e+00
1.998540399999999863e+04 3.707653999328613281e+00
1.998548700000000099e+04 3.698039293289184570e+00
1.998556999999999971e+04 3.766094684600830078e+00
1.998565299999999843e+04 4.719326019287109375e+00
1.998573600000000079e+04 3.966183662414550781e+00
1.998581899999999951e+04 3.886232614517211914e+00
1.998590199999999822e+04 3.831936359405517578e+00
1.998598500000000058e+04 3.803942203521728516e+00
1.998606799999999930e+04 3.781854867935180664e+00
1.998615100000000166e+04 3.760744810104370117e+00
1.998623400000000038e+04 3.742577314376831055e+00
1.998631699999999910e+04 3.725623607635498047e+00
1.998640000000000146e+04 3.706257104873657227e+00
1.998648300000000017e+04 3.697310924530029297e+00
1.998656599999999889e+04 3.768522262573242188e+00
1.998664900000000125e+04 4.676093578338623047e+00
1.998673199999999997e+04 4.003851890563964844e+00
1.998681499999999869e+04 3.925361871719360352e+00
1.998689800000000105e+04 3.833335399627685547e+00
1.998698099999999977e+04 3.800200939178466797e+00
1.998706399999999849e+04 3.782264471054077148e+00
1.998714700000000084e+04 3.759570360183715820e+00
1.998722999999999956e+04 3.741635322570800781e+00
1.998731299999999828e+04 3.724709749221801758e+00
1.998739600000000064e+04 3.707303524017333984e+00
1.998747899999999936e+04 3.696104526519775391e+00
1.998756200000000172e+04 3.748551130294799805e+00
1.998764500000000044e+04 4.054323196411132812e+00
1.998772799999999916e+04 4.362168312072753906e+00
1.998781100000000151e+04 3.983635187149047852e+00
1.998789400000000023e+04 3.853905200958251953e+00
1.998797699999999895e+04 3.808001995086669922e+00
1.998806000000000131e+04 3.782796859741210938e+00
1.998814300000000003e+04 3.764908313751220703e+00
1.998822599999999875e+04 3.743721723556518555e+00
1.998830900000000111e+04 3.723677158355712891e+00
1.998839199999999983e+04 3.706575632095336914e+00
1.998847499999999854e+04 3.693979740142822266e+00
1.998855800000000090e+04 3.743881464004516602e+00
1.998864099999999962e+04 4.056067943572998047e+00
1.998872399999999834e+04 4.378292560577392578e+00
1.998880700000000070e+04 3.987278938293457031e+00
1.998888999999999942e+04 3.853812217712402344e+00
1.998897300000000178e+04 3.804464101791381836e+00
1.998905600000000049e+04 3.782241344451904297e+00
1.998913899999999921e+04 3.762824058532714844e+00
1.998922200000000157e+04 3.743185281753540039e+00
1.998930500000000029e+04 3.723299741744995117e+00
1.998938799999999901e+04 3.705594062805175781e+00
1.998947100000000137e+04 3.693458080291748047e+00
1.998955400000000009e+04 3.742820978164672852e+00
1.998963699999999881e+04 4.055542945861816406e+00
1.998972000000000116e+04 4.359357833862304688e+00
1.998980299999999988e+04 3.981086254119873047e+00
1.998988599999999860e+04 3.851432323455810547e+00
1.998996900000000096e+04 3.805565595626831055e+00
1.999005199999999968e+04 3.782621860504150391e+00
1.999013499999999840e+04 3.766881704330444336e+00
1.999021800000000076e+04 3.750020742416381836e+00
1.999030099999999948e+04 3.729590177536010742e+00
1.999038399999999820e+04 3.711803197860717773e+00
1.999046700000000055e+04 3.699641942977905273e+00
1.999054999999999927e+04 3.749101877212524414e+00
1.999063300000000163e+04 4.058768749237060547e+00
1.999071600000000035e+04 4.382709026336669922e+00
1.999079899999999907e+04 4.048610210418701172e+00
1.999088200000000143e+04 3.871124029159545898e+00
1.999096500000000015e+04 3.817993640899658203e+00
1.999104799999999886e+04 3.788521051406860352e+00
1.999113100000000122e+04 3.769137859344482422e+00
1.999121399999999994e+04 3.749614477157592773e+00
1.999129699999999866e+04 3.729591131210327148e+00
1.999138000000000102e+04 3.709549665451049805e+00
1.999146299999999974e+04 3.699101448059082031e+00
1.999154599999999846e+04 3.728183984756469727e+00
1.999162900000000081e+04 4.084114551544189453e+00
1.999171199999999953e+04 4.620921134948730469e+00
1.999179499999999825e+04 3.998009920120239258e+00
1.999187800000000061e+04 3.861499071121215820e+00
1.999196099999999933e+04 3.811179637908935547e+00
1.999204400000000169e+04 3.790132999420166016e+00
1.999212700000000041e+04 3.772269725799560547e+00
1.999220999999999913e+04 3.748214721679687500e+00
1.999229300000000148e+04 3.733726024627685547e+00
1.999237600000000020e+04 3.711806774139404297e+00
1.999245899999999892e+04 3.695638179779052734e+00
1.999254200000000128e+04 3.731477975845336914e+00
1.999262500000000000e+04 3.883285045623779297e+00
1.999270799999999872e+04 4.750327110290527344e+00
1.999279100000000108e+04 4.019730567932128906e+00
1.999287399999999980e+04 3.864953517913818359e+00
1.999295699999999852e+04 3.813184738159179688e+00
1.999304000000000087e+04 3.788097858428955078e+00
1.999312299999999959e+04 3.769437551498413086e+00
1.999320599999999831e+04 3.747202634811401367e+00
1.999328900000000067e+04 3.728749990463256836e+00
1.999337199999999939e+04 3.711234331130981445e+00
1.999345500000000175e+04 3.694855213165283203e+00
1.999353800000000047e+04 3.727137804031372070e+00
1.999362099999999919e+04 3.884676456451416016e+00
1.999370400000000154e+04 4.747943878173828125e+00
1.999378700000000026e+04 4.085477828979492188e+00
1.999386999999999898e+04 3.877991676330566406e+00
1.999395300000000134e+04 3.818800449371337891e+00
1.999403600000000006e+04 3.791481018066406250e+00
1.999411899999999878e+04 3.764920234680175781e+00
1.999420200000000114e+04 3.746634006500244141e+00
1.999428499999999985e+04 3.727595567703247070e+00
1.999436799999999857e+04 3.707727193832397461e+00
1.999445100000000093e+04 3.696689844131469727e+00
1.999453399999999965e+04 3.728053808212280273e+00
1.999461699999999837e+04 3.888836622238159180e+00
1.999470000000000073e+04 4.707788944244384766e+00
1.999478299999999945e+04 4.009706974029541016e+00
1.999486600000000180e+04 3.860725641250610352e+00
1.999494900000000052e+04 3.813703536987304688e+00
1.999503199999999924e+04 3.786005258560180664e+00
1.999511500000000160e+04 3.765931606292724609e+00
1.999519800000000032e+04 3.746485471725463867e+00
1.999528099999999904e+04 3.725751876831054688e+00
1.999536400000000140e+04 3.707373380661010742e+00
1.999544700000000012e+04 3.691892147064208984e+00
1.999552999999999884e+04 3.724579334259033203e+00
1.999561300000000119e+04 3.883799791336059570e+00
1.999569599999999991e+04 5.017467021942138672e+00
1.999577899999999863e+04 4.003539085388183594e+00
1.999586200000000099e+04 3.859885215759277344e+00
1.999594499999999971e+04 3.810374736785888672e+00
1.999602799999999843e+04 3.784772634506225586e+00
1.999611100000000079e+04 3.764374256134033203e+00
1.999619399999999951e+04 3.745903730392456055e+00
1.999627699999999822e+04 3.725633859634399414e+00
1.999636000000000058e+04 3.706901073455810547e+00
1.999644299999999930e+04 3.689084529876708984e+00
1.999652600000000166e+04 3.704711437225341797e+00
1.999660900000000038e+04 3.807976961135864258e+00
1.999669199999999910e+04 5.047505378723144531e+00
1.999677500000000146e+04 4.068626403808593750e+00
1.999685800000000017e+04 3.893030881881713867e+00
1.999694099999999889e+04 3.808792591094970703e+00
1.999702400000000125e+04 3.783938407897949219e+00
1.999710699999999997e+04 3.766976594924926758e+00
1.999718999999999869e+04 3.747008562088012695e+00
1.999727300000000105e+04 3.725770950317382812e+00
1.999735599999999977e+04 3.709125757217407227e+00
1.999743899999999849e+04 3.689742565155029297e+00
1.999752200000000084e+04 3.702888488769531250e+00
1.999760499999999956e+04 3.806587219238281250e+00
1.999768799999999828e+04 5.046795368194580078e+00
1.999777100000000064e+04 4.067326545715332031e+00
1.999785399999999936e+04 3.872362613677978516e+00
1.999793700000000172e+04 3.802424430847167969e+00
1.999802000000000044e+04 3.784527063369750977e+00
1.999810299999999916e+04 3.763570547103881836e+00
1.999818600000000151e+04 3.742835044860839844e+00
1.999826900000000023e+04 3.723819732666015625e+00
1.999835199999999895e+04 3.704829454421997070e+00
1.999843500000000131e+04 3.690520048141479492e+00
1.999851800000000003e+04 3.703642606735229492e+00
1.999860099999999875e+04 3.805464982986450195e+00
1.999868400000000111e+04 5.046062946319580078e+00
1.999876699999999983e+04 4.002556800842285156e+00
1.999884999999999854e+04 3.857319116592407227e+00
1.999893300000000090e+04 3.804916381835937500e+00
1.999901599999999962e+04 3.782651901245117188e+00
1.999909899999999834e+04 3.761681795120239258e+00
1.999918200000000070e+04 3.742444038391113281e+00
1.999926499999999942e+04 3.723353385925292969e+00
1.999934800000000178e+04 3.704250097274780273e+00
1.999943100000000049e+04 3.686354875564575195e+00
1.999951399999999921e+04 3.701926708221435547e+00
1.999959700000000157e+04 3.798677682876586914e+00
1.999968000000000029e+04 5.276376247406005859e+00
1.999976299999999901e+04 3.976966142654418945e+00
1.999984600000000137e+04 3.864695072174072266e+00
1.999992900000000009e+04 3.805977582931518555e+00
