1.998009200000000055e+04 1.171751880645751953e+01
1.998017499999999927e+04 1.150078582763671875e+01
1.998025800000000163e+04 1.129766845703125000e+01
1.998034100000000035e+04 1.112401676177978516e+01
1.998042399999999907e+04 1.096915626525878906e+01
1.998050700000000143e+04 1.100551509857177734e+01
1.998059000000000015e+04 1.214150714874267578e+01
1.998067299999999886e+04 1.268205451965332031e+01
1.998075600000000122e+04 1.277371215820312500e+01
1.998083899999999994e+04 1.263017559051513672e+01
1.998092199999999866e+04 1.228694438934326172e+01
1.998100500000000102e+04 1.192384338378906250e+01
1.998108799999999974e+04 1.162476348876953125e+01
1.998117099999999846e+04 1.139045619964599609e+01
1.998125400000000081e+04 1.110561561584472656e+01
1.998133699999999953e+04 1.098731899261474609e+01
1.998141999999999825e+04 1.078398323059082031e+01
1.998150300000000061e+04 1.082213306427001953e+01
1.998158599999999933e+04 1.181182670593261719e+01
1.998166900000000169e+04 1.258403682708740234e+01
1.998175200000000041e+04 1.271367263793945312e+01
1.998183499999999913e+04 1.257086086273193359e+01
1.998191800000000148e+04 1.219590759277343750e+01
1.998200100000000020e+04 1.185793590545654297e+01
1.998208399999999892e+04 1.153777503967285156e+01
1.998216700000000128e+04 1.124903678894042969e+01
1.998225000000000000e+04 1.106339645385742188e+01
1.998233299999999872e+04 1.088174915313720703e+01
1.998241600000000108e+04 1.076806068420410156e+01
1.998249899999999980e+04 1.075790977478027344e+01
1.998258199999999852e+04 1.180223751068115234e+01
1.998266500000000087e+04 1.256408786773681641e+01
1.998274799999999959e+04 1.260393714904785156e+01
1.998283099999999831e+04 1.257810115814208984e+01
1.998291400000000067e+04 1.225697803497314453e+01
1.998299699999999939e+04 1.191886043548583984e+01
1.998308000000000175e+04 1.156595802307128906e+01
1.998316300000000047e+04 1.126357650756835938e+01
1.998324599999999919e+04 1.104844284057617188e+01
1.998332900000000154e+04 1.090159606933593750e+01
1.998341200000000026e+04 1.075913524627685547e+01
1.998349499999999898e+04 1.074055671691894531e+01
1.998357800000000134e+04 1.155883884429931641e+01
1.998366100000000006e+04 1.247251892089843750e+01
1.998374399999999878e+04 1.249192905426025391e+01
1.998382700000000114e+04 1.253135490417480469e+01
1.998390999999999985e+04 1.216699695587158203e+01
1.998399299999999857e+04 1.180470943450927734e+01
1.998407600000000093e+04 1.144224262237548828e+01
1.998415899999999965e+04 1.119406414031982422e+01
1.998424199999999837e+04 1.104806137084960938e+01
1.998432500000000073e+04 1.079769515991210938e+01
1.998440799999999945e+04 1.068710041046142578e+01
1.998449100000000180e+04 1.067693614959716797e+01
1.998457400000000052e+04 1.149352550506591797e+01
1.998465699999999924e+04 1.233885574340820312e+01
1.998474000000000160e+04 1.247537040710449219e+01
1.998482300000000032e+04 1.238895702362060547e+01
1.998490599999999904e+04 1.208533287048339844e+01
1.998498900000000140e+04 1.173091506958007812e+01
1.998507200000000012e+04 1.139868354797363281e+01
1.998515499999999884e+04 1.111040115356445312e+01
1.998523800000000119e+04 1.090617084503173828e+01
1.998532099999999991e+04 1.071830654144287109e+01
1.998540399999999863e+04 1.058646488189697266e+01
1.998548700000000099e+04 1.057652473449707031e+01
1.998556999999999971e+04 1.145376586914062500e+01
1.998565299999999843e+04 1.229794216156005859e+01
1.998573600000000079e+04 1.230980873107910156e+01
1.998581899999999951e+04 1.231322383880615234e+01
1.998590199999999822e+04 1.202823448181152344e+01
1.998598500000000058e+04 1.163932895660400391e+01
1.998606799999999930e+04 1.128030681610107422e+01
1.998615100000000166e+04 1.096301841735839844e+01
1.998623400000000038e+04 1.073829460144042969e+01
1.998631699999999910e+04 1.058528614044189453e+01
1.998640000000000146e+04 1.044461345672607422e+01
1.998648300000000017e+04 1.040110588073730469e+01
1.998656599999999889e+04 1.128537940979003906e+01
1.998664900000000125e+04 1.205818462371826172e+01
1.998673199999999997e+04 1.224033069610595703e+01
1.998681499999999869e+04 1.221483135223388672e+01
1.998689800000000105e+04 1.187799263000488281e+01
1.998698099999999977e+04 1.150184822082519531e+01
1.998706399999999849e+04 1.120850276947021484e+01
1.998714700000000084e+04 1.087724208831787109e+01
1.998722999999999956e+04 1.067026710510253906e+01
1.998731299999999828e+04 1.052270698547363281e+01
1.998739600000000064e+04 1.034241771697998047e+01
1.998747899999999936e+04 1.032967853546142578e+01
1.998756200000000172e+04 1.099588966369628906e+01
1.998764500000000044e+04 1.193092441558837891e+01
1.998772799999999916e+04 1.215948200225830078e+01
1.998781100000000151e+04 1.204456710815429688e+01
1.998789400000000023e+04 1.187303543090820312e+01
1.998797699999999895e+04 1.146159744262695312e+01
1.998806000000000131e+04 1.112220478057861328e+01
1.998814300000000003e+04 1.085143184661865234e+01
1.998822599999999875e+04 1.058884239196777344e+01
1.998830900000000111e+04 1.041627311706542969e+01
1.998839199999999983e+04 1.023560333251953125e+01
1.998847499999999854e+04 1.018529319763183594e+01
1.998855800000000090e+04 1.082706928253173828e+01
1.998864099999999962e+04 1.174711418151855469e+01
1.998872399999999834e+04 1.194229698181152344e+01
1.998880700000000070e+04 1.192550086975097656e+01
1.998888999999999942e+04 1.165121841430664062e+01
1.998897300000000178e+04 1.127663326263427734e+01
1.998905600000000049e+04 1.095359134674072266e+01
1.998913899999999921e+04 1.067864227294921875e+01
1.998922200000000157e+04 1.044620227813720703e+01
1.998930500000000029e+04 1.026991558074951172e+01
1.998938799999999901e+04 1.010455513000488281e+01
1.998947100000000137e+04 1.010096740722656250e+01
1.998955400000000009e+04 1.072722530364990234e+01
1.998963699999999881e+04 1.161495494842529297e+01
1.998972000000000116e+04 1.178886318206787109e+01
1.998980299999999988e+04 1.175610733032226562e+01
1.998988599999999860e+04 1.152201271057128906e+01
1.998996900000000096e+04 1.120595836639404297e+01
1.999005199999999968e+04 1.085334300994873047e+01
1.999013499999999840e+04 1.061043739318847656e+01
1.999021800000000076e+04 1.045634841918945312e+01
1.999030099999999948e+04 1.023479557037353516e+01
1.999038399999999820e+04 1.012085151672363281e+01
1.999046700000000055e+04 1.003708934783935547e+01
1.999054999999999927e+04 1.067199039459228516e+01
1.999063300000000163e+04 1.156982803344726562e+01
1.999071600000000035e+04 1.174531269073486328e+01
1.999079899999999907e+04 1.172358512878417969e+01
1.999088200000000143e+04 1.151160335540771484e+01
1.999096500000000015e+04 1.115194606781005859e+01
1.999104799999999886e+04 1.079108142852783203e+01
1.999113100000000122e+04 1.053641986846923828e+01
1.999121399999999994e+04 1.028606700897216797e+01
1.999129699999999866e+04 1.010205078125000000e+01
1.999138000000000102e+04 9.965027809143066406e+00
1.999146299999999974e+04 9.938490867614746094e+00
1.999154599999999846e+04 1.030226516723632812e+01
1.999162900000000081e+04 1.144878387451171875e+01
1.999171199999999953e+04 1.162253665924072266e+01
1.999179499999999825e+04 1.159818172454833984e+01
1.999187800000000061e+04 1.134919738769531250e+01
1.999196099999999933e+04 1.096662425994873047e+01
1.999204400000000169e+04 1.065259456634521484e+01
1.999212700000000041e+04 1.037479591369628906e+01
1.999220999999999913e+04 1.007613372802734375e+01
1.999229300000000148e+04 9.928953170776367188e+00
1.999237600000000020e+04 9.769856452941894531e+00
1.999245899999999892e+04 9.693349838256835938e+00
1.999254200000000128e+04 1.018188381195068359e+01
1.999262500000000000e+04 1.116747760772705078e+01
1.999270799999999872e+04 1.146226024627685547e+01
1.999279100000000108e+04 1.147573566436767578e+01
1.999287399999999980e+04 1.118950080871582031e+01
1.999295699999999852e+04 1.084544086456298828e+01
1.999304000000000087e+04 1.046852302551269531e+01
1.999312299999999959e+04 1.016608428955078125e+01
1.999320599999999831e+04 9.908011436462402344e+00
1.999328900000000067e+04 9.724464416503906250e+00
1.999337199999999939e+04 9.614596366882324219e+00
1.999345500000000175e+04 9.499517440795898438e+00
1.999353800000000047e+04 9.982061386108398438e+00
1.999362099999999919e+04 1.103585624694824219e+01
1.999370400000000154e+04 1.137175750732421875e+01
1.999378700000000026e+04 1.133646965026855469e+01
1.999386999999999898e+04 1.109699916839599609e+01
1.999395300000000134e+04 1.069086360931396484e+01
1.999403600000000006e+04 1.034278297424316406e+01
1.999411899999999878e+04 9.941232681274414062e+00
1.999420200000000114e+04 9.681602478027343750e+00
1.999428499999999985e+04 9.505602836608886719e+00
1.999436799999999857e+04 9.359694480895996094e+00
1.999445100000000093e+04 9.296925544738769531e+00
1.999453399999999965e+04 9.751061439514160156e+00
1.999461699999999837e+04 1.080068206787109375e+01
1.999470000000000073e+04 1.124904727935791016e+01
1.999478299999999945e+04 1.121316242218017578e+01
1.999486600000000180e+04 1.099277305603027344e+01
1.999494900000000052e+04 1.062625408172607422e+01
1.999503199999999924e+04 1.017202472686767578e+01
1.999511500000000160e+04 9.882530212402343750e+00
1.999519800000000032e+04 9.621681213378906250e+00
1.999528099999999904e+04 9.373221397399902344e+00
1.999536400000000140e+04 9.234684944152832031e+00
1.999544700000000012e+04 9.172939300537109375e+00
1.999552999999999884e+04 9.601408958435058594e+00
1.999561300000000119e+04 1.060517883300781250e+01
1.999569599999999991e+04 1.114513301849365234e+01
1.999577899999999863e+04 1.113600063323974609e+01
1.999586200000000099e+04 1.092482185363769531e+01
1.999594499999999971e+04 1.056220149993896484e+01
1.999602799999999843e+04 1.012799644470214844e+01
1.999611100000000079e+04 9.796737670898437500e+00
1.999619399999999951e+04 9.549026489257812500e+00
1.999627699999999822e+04 9.306184768676757812e+00
1.999636000000000058e+04 9.122803688049316406e+00
1.999644299999999930e+04 9.034930229187011719e+00
1.999652600000000166e+04 9.282449722290039062e+00
1.999660900000000038e+04 1.037289142608642578e+01
1.999669199999999910e+04 1.096119880676269531e+01
1.999677500000000146e+04 1.107171726226806641e+01
1.999685800000000017e+04 1.085515594482421875e+01
1.999694099999999889e+04 1.041450500488281250e+01
1.999702400000000125e+04 1.003260421752929688e+01
1.999710699999999997e+04 9.737251281738281250e+00
1.999718999999999869e+04 9.497580528259277344e+00
1.999727300000000105e+04 9.238688468933105469e+00
1.999735599999999977e+04 9.075528144836425781e+00
1.999743899999999849e+04 8.963437080383300781e+00
1.999752200000000084e+04 9.173438072204589844e+00
1.999760499999999956e+04 1.029515361785888672e+01
1.999768799999999828e+04 1.089668178558349609e+01
1.999777100000000064e+04 1.092869377136230469e+01
1.999785399999999936e+04 1.075778961181640625e+01
1.999793700000000172e+04 1.031335926055908203e+01
1.999802000000000044e+04 9.997317314147949219e+00
1.999810299999999916e+04 9.637843132019042969e+00
1.999818600000000151e+04 9.358232498168945312e+00
1.999826900000000023e+04 9.161375999450683594e+00
1.999835199999999895e+04 8.985185623168945312e+00
1.999843500000000131e+04 8.896273612976074219e+00
1.999851800000000003e+04 9.172133445739746094e+00
1.999860099999999875e+04 1.025052070617675781e+01
1.999868400000000111e+04 1.078798866271972656e+01
1.999876699999999983e+04 1.084377288818359375e+01
1.999884999999999854e+04 1.068813228607177734e+01
1.999893300000000090e+04 1.028805351257324219e+01
1.999901599999999962e+04 9.887691497802734375e+00
1.999909899999999834e+04 9.558291435241699219e+00
1.999918200000000070e+04 9.309590339660644531e+00
1.999926499999999942e+04 9.092683792114257812e+00
1.999934800000000178e+04 8.939848899841308594e+00
1.999943100000000049e+04 8.824726104736328125e+00
1.999951399999999921e+04 9.076123237609863281e+00
1.999959700000000157e+04 1.008336067199707031e+01
1.999968000000000029e+04 1.073468112945556641e+01
1.999976299999999901e+04 1.081633090972900391e+01
1.999984600000000137e+04 1.070181655883789062e+01
1.999992900000000009e+04 1.026659679412841797e+01
