2.500009800000000178e+04 1.489294189453125000e+03
2.500018100000000049e+04 1.489298095703125000e+03
2.500026399999999921e+04 1.489302978515625000e+03
2.500034700000000157e+04 1.489308349609375000e+03
2.500043000000000029e+04 1.489313842773437500e+03
2.500051299999999901e+04 1.489319702148437500e+03
2.500059600000000137e+04 1.489586791992187500e+03
2.500067900000000009e+04 1.489592041015625000e+03
2.500076199999999881e+04 1.489630615234375000e+03
2.500084500000000116e+04 1.489634277343750000e+03
2.500092799999999988e+04 1.489637329101562500e+03
2.500101099999999860e+04 1.489640625000000000e+03
2.500109400000000096e+04 1.489644042968750000e+03
2.500117699999999968e+04 1.489647827148437500e+03
2.500125999999999840e+04 1.489652587890625000e+03
2.500134300000000076e+04 1.489657836914062500e+03
2.500142599999999948e+04 1.489663330078125000e+03
2.500150899999999820e+04 1.489669189453125000e+03
2.500159200000000055e+04 1.489759033203125000e+03
2.500167499999999927e+04 1.489764160156250000e+03
2.500175800000000163e+04 1.489795043945312500e+03
2.500184100000000035e+04 1.489798828125000000e+03
2.500192399999999907e+04 1.489801757812500000e+03
2.500200700000000143e+04 1.489805175781250000e+03
2.500209000000000015e+04 1.489808471679687500e+03
2.500217299999999886e+04 1.489812255859375000e+03
2.500225600000000122e+04 1.489817016601562500e+03
2.500233899999999994e+04 1.489822265625000000e+03
2.500242199999999866e+04 1.489827758789062500e+03
2.500250500000000102e+04 1.489833618164062500e+03
2.500258799999999974e+04 1.489913085937500000e+03
2.500267099999999846e+04 1.489918212890625000e+03
2.500275400000000081e+04 1.489945922851562500e+03
2.500283699999999953e+04 1.489949707031250000e+03
2.500291999999999825e+04 1.489952636718750000e+03
2.500300300000000061e+04 1.489956054687500000e+03
2.500308599999999933e+04 1.489959472656250000e+03
2.500316900000000169e+04 1.489963134765625000e+03
2.500325200000000041e+04 1.489967895507812500e+03
2.500333499999999913e+04 1.489973144531250000e+03
2.500341800000000148e+04 1.489978637695312500e+03
2.500350100000000020e+04 1.489984497070312500e+03
2.500358399999999892e+04 1.490056274414062500e+03
2.500366700000000128e+04 1.490061401367187500e+03
2.500375000000000000e+04 1.490086669921875000e+03
2.500383299999999872e+04 1.490090454101562500e+03
2.500391600000000108e+04 1.490093383789062500e+03
2.500399899999999980e+04 1.490096801757812500e+03
2.500408199999999852e+04 1.490100097656250000e+03
2.500416500000000087e+04 1.490103759765625000e+03
2.500424799999999959e+04 1.490108520507812500e+03
2.500433099999999831e+04 1.490113891601562500e+03
2.500441400000000067e+04 1.490119384765625000e+03
2.500449699999999939e+04 1.490125122070312500e+03
2.500458000000000175e+04 1.490190795898437500e+03
2.500466300000000047e+04 1.490196044921875000e+03
2.500474599999999919e+04 1.490219604492187500e+03
2.500482900000000154e+04 1.490223510742187500e+03
2.500491200000000026e+04 1.490226562500000000e+03
2.500499499999999898e+04 1.490229858398437500e+03
2.500507800000000134e+04 1.490233276367187500e+03
2.500516100000000006e+04 1.490236938476562500e+03
2.500524399999999878e+04 1.490241455078125000e+03
2.500532700000000114e+04 1.490246704101562500e+03
2.500540999999999985e+04 1.490252075195312500e+03
2.500549299999999857e+04 1.490257934570312500e+03
2.500557600000000093e+04 1.490318603515625000e+03
2.500565899999999965e+04 1.490323852539062500e+03
2.500574199999999837e+04 1.490345947265625000e+03
2.500582500000000073e+04 1.490349731445312500e+03
2.500590799999999945e+04 1.490352783203125000e+03
2.500599100000000180e+04 1.490356079101562500e+03
2.500607400000000052e+04 1.490359497070312500e+03
2.500615699999999924e+04 1.490363159179687500e+03
2.500624000000000160e+04 1.490367675781250000e+03
2.500632300000000032e+04 1.490372924804687500e+03
2.500640599999999904e+04 1.490378295898437500e+03
2.500648900000000140e+04 1.490384155273437500e+03
2.500657200000000012e+04 1.490440673828125000e+03
2.500665499999999884e+04 1.490446044921875000e+03
2.500673800000000119e+04 1.490466796875000000e+03
2.500682099999999991e+04 1.490470581054687500e+03
2.500690399999999863e+04 1.490473754882812500e+03
2.500698700000000099e+04 1.490477050781250000e+03
2.500706999999999971e+04 1.490480346679687500e+03
2.500715299999999843e+04 1.490484008789062500e+03
2.500723600000000079e+04 1.490488647460937500e+03
2.500731899999999951e+04 1.490493774414062500e+03
2.500740199999999822e+04 1.490499267578125000e+03
2.500748500000000058e+04 1.490505004882812500e+03
2.500756799999999930e+04 1.490558227539062500e+03
2.500765100000000166e+04 1.490563476562500000e+03
2.500773400000000038e+04 1.490583129882812500e+03
2.500781699999999910e+04 1.490587036132812500e+03
2.500790000000000146e+04 1.490590087890625000e+03
2.500798300000000017e+04 1.490593383789062500e+03
2.500806599999999889e+04 1.490596801757812500e+03
2.500814900000000125e+04 1.490600341796875000e+03
2.500823199999999997e+04 1.490604858398437500e+03
2.500831499999999869e+04 1.490610107421875000e+03
2.500839800000000105e+04 1.490615600585937500e+03
2.500848099999999977e+04 1.490621337890625000e+03
2.500856399999999849e+04 1.490671630859375000e+03
2.500864700000000084e+04 1.490677001953125000e+03
2.500872999999999956e+04 1.490695922851562500e+03
2.500881299999999828e+04 1.490699951171875000e+03
2.500889600000000064e+04 1.490703125000000000e+03
2.500897899999999936e+04 1.490706420898437500e+03
2.500906200000000172e+04 1.490709716796875000e+03
2.500914500000000044e+04 1.490713378906250000e+03
2.500922799999999916e+04 1.490717651367187500e+03
2.500931100000000151e+04 1.490722778320312500e+03
2.500939400000000023e+04 1.490728149414062500e+03
2.500947699999999895e+04 1.490733886718750000e+03
2.500956000000000131e+04 1.490781616210937500e+03
2.500964300000000003e+04 1.490787109375000000e+03
2.500972599999999875e+04 1.490805175781250000e+03
2.500980900000000111e+04 1.490809204101562500e+03
2.500989199999999983e+04 1.490812500000000000e+03
2.500997499999999854e+04 1.490815673828125000e+03
2.501005800000000090e+04 1.490819091796875000e+03
2.501014099999999962e+04 1.490822631835937500e+03
2.501022399999999834e+04 1.490826904296875000e+03
2.501030700000000070e+04 1.490832031250000000e+03
2.501038999999999942e+04 1.490837402343750000e+03
2.501047300000000178e+04 1.490843139648437500e+03
2.501055600000000049e+04 1.490888793945312500e+03
2.501063899999999921e+04 1.490894287109375000e+03
2.501072200000000157e+04 1.490911621093750000e+03
2.501080500000000029e+04 1.490915649414062500e+03
2.501088799999999901e+04 1.490918945312500000e+03
2.501097100000000137e+04 1.490922119140625000e+03
2.501105400000000009e+04 1.490925537109375000e+03
2.501113699999999881e+04 1.490929077148437500e+03
2.501122000000000116e+04 1.490933349609375000e+03
2.501130299999999988e+04 1.490938476562500000e+03
2.501138599999999860e+04 1.490943969726562500e+03
2.501146900000000096e+04 1.490949584960937500e+03
2.501155199999999968e+04 1.490993408203125000e+03
2.501163499999999840e+04 1.490998779296875000e+03
2.501171800000000076e+04 1.491015625000000000e+03
2.501180099999999948e+04 1.491019653320312500e+03
2.501188399999999820e+04 1.491022827148437500e+03
2.501196700000000055e+04 1.491026123046875000e+03
2.501204999999999927e+04 1.491029418945312500e+03
2.501213300000000163e+04 1.491032958984375000e+03
2.501221600000000035e+04 1.491037353515625000e+03
2.501229899999999907e+04 1.491042358398437500e+03
2.501238200000000143e+04 1.491047851562500000e+03
2.501246500000000015e+04 1.491053588867187500e+03
2.501254799999999886e+04 1.491095703125000000e+03
2.501263100000000122e+04 1.491101074218750000e+03
2.501271399999999994e+04 1.491117553710937500e+03
2.501279699999999866e+04 1.491121704101562500e+03
2.501288000000000102e+04 1.491125000000000000e+03
2.501296299999999974e+04 1.491128173828125000e+03
2.501304599999999846e+04 1.491131591796875000e+03
2.501312900000000081e+04 1.491135131835937500e+03
2.501321199999999953e+04 1.491139404296875000e+03
2.501329499999999825e+04 1.491144409179687500e+03
2.501337800000000061e+04 1.491149780273437500e+03
2.501346099999999933e+04 1.491155395507812500e+03
2.501354400000000169e+04 1.491196044921875000e+03
2.501362700000000041e+04 1.491201660156250000e+03
2.501370999999999913e+04 1.491217651367187500e+03
2.501379300000000148e+04 1.491221801757812500e+03
2.501387600000000020e+04 1.491225219726562500e+03
2.501395899999999892e+04 1.491228271484375000e+03
2.501404200000000128e+04 1.491231689453125000e+03
2.501412500000000000e+04 1.491235229492187500e+03
2.501420799999999872e+04 1.491239257812500000e+03
2.501429100000000108e+04 1.491244262695312500e+03
2.501437399999999980e+04 1.491249633789062500e+03
2.501445699999999852e+04 1.491255249023437500e+03
2.501454000000000087e+04 1.491294677734375000e+03
2.501462299999999959e+04 1.491300292968750000e+03
2.501470599999999831e+04 1.491315917968750000e+03
2.501478900000000067e+04 1.491319946289062500e+03
2.501487199999999939e+04 1.491323364257812500e+03
2.501495500000000175e+04 1.491326538085937500e+03
2.501503800000000047e+04 1.491329833984375000e+03
2.501512099999999919e+04 1.491333374023437500e+03
2.501520400000000154e+04 1.491337524414062500e+03
2.501528700000000026e+04 1.491342529296875000e+03
2.501536999999999898e+04 1.491347900390625000e+03
2.501545300000000134e+04 1.491353515625000000e+03
2.501553600000000006e+04 1.491391723632812500e+03
2.501561899999999878e+04 1.491397338867187500e+03
2.501570200000000114e+04 1.491412597656250000e+03
2.501578499999999985e+04 1.491416625976562500e+03
2.501586799999999857e+04 1.491420043945312500e+03
2.501595100000000093e+04 1.491423217773437500e+03
2.501603399999999965e+04 1.491426635742187500e+03
2.501611699999999837e+04 1.491430053710937500e+03
2.501620000000000073e+04 1.491434204101562500e+03
2.501628299999999945e+04 1.491439086914062500e+03
2.501636600000000180e+04 1.491444458007812500e+03
2.501644900000000052e+04 1.491450195312500000e+03
2.501653199999999924e+04 1.491487426757812500e+03
2.501661500000000160e+04 1.491492919921875000e+03
2.501669800000000032e+04 1.491508056640625000e+03
2.501678099999999904e+04 1.491512207031250000e+03
2.501686400000000140e+04 1.491515747070312500e+03
2.501694700000000012e+04 1.491518798828125000e+03
2.501702999999999884e+04 1.491522216796875000e+03
2.501711300000000119e+04 1.491525634765625000e+03
2.501719599999999991e+04 1.491529785156250000e+03
2.501727899999999863e+04 1.491534667968750000e+03
2.501736200000000099e+04 1.491540039062500000e+03
2.501744499999999971e+04 1.491545654296875000e+03
2.501752799999999843e+04 1.491581909179687500e+03
2.501761100000000079e+04 1.491587646484375000e+03
2.501769399999999951e+04 1.491602416992187500e+03
2.501777699999999822e+04 1.491606689453125000e+03
2.501786000000000058e+04 1.491610229492187500e+03
2.501794299999999930e+04 1.491613281250000000e+03
2.501802600000000166e+04 1.491616577148437500e+03
2.501810900000000038e+04 1.491620117187500000e+03
2.501819199999999910e+04 1.491624023437500000e+03
2.501827500000000146e+04 1.491628906250000000e+03
2.501835800000000017e+04 1.491634155273437500e+03
2.501844099999999889e+04 1.491639770507812500e+03
2.501852400000000125e+04 1.491675292968750000e+03
2.501860699999999997e+04 1.491680908203125000e+03
2.501868999999999869e+04 1.491695556640625000e+03
2.501877300000000105e+04 1.491699707031250000e+03
2.501885599999999977e+04 1.491703247070312500e+03
2.501893899999999849e+04 1.491706298828125000e+03
2.501902200000000084e+04 1.491709716796875000e+03
2.501910499999999956e+04 1.491713134765625000e+03
2.501918799999999828e+04 1.491717041015625000e+03
2.501927100000000064e+04 1.491721923828125000e+03
2.501935399999999936e+04 1.491727294921875000e+03
2.501943700000000172e+04 1.491732788085937500e+03
2.501952000000000044e+04 1.491767578125000000e+03
2.501960299999999916e+04 1.491773193359375000e+03
2.501968600000000151e+04 1.491787597656250000e+03
2.501976900000000023e+04 1.491791748046875000e+03
2.501985199999999895e+04 1.491795288085937500e+03
2.501993500000000131e+04 1.491798339843750000e+03
