2.500009800000000178e+04 1.489346191406250000e+03
2.500018100000000049e+04 1.489350097656250000e+03
2.500026399999999921e+04 1.489354980468750000e+03
2.500034700000000157e+04 1.489360229492187500e+03
2.500043000000000029e+04 1.489365844726562500e+03
2.500051299999999901e+04 1.489371582031250000e+03
2.500059600000000137e+04 1.489638793945312500e+03
2.500067900000000009e+04 1.489643920898437500e+03
2.500076199999999881e+04 1.489682495117187500e+03
2.500084500000000116e+04 1.489686279296875000e+03
2.500092799999999988e+04 1.489689208984375000e+03
2.500101099999999860e+04 1.489692626953125000e+03
2.500109400000000096e+04 1.489695922851562500e+03
2.500117699999999968e+04 1.489699707031250000e+03
2.500125999999999840e+04 1.489704467773437500e+03
2.500134300000000076e+04 1.489709716796875000e+03
2.500142599999999948e+04 1.489715209960937500e+03
2.500150899999999820e+04 1.489721069335937500e+03
2.500159200000000055e+04 1.489810913085937500e+03
2.500167499999999927e+04 1.489816040039062500e+03
2.500175800000000163e+04 1.489846923828125000e+03
2.500184100000000035e+04 1.489850708007812500e+03
2.500192399999999907e+04 1.489853637695312500e+03
2.500200700000000143e+04 1.489857055664062500e+03
2.500209000000000015e+04 1.489860473632812500e+03
2.500217299999999886e+04 1.489864135742187500e+03
2.500225600000000122e+04 1.489868896484375000e+03
2.500233899999999994e+04 1.489874145507812500e+03
2.500242199999999866e+04 1.489879638671875000e+03
2.500250500000000102e+04 1.489885498046875000e+03
2.500258799999999974e+04 1.489964965820312500e+03
2.500267099999999846e+04 1.489970092773437500e+03
2.500275400000000081e+04 1.489997802734375000e+03
2.500283699999999953e+04 1.490001586914062500e+03
2.500291999999999825e+04 1.490004516601562500e+03
2.500300300000000061e+04 1.490007934570312500e+03
2.500308599999999933e+04 1.490011352539062500e+03
2.500316900000000169e+04 1.490015014648437500e+03
2.500325200000000041e+04 1.490019775390625000e+03
2.500333499999999913e+04 1.490025024414062500e+03
2.500341800000000148e+04 1.490030517578125000e+03
2.500350100000000020e+04 1.490036376953125000e+03
2.500358399999999892e+04 1.490108154296875000e+03
2.500366700000000128e+04 1.490113281250000000e+03
2.500375000000000000e+04 1.490138549804687500e+03
2.500383299999999872e+04 1.490142333984375000e+03
2.500391600000000108e+04 1.490145263671875000e+03
2.500399899999999980e+04 1.490148559570312500e+03
2.500408199999999852e+04 1.490151977539062500e+03
2.500416500000000087e+04 1.490155639648437500e+03
2.500424799999999959e+04 1.490160400390625000e+03
2.500433099999999831e+04 1.490165649414062500e+03
2.500441400000000067e+04 1.490171264648437500e+03
2.500449699999999939e+04 1.490177001953125000e+03
2.500458000000000175e+04 1.490242675781250000e+03
2.500466300000000047e+04 1.490247924804687500e+03
2.500474599999999919e+04 1.490271484375000000e+03
2.500482900000000154e+04 1.490275390625000000e+03
2.500491200000000026e+04 1.490278442382812500e+03
2.500499499999999898e+04 1.490281738281250000e+03
2.500507800000000134e+04 1.490285156250000000e+03
2.500516100000000006e+04 1.490288818359375000e+03
2.500524399999999878e+04 1.490293334960937500e+03
2.500532700000000114e+04 1.490298461914062500e+03
2.500540999999999985e+04 1.490303955078125000e+03
2.500549299999999857e+04 1.490309692382812500e+03
2.500557600000000093e+04 1.490370483398437500e+03
2.500565899999999965e+04 1.490375732421875000e+03
2.500574199999999837e+04 1.490397705078125000e+03
2.500582500000000073e+04 1.490401611328125000e+03
2.500590799999999945e+04 1.490404663085937500e+03
2.500599100000000180e+04 1.490407958984375000e+03
2.500607400000000052e+04 1.490411376953125000e+03
2.500615699999999924e+04 1.490415039062500000e+03
2.500624000000000160e+04 1.490419555664062500e+03
2.500632300000000032e+04 1.490424804687500000e+03
2.500640599999999904e+04 1.490430175781250000e+03
2.500648900000000140e+04 1.490436035156250000e+03
2.500657200000000012e+04 1.490492553710937500e+03
2.500665499999999884e+04 1.490497924804687500e+03
2.500673800000000119e+04 1.490518676757812500e+03
2.500682099999999991e+04 1.490522460937500000e+03
2.500690399999999863e+04 1.490525512695312500e+03
2.500698700000000099e+04 1.490528808593750000e+03
2.500706999999999971e+04 1.490532226562500000e+03
2.500715299999999843e+04 1.490535888671875000e+03
2.500723600000000079e+04 1.490540405273437500e+03
2.500731899999999951e+04 1.490545654296875000e+03
2.500740199999999822e+04 1.490551025390625000e+03
2.500748500000000058e+04 1.490556884765625000e+03
2.500756799999999930e+04 1.490609985351562500e+03
2.500765100000000166e+04 1.490615356445312500e+03
2.500773400000000038e+04 1.490635009765625000e+03
2.500781699999999910e+04 1.490638793945312500e+03
2.500790000000000146e+04 1.490641967773437500e+03
2.500798300000000017e+04 1.490645263671875000e+03
2.500806599999999889e+04 1.490648559570312500e+03
2.500814900000000125e+04 1.490652221679687500e+03
2.500823199999999997e+04 1.490656738281250000e+03
2.500831499999999869e+04 1.490661987304687500e+03
2.500839800000000105e+04 1.490667358398437500e+03
2.500848099999999977e+04 1.490673217773437500e+03
2.500856399999999849e+04 1.490723388671875000e+03
2.500864700000000084e+04 1.490728881835937500e+03
2.500872999999999956e+04 1.490747802734375000e+03
2.500881299999999828e+04 1.490751708984375000e+03
2.500889600000000064e+04 1.490755004882812500e+03
2.500897899999999936e+04 1.490758178710937500e+03
2.500906200000000172e+04 1.490761596679687500e+03
2.500914500000000044e+04 1.490765136718750000e+03
2.500922799999999916e+04 1.490769531250000000e+03
2.500931100000000151e+04 1.490774536132812500e+03
2.500939400000000023e+04 1.490780029296875000e+03
2.500947699999999895e+04 1.490785766601562500e+03
2.500956000000000131e+04 1.490833496093750000e+03
2.500964300000000003e+04 1.490838867187500000e+03
2.500972599999999875e+04 1.490857055664062500e+03
2.500980900000000111e+04 1.490860961914062500e+03
2.500989199999999983e+04 1.490864257812500000e+03
2.500997499999999854e+04 1.490867431640625000e+03
2.501005800000000090e+04 1.490870849609375000e+03
2.501014099999999962e+04 1.490874389648437500e+03
2.501022399999999834e+04 1.490878784179687500e+03
2.501030700000000070e+04 1.490883911132812500e+03
2.501038999999999942e+04 1.490889282226562500e+03
2.501047300000000178e+04 1.490895019531250000e+03
2.501055600000000049e+04 1.490940673828125000e+03
2.501063899999999921e+04 1.490946044921875000e+03
2.501072200000000157e+04 1.490963500976562500e+03
2.501080500000000029e+04 1.490967407226562500e+03
2.501088799999999901e+04 1.490970703125000000e+03
2.501097100000000137e+04 1.490973876953125000e+03
2.501105400000000009e+04 1.490977294921875000e+03
2.501113699999999881e+04 1.490980834960937500e+03
2.501122000000000116e+04 1.490985229492187500e+03
2.501130299999999988e+04 1.490990356445312500e+03
2.501138599999999860e+04 1.490995727539062500e+03
2.501146900000000096e+04 1.491001464843750000e+03
2.501155199999999968e+04 1.491045166015625000e+03
2.501163499999999840e+04 1.491050659179687500e+03
2.501171800000000076e+04 1.491067504882812500e+03
2.501180099999999948e+04 1.491071411132812500e+03
2.501188399999999820e+04 1.491074707031250000e+03
2.501196700000000055e+04 1.491077880859375000e+03
2.501204999999999927e+04 1.491081298828125000e+03
2.501213300000000163e+04 1.491084838867187500e+03
2.501221600000000035e+04 1.491089111328125000e+03
2.501229899999999907e+04 1.491094238281250000e+03
2.501238200000000143e+04 1.491099609375000000e+03
2.501246500000000015e+04 1.491105346679687500e+03
2.501254799999999886e+04 1.491147460937500000e+03
2.501263100000000122e+04 1.491152832031250000e+03
2.501271399999999994e+04 1.491169311523437500e+03
2.501279699999999866e+04 1.491173461914062500e+03
2.501288000000000102e+04 1.491176879882812500e+03
2.501296299999999974e+04 1.491179931640625000e+03
2.501304599999999846e+04 1.491183349609375000e+03
2.501312900000000081e+04 1.491186889648437500e+03
2.501321199999999953e+04 1.491191162109375000e+03
2.501329499999999825e+04 1.491196166992187500e+03
2.501337800000000061e+04 1.491201538085937500e+03
2.501346099999999933e+04 1.491207153320312500e+03
2.501354400000000169e+04 1.491247924804687500e+03
2.501362700000000041e+04 1.491253417968750000e+03
2.501370999999999913e+04 1.491269531250000000e+03
2.501379300000000148e+04 1.491273559570312500e+03
2.501387600000000020e+04 1.491276977539062500e+03
2.501395899999999892e+04 1.491280029296875000e+03
2.501404200000000128e+04 1.491283447265625000e+03
2.501412500000000000e+04 1.491286987304687500e+03
2.501420799999999872e+04 1.491291137695312500e+03
2.501429100000000108e+04 1.491296142578125000e+03
2.501437399999999980e+04 1.491301513671875000e+03
2.501445699999999852e+04 1.491307128906250000e+03
2.501454000000000087e+04 1.491346435546875000e+03
2.501462299999999959e+04 1.491352050781250000e+03
2.501470599999999831e+04 1.491367675781250000e+03
2.501478900000000067e+04 1.491371704101562500e+03
2.501487199999999939e+04 1.491375122070312500e+03
2.501495500000000175e+04 1.491378295898437500e+03
2.501503800000000047e+04 1.491381713867187500e+03
2.501512099999999919e+04 1.491385131835937500e+03
2.501520400000000154e+04 1.491389282226562500e+03
2.501528700000000026e+04 1.491394287109375000e+03
2.501536999999999898e+04 1.491399658203125000e+03
2.501545300000000134e+04 1.491405273437500000e+03
2.501553600000000006e+04 1.491443481445312500e+03
2.501561899999999878e+04 1.491449096679687500e+03
2.501570200000000114e+04 1.491464355468750000e+03
2.501578499999999985e+04 1.491468505859375000e+03
2.501586799999999857e+04 1.491471801757812500e+03
2.501595100000000093e+04 1.491474975585937500e+03
2.501603399999999965e+04 1.491478393554687500e+03
2.501611699999999837e+04 1.491481811523437500e+03
2.501620000000000073e+04 1.491485961914062500e+03
2.501628299999999945e+04 1.491490966796875000e+03
2.501636600000000180e+04 1.491496337890625000e+03
2.501644900000000052e+04 1.491501953125000000e+03
2.501653199999999924e+04 1.491539184570312500e+03
2.501661500000000160e+04 1.491544677734375000e+03
2.501669800000000032e+04 1.491559814453125000e+03
2.501678099999999904e+04 1.491563964843750000e+03
2.501686400000000140e+04 1.491567626953125000e+03
2.501694700000000012e+04 1.491570678710937500e+03
2.501702999999999884e+04 1.491573974609375000e+03
2.501711300000000119e+04 1.491577392578125000e+03
2.501719599999999991e+04 1.491581542968750000e+03
2.501727899999999863e+04 1.491586425781250000e+03
2.501736200000000099e+04 1.491591796875000000e+03
2.501744499999999971e+04 1.491597412109375000e+03
2.501752799999999843e+04 1.491633666992187500e+03
2.501761100000000079e+04 1.491639404296875000e+03
2.501769399999999951e+04 1.491654174804687500e+03
2.501777699999999822e+04 1.491658447265625000e+03
2.501786000000000058e+04 1.491661987304687500e+03
2.501794299999999930e+04 1.491665039062500000e+03
2.501802600000000166e+04 1.491668457031250000e+03
2.501810900000000038e+04 1.491671875000000000e+03
2.501819199999999910e+04 1.491675781250000000e+03
2.501827500000000146e+04 1.491680664062500000e+03
2.501835800000000017e+04 1.491685913085937500e+03
2.501844099999999889e+04 1.491691528320312500e+03
2.501852400000000125e+04 1.491727050781250000e+03
2.501860699999999997e+04 1.491732666015625000e+03
2.501868999999999869e+04 1.491747314453125000e+03
2.501877300000000105e+04 1.491751464843750000e+03
2.501885599999999977e+04 1.491755004882812500e+03
2.501893899999999849e+04 1.491758056640625000e+03
2.501902200000000084e+04 1.491761474609375000e+03
2.501910499999999956e+04 1.491764892578125000e+03
2.501918799999999828e+04 1.491768798828125000e+03
2.501927100000000064e+04 1.491773681640625000e+03
2.501935399999999936e+04 1.491779052734375000e+03
2.501943700000000172e+04 1.491784545898437500e+03
2.501952000000000044e+04 1.491819335937500000e+03
2.501960299999999916e+04 1.491825073242187500e+03
2.501968600000000151e+04 1.491839355468750000e+03
2.501976900000000023e+04 1.491843505859375000e+03
2.501985199999999895e+04 1.491847045898437500e+03
2.501993500000000131e+04 1.491850097656250000e+03
