2.500009800000000178e+04 1.328896484375000000e+03
2.500018100000000049e+04 1.328900390625000000e+03
2.500026399999999921e+04 1.328905273437500000e+03
2.500034700000000157e+04 1.328910644531250000e+03
2.500043000000000029e+04 1.328916137695312500e+03
2.500051299999999901e+04 1.328921997070312500e+03
2.500059600000000137e+04 1.329189086914062500e+03
2.500067900000000009e+04 1.329194213867187500e+03
2.500076199999999881e+04 1.329232910156250000e+03
2.500084500000000116e+04 1.329236572265625000e+03
2.500092799999999988e+04 1.329239501953125000e+03
2.500101099999999860e+04 1.329242919921875000e+03
2.500109400000000096e+04 1.329246337890625000e+03
2.500117699999999968e+04 1.329250000000000000e+03
2.500125999999999840e+04 1.329254760742187500e+03
2.500134300000000076e+04 1.329260131835937500e+03
2.500142599999999948e+04 1.329265625000000000e+03
2.500150899999999820e+04 1.329271484375000000e+03
2.500159200000000055e+04 1.329361328125000000e+03
2.500167499999999927e+04 1.329366455078125000e+03
2.500175800000000163e+04 1.329397338867187500e+03
2.500184100000000035e+04 1.329401000976562500e+03
2.500192399999999907e+04 1.329404052734375000e+03
2.500200700000000143e+04 1.329407348632812500e+03
2.500209000000000015e+04 1.329410766601562500e+03
2.500217299999999886e+04 1.329414428710937500e+03
2.500225600000000122e+04 1.329419189453125000e+03
2.500233899999999994e+04 1.329424560546875000e+03
2.500242199999999866e+04 1.329430053710937500e+03
2.500250500000000102e+04 1.329435913085937500e+03
2.500258799999999974e+04 1.329515380859375000e+03
2.500267099999999846e+04 1.329520507812500000e+03
2.500275400000000081e+04 1.329548217773437500e+03
2.500283699999999953e+04 1.329551879882812500e+03
2.500291999999999825e+04 1.329554931640625000e+03
2.500300300000000061e+04 1.329558227539062500e+03
2.500308599999999933e+04 1.329561645507812500e+03
2.500316900000000169e+04 1.329565307617187500e+03
2.500325200000000041e+04 1.329570068359375000e+03
2.500333499999999913e+04 1.329575439453125000e+03
2.500341800000000148e+04 1.329580932617187500e+03
2.500350100000000020e+04 1.329586791992187500e+03
2.500358399999999892e+04 1.329658447265625000e+03
2.500366700000000128e+04 1.329663574218750000e+03
2.500375000000000000e+04 1.329688964843750000e+03
2.500383299999999872e+04 1.329692626953125000e+03
2.500391600000000108e+04 1.329695556640625000e+03
2.500399899999999980e+04 1.329698974609375000e+03
2.500408199999999852e+04 1.329702392578125000e+03
2.500416500000000087e+04 1.329706054687500000e+03
2.500424799999999959e+04 1.329710815429687500e+03
2.500433099999999831e+04 1.329716064453125000e+03
2.500441400000000067e+04 1.329721557617187500e+03
2.500449699999999939e+04 1.329727416992187500e+03
2.500458000000000175e+04 1.329792968750000000e+03
2.500466300000000047e+04 1.329798339843750000e+03
2.500474599999999919e+04 1.329821899414062500e+03
2.500482900000000154e+04 1.329825683593750000e+03
2.500491200000000026e+04 1.329828857421875000e+03
2.500499499999999898e+04 1.329832153320312500e+03
2.500507800000000134e+04 1.329835449218750000e+03
2.500516100000000006e+04 1.329839111328125000e+03
2.500524399999999878e+04 1.329843627929687500e+03
2.500532700000000114e+04 1.329848876953125000e+03
2.500540999999999985e+04 1.329854370117187500e+03
2.500549299999999857e+04 1.329860107421875000e+03
2.500557600000000093e+04 1.329920776367187500e+03
2.500565899999999965e+04 1.329926025390625000e+03
2.500574199999999837e+04 1.329948120117187500e+03
2.500582500000000073e+04 1.329951904296875000e+03
2.500590799999999945e+04 1.329955078125000000e+03
2.500599100000000180e+04 1.329958374023437500e+03
2.500607400000000052e+04 1.329961669921875000e+03
2.500615699999999924e+04 1.329965332031250000e+03
2.500624000000000160e+04 1.329969970703125000e+03
2.500632300000000032e+04 1.329975097656250000e+03
2.500640599999999904e+04 1.329980590820312500e+03
2.500648900000000140e+04 1.329986328125000000e+03
2.500657200000000012e+04 1.330042968750000000e+03
2.500665499999999884e+04 1.330048217773437500e+03
2.500673800000000119e+04 1.330068969726562500e+03
2.500682099999999991e+04 1.330072753906250000e+03
2.500690399999999863e+04 1.330075927734375000e+03
2.500698700000000099e+04 1.330079223632812500e+03
2.500706999999999971e+04 1.330082641601562500e+03
2.500715299999999843e+04 1.330086181640625000e+03
2.500723600000000079e+04 1.330090820312500000e+03
2.500731899999999951e+04 1.330095947265625000e+03
2.500740199999999822e+04 1.330101440429687500e+03
2.500748500000000058e+04 1.330107177734375000e+03
2.500756799999999930e+04 1.330160400390625000e+03
2.500765100000000166e+04 1.330165649414062500e+03
2.500773400000000038e+04 1.330185302734375000e+03
2.500781699999999910e+04 1.330189208984375000e+03
2.500790000000000146e+04 1.330192260742187500e+03
2.500798300000000017e+04 1.330195556640625000e+03
2.500806599999999889e+04 1.330198974609375000e+03
2.500814900000000125e+04 1.330202514648437500e+03
2.500823199999999997e+04 1.330207153320312500e+03
2.500831499999999869e+04 1.330212280273437500e+03
2.500839800000000105e+04 1.330217773437500000e+03
2.500848099999999977e+04 1.330223510742187500e+03
2.500856399999999849e+04 1.330273803710937500e+03
2.500864700000000084e+04 1.330279174804687500e+03
2.500872999999999956e+04 1.330298095703125000e+03
2.500881299999999828e+04 1.330302124023437500e+03
2.500889600000000064e+04 1.330305297851562500e+03
2.500897899999999936e+04 1.330308593750000000e+03
2.500906200000000172e+04 1.330312011718750000e+03
2.500914500000000044e+04 1.330315551757812500e+03
2.500922799999999916e+04 1.330319824218750000e+03
2.500931100000000151e+04 1.330324951171875000e+03
2.500939400000000023e+04 1.330330322265625000e+03
2.500947699999999895e+04 1.330336059570312500e+03
2.500956000000000131e+04 1.330383911132812500e+03
2.500964300000000003e+04 1.330389282226562500e+03
2.500972599999999875e+04 1.330407470703125000e+03
2.500980900000000111e+04 1.330411376953125000e+03
2.500989199999999983e+04 1.330414672851562500e+03
2.500997499999999854e+04 1.330417846679687500e+03
2.501005800000000090e+04 1.329999633789062500e+03
2.501014099999999962e+04 1.330003295898437500e+03
2.501022399999999834e+04 1.330007568359375000e+03
2.501030700000000070e+04 1.330012695312500000e+03
2.501038999999999942e+04 1.330018066406250000e+03
2.501047300000000178e+04 1.330023803710937500e+03
2.501055600000000049e+04 1.330069458007812500e+03
2.501063899999999921e+04 1.330074829101562500e+03
2.501072200000000157e+04 1.330092285156250000e+03
2.501080500000000029e+04 1.330096313476562500e+03
2.501088799999999901e+04 1.330099487304687500e+03
2.501097100000000137e+04 1.330102783203125000e+03
2.501105400000000009e+04 1.330106079101562500e+03
2.501113699999999881e+04 1.330109741210937500e+03
2.501122000000000116e+04 1.330114013671875000e+03
2.501130299999999988e+04 1.330119140625000000e+03
2.501138599999999860e+04 1.330124511718750000e+03
2.501146900000000096e+04 1.330130249023437500e+03
2.501155199999999968e+04 1.330173950195312500e+03
2.501163499999999840e+04 1.330179443359375000e+03
2.501171800000000076e+04 1.330196289062500000e+03
2.501180099999999948e+04 1.330200195312500000e+03
2.501188399999999820e+04 1.330203491210937500e+03
2.501196700000000055e+04 1.330206665039062500e+03
2.501204999999999927e+04 1.330210083007812500e+03
2.501213300000000163e+04 1.330213623046875000e+03
2.501221600000000035e+04 1.330217895507812500e+03
2.501229899999999907e+04 1.330223022460937500e+03
2.501238200000000143e+04 1.330228393554687500e+03
2.501246500000000015e+04 1.330234130859375000e+03
2.501254799999999886e+04 1.330276245117187500e+03
2.501263100000000122e+04 1.330281616210937500e+03
2.501271399999999994e+04 1.330298217773437500e+03
2.501279699999999866e+04 1.330302246093750000e+03
2.501288000000000102e+04 1.330305664062500000e+03
2.501296299999999974e+04 1.330308837890625000e+03
2.501304599999999846e+04 1.330312133789062500e+03
2.501312900000000081e+04 1.330315673828125000e+03
2.501321199999999953e+04 1.330320068359375000e+03
2.501329499999999825e+04 1.330324951171875000e+03
2.501337800000000061e+04 1.330330322265625000e+03
2.501346099999999933e+04 1.330336059570312500e+03
2.501354400000000169e+04 1.330376708984375000e+03
2.501362700000000041e+04 1.330382202148437500e+03
2.501370999999999913e+04 1.330398315429687500e+03
2.501379300000000148e+04 1.330402343750000000e+03
2.501387600000000020e+04 1.330405761718750000e+03
2.501395899999999892e+04 1.330408935546875000e+03
2.501404200000000128e+04 1.330412231445312500e+03
2.501412500000000000e+04 1.330415771484375000e+03
2.501420799999999872e+04 1.330419921875000000e+03
2.501429100000000108e+04 1.330424926757812500e+03
2.501437399999999980e+04 1.330430297851562500e+03
2.501445699999999852e+04 1.330435913085937500e+03
2.501454000000000087e+04 1.330475341796875000e+03
2.501462299999999959e+04 1.330480834960937500e+03
2.501470599999999831e+04 1.330496459960937500e+03
2.501478900000000067e+04 1.330500610351562500e+03
2.501487199999999939e+04 1.330503906250000000e+03
2.501495500000000175e+04 1.330507080078125000e+03
2.501503800000000047e+04 1.330510498046875000e+03
2.501512099999999919e+04 1.330514038085937500e+03
2.501520400000000154e+04 1.330518066406250000e+03
2.501528700000000026e+04 1.330523071289062500e+03
2.501536999999999898e+04 1.330528442382812500e+03
2.501545300000000134e+04 1.330534057617187500e+03
2.501553600000000006e+04 1.330572387695312500e+03
2.501561899999999878e+04 1.330577880859375000e+03
2.501570200000000114e+04 1.330593139648437500e+03
2.501578499999999985e+04 1.330597290039062500e+03
2.501586799999999857e+04 1.330600708007812500e+03
2.501595100000000093e+04 1.330603759765625000e+03
2.501603399999999965e+04 1.330607177734375000e+03
2.501611699999999837e+04 1.330610595703125000e+03
2.501620000000000073e+04 1.330614746093750000e+03
2.501628299999999945e+04 1.330619750976562500e+03
2.501636600000000180e+04 1.330625122070312500e+03
2.501644900000000052e+04 1.330630737304687500e+03
2.501653199999999924e+04 1.330667968750000000e+03
2.501661500000000160e+04 1.330673461914062500e+03
2.501669800000000032e+04 1.330688598632812500e+03
2.501678099999999904e+04 1.330692871093750000e+03
2.501686400000000140e+04 1.330696411132812500e+03
2.501694700000000012e+04 1.330699462890625000e+03
2.501702999999999884e+04 1.330702758789062500e+03
2.501711300000000119e+04 1.330706298828125000e+03
2.501719599999999991e+04 1.330710327148437500e+03
2.501727899999999863e+04 1.330715209960937500e+03
2.501736200000000099e+04 1.330720581054687500e+03
2.501744499999999971e+04 1.330726196289062500e+03
2.501752799999999843e+04 1.330762451171875000e+03
2.501761100000000079e+04 1.330768188476562500e+03
2.501769399999999951e+04 1.330782958984375000e+03
2.501777699999999822e+04 1.330787231445312500e+03
2.501786000000000058e+04 1.330790771484375000e+03
2.501794299999999930e+04 1.330793823242187500e+03
2.501802600000000166e+04 1.330797241210937500e+03
2.501810900000000038e+04 1.330800659179687500e+03
2.501819199999999910e+04 1.330804565429687500e+03
2.501827500000000146e+04 1.330809448242187500e+03
2.501835800000000017e+04 1.330814819335937500e+03
2.501844099999999889e+04 1.330820312500000000e+03
2.501852400000000125e+04 1.330855834960937500e+03
2.501860699999999997e+04 1.330861572265625000e+03
2.501868999999999869e+04 1.330876098632812500e+03
2.501877300000000105e+04 1.330880249023437500e+03
2.501885599999999977e+04 1.330883789062500000e+03
2.501893899999999849e+04 1.330886840820312500e+03
2.501902200000000084e+04 1.330890258789062500e+03
2.501910499999999956e+04 1.330893676757812500e+03
2.501918799999999828e+04 1.330897583007812500e+03
2.501927100000000064e+04 1.330902465820312500e+03
2.501935399999999936e+04 1.330907836914062500e+03
2.501943700000000172e+04 1.330913452148437500e+03
2.501952000000000044e+04 1.330948120117187500e+03
2.501960299999999916e+04 1.330953857421875000e+03
2.501968600000000151e+04 1.330968139648437500e+03
2.501976900000000023e+04 1.330972412109375000e+03
2.501985199999999895e+04 1.330975952148437500e+03
2.501993500000000131e+04 1.330979003906250000e+03
