2.500009800000000178e+04 1.328858886718750000e+03
2.500018100000000049e+04 1.328862792968750000e+03
2.500026399999999921e+04 1.328867675781250000e+03
2.500034700000000157e+04 1.328873046875000000e+03
2.500043000000000029e+04 1.328878540039062500e+03
2.500051299999999901e+04 1.328884399414062500e+03
2.500059600000000137e+04 1.329151489257812500e+03
2.500067900000000009e+04 1.329156616210937500e+03
2.500076199999999881e+04 1.329195312500000000e+03
2.500084500000000116e+04 1.329198974609375000e+03
2.500092799999999988e+04 1.329201904296875000e+03
2.500101099999999860e+04 1.329205322265625000e+03
2.500109400000000096e+04 1.329208740234375000e+03
2.500117699999999968e+04 1.329212402343750000e+03
2.500125999999999840e+04 1.329217163085937500e+03
2.500134300000000076e+04 1.329222534179687500e+03
2.500142599999999948e+04 1.329228027343750000e+03
2.500150899999999820e+04 1.329233886718750000e+03
2.500159200000000055e+04 1.329323730468750000e+03
2.500167499999999927e+04 1.329328857421875000e+03
2.500175800000000163e+04 1.329359741210937500e+03
2.500184100000000035e+04 1.329363403320312500e+03
2.500192399999999907e+04 1.329366455078125000e+03
2.500200700000000143e+04 1.329369750976562500e+03
2.500209000000000015e+04 1.329373168945312500e+03
2.500217299999999886e+04 1.329376953125000000e+03
2.500225600000000122e+04 1.329381713867187500e+03
2.500233899999999994e+04 1.329386962890625000e+03
2.500242199999999866e+04 1.329392456054687500e+03
2.500250500000000102e+04 1.329398315429687500e+03
2.500258799999999974e+04 1.329477783203125000e+03
2.500267099999999846e+04 1.329482910156250000e+03
2.500275400000000081e+04 1.329510620117187500e+03
2.500283699999999953e+04 1.329514404296875000e+03
2.500291999999999825e+04 1.329517333984375000e+03
2.500300300000000061e+04 1.329520751953125000e+03
2.500308599999999933e+04 1.329524047851562500e+03
2.500316900000000169e+04 1.329527832031250000e+03
2.500325200000000041e+04 1.329532592773437500e+03
2.500333499999999913e+04 1.329537841796875000e+03
2.500341800000000148e+04 1.329543334960937500e+03
2.500350100000000020e+04 1.329549194335937500e+03
2.500358399999999892e+04 1.329620849609375000e+03
2.500366700000000128e+04 1.329626098632812500e+03
2.500375000000000000e+04 1.329651367187500000e+03
2.500383299999999872e+04 1.329655029296875000e+03
2.500391600000000108e+04 1.329658081054687500e+03
2.500399899999999980e+04 1.329661376953125000e+03
2.500408199999999852e+04 1.329664794921875000e+03
2.500416500000000087e+04 1.329668457031250000e+03
2.500424799999999959e+04 1.329673217773437500e+03
2.500433099999999831e+04 1.329678466796875000e+03
2.500441400000000067e+04 1.329683959960937500e+03
2.500449699999999939e+04 1.329689819335937500e+03
2.500458000000000175e+04 1.329755493164062500e+03
2.500466300000000047e+04 1.329760742187500000e+03
2.500474599999999919e+04 1.329784301757812500e+03
2.500482900000000154e+04 1.329788208007812500e+03
2.500491200000000026e+04 1.329791259765625000e+03
2.500499499999999898e+04 1.329794555664062500e+03
2.500507800000000134e+04 1.329797973632812500e+03
2.500516100000000006e+04 1.329801635742187500e+03
2.500524399999999878e+04 1.329806152343750000e+03
2.500532700000000114e+04 1.329811279296875000e+03
2.500540999999999985e+04 1.329816772460937500e+03
2.500549299999999857e+04 1.329822509765625000e+03
2.500557600000000093e+04 1.329883300781250000e+03
2.500565899999999965e+04 1.329888549804687500e+03
2.500574199999999837e+04 1.329910522460937500e+03
2.500582500000000073e+04 1.329914428710937500e+03
2.500590799999999945e+04 1.329917480468750000e+03
2.500599100000000180e+04 1.329920776367187500e+03
2.500607400000000052e+04 1.329924194335937500e+03
2.500615699999999924e+04 1.329927856445312500e+03
2.500624000000000160e+04 1.329932373046875000e+03
2.500632300000000032e+04 1.329937622070312500e+03
2.500640599999999904e+04 1.329942993164062500e+03
2.500648900000000140e+04 1.329948852539062500e+03
2.500657200000000012e+04 1.330005371093750000e+03
2.500665499999999884e+04 1.330010742187500000e+03
2.500673800000000119e+04 1.330031494140625000e+03
2.500682099999999991e+04 1.330035278320312500e+03
2.500690399999999863e+04 1.330038330078125000e+03
2.500698700000000099e+04 1.330041625976562500e+03
2.500706999999999971e+04 1.330045043945312500e+03
2.500715299999999843e+04 1.330048706054687500e+03
2.500723600000000079e+04 1.330053222656250000e+03
2.500731899999999951e+04 1.330058471679687500e+03
2.500740199999999822e+04 1.330063964843750000e+03
2.500748500000000058e+04 1.330069702148437500e+03
2.500756799999999930e+04 1.330122924804687500e+03
2.500765100000000166e+04 1.330128173828125000e+03
2.500773400000000038e+04 1.330147827148437500e+03
2.500781699999999910e+04 1.330151611328125000e+03
2.500790000000000146e+04 1.330154785156250000e+03
2.500798300000000017e+04 1.330158081054687500e+03
2.500806599999999889e+04 1.330161499023437500e+03
2.500814900000000125e+04 1.330165039062500000e+03
2.500823199999999997e+04 1.330169555664062500e+03
2.500831499999999869e+04 1.330174804687500000e+03
2.500839800000000105e+04 1.330180175781250000e+03
2.500848099999999977e+04 1.330186035156250000e+03
2.500856399999999849e+04 1.330236328125000000e+03
2.500864700000000084e+04 1.330241699218750000e+03
2.500872999999999956e+04 1.330260620117187500e+03
2.500881299999999828e+04 1.330264526367187500e+03
2.500889600000000064e+04 1.330267822265625000e+03
2.500897899999999936e+04 1.330270996093750000e+03
2.500906200000000172e+04 1.330274414062500000e+03
2.500914500000000044e+04 1.330277954101562500e+03
2.500922799999999916e+04 1.330282348632812500e+03
2.500931100000000151e+04 1.330287475585937500e+03
2.500939400000000023e+04 1.330292846679687500e+03
2.500947699999999895e+04 1.330298583984375000e+03
2.500956000000000131e+04 1.330346313476562500e+03
2.500964300000000003e+04 1.330351806640625000e+03
2.500972599999999875e+04 1.330369873046875000e+03
2.500980900000000111e+04 1.330373901367187500e+03
2.500989199999999983e+04 1.330377075195312500e+03
2.500997499999999854e+04 1.330380371093750000e+03
2.501005800000000090e+04 1.329962158203125000e+03
2.501014099999999962e+04 1.329965698242187500e+03
2.501022399999999834e+04 1.329970092773437500e+03
2.501030700000000070e+04 1.329975097656250000e+03
2.501038999999999942e+04 1.329980590820312500e+03
2.501047300000000178e+04 1.329986206054687500e+03
2.501055600000000049e+04 1.330031860351562500e+03
2.501063899999999921e+04 1.330037353515625000e+03
2.501072200000000157e+04 1.330054809570312500e+03
2.501080500000000029e+04 1.330058715820312500e+03
2.501088799999999901e+04 1.330062011718750000e+03
2.501097100000000137e+04 1.330065185546875000e+03
2.501105400000000009e+04 1.330068603515625000e+03
2.501113699999999881e+04 1.330072143554687500e+03
2.501122000000000116e+04 1.330076538085937500e+03
2.501130299999999988e+04 1.330081542968750000e+03
2.501138599999999860e+04 1.330087036132812500e+03
2.501146900000000096e+04 1.330092651367187500e+03
2.501155199999999968e+04 1.330136474609375000e+03
2.501163499999999840e+04 1.330141845703125000e+03
2.501171800000000076e+04 1.330158691406250000e+03
2.501180099999999948e+04 1.330162719726562500e+03
2.501188399999999820e+04 1.330166015625000000e+03
2.501196700000000055e+04 1.330169189453125000e+03
2.501204999999999927e+04 1.330172607421875000e+03
2.501213300000000163e+04 1.330176025390625000e+03
2.501221600000000035e+04 1.330180419921875000e+03
2.501229899999999907e+04 1.330185546875000000e+03
2.501238200000000143e+04 1.330190917968750000e+03
2.501246500000000015e+04 1.330196655273437500e+03
2.501254799999999886e+04 1.330238769531250000e+03
2.501263100000000122e+04 1.330244140625000000e+03
2.501271399999999994e+04 1.330260620117187500e+03
2.501279699999999866e+04 1.330264770507812500e+03
2.501288000000000102e+04 1.330268188476562500e+03
2.501296299999999974e+04 1.330271240234375000e+03
2.501304599999999846e+04 1.330274658203125000e+03
2.501312900000000081e+04 1.330278198242187500e+03
2.501321199999999953e+04 1.330282470703125000e+03
2.501329499999999825e+04 1.330287475585937500e+03
2.501337800000000061e+04 1.330292846679687500e+03
2.501346099999999933e+04 1.330298461914062500e+03
2.501354400000000169e+04 1.330339111328125000e+03
2.501362700000000041e+04 1.330344726562500000e+03
2.501370999999999913e+04 1.330360717773437500e+03
2.501379300000000148e+04 1.330364868164062500e+03
2.501387600000000020e+04 1.330368286132812500e+03
2.501395899999999892e+04 1.330371337890625000e+03
2.501404200000000128e+04 1.330374755859375000e+03
2.501412500000000000e+04 1.330378295898437500e+03
2.501420799999999872e+04 1.330382446289062500e+03
2.501429100000000108e+04 1.330387329101562500e+03
2.501437399999999980e+04 1.330392700195312500e+03
2.501445699999999852e+04 1.330398437500000000e+03
2.501454000000000087e+04 1.330437744140625000e+03
2.501462299999999959e+04 1.330443359375000000e+03
2.501470599999999831e+04 1.330458984375000000e+03
2.501478900000000067e+04 1.330463012695312500e+03
2.501487199999999939e+04 1.330466430664062500e+03
2.501495500000000175e+04 1.330469604492187500e+03
2.501503800000000047e+04 1.330473022460937500e+03
2.501512099999999919e+04 1.330476440429687500e+03
2.501520400000000154e+04 1.330480590820312500e+03
2.501528700000000026e+04 1.330485595703125000e+03
2.501536999999999898e+04 1.330490966796875000e+03
2.501545300000000134e+04 1.330496582031250000e+03
2.501553600000000006e+04 1.330534790039062500e+03
2.501561899999999878e+04 1.330540405273437500e+03
2.501570200000000114e+04 1.330555664062500000e+03
2.501578499999999985e+04 1.330559692382812500e+03
2.501586799999999857e+04 1.330563110351562500e+03
2.501595100000000093e+04 1.330566284179687500e+03
2.501603399999999965e+04 1.330569702148437500e+03
2.501611699999999837e+04 1.330573120117187500e+03
2.501620000000000073e+04 1.330577270507812500e+03
2.501628299999999945e+04 1.330582275390625000e+03
2.501636600000000180e+04 1.330587646484375000e+03
2.501644900000000052e+04 1.330593261718750000e+03
2.501653199999999924e+04 1.330630493164062500e+03
2.501661500000000160e+04 1.330635986328125000e+03
2.501669800000000032e+04 1.330651123046875000e+03
2.501678099999999904e+04 1.330655273437500000e+03
2.501686400000000140e+04 1.330658935546875000e+03
2.501694700000000012e+04 1.330661987304687500e+03
2.501702999999999884e+04 1.330665283203125000e+03
2.501711300000000119e+04 1.330668701171875000e+03
2.501719599999999991e+04 1.330672851562500000e+03
2.501727899999999863e+04 1.330677734375000000e+03
2.501736200000000099e+04 1.330683105468750000e+03
2.501744499999999971e+04 1.330688720703125000e+03
2.501752799999999843e+04 1.330724975585937500e+03
2.501761100000000079e+04 1.330730712890625000e+03
2.501769399999999951e+04 1.330745483398437500e+03
2.501777699999999822e+04 1.330749755859375000e+03
2.501786000000000058e+04 1.330753295898437500e+03
2.501794299999999930e+04 1.330756347656250000e+03
2.501802600000000166e+04 1.330759765625000000e+03
2.501810900000000038e+04 1.330763183593750000e+03
2.501819199999999910e+04 1.330767089843750000e+03
2.501827500000000146e+04 1.330771972656250000e+03
2.501835800000000017e+04 1.330777221679687500e+03
2.501844099999999889e+04 1.330782836914062500e+03
2.501852400000000125e+04 1.330818359375000000e+03
2.501860699999999997e+04 1.330823974609375000e+03
2.501868999999999869e+04 1.330838623046875000e+03
2.501877300000000105e+04 1.330842773437500000e+03
2.501885599999999977e+04 1.330846313476562500e+03
2.501893899999999849e+04 1.330849365234375000e+03
2.501902200000000084e+04 1.330852783203125000e+03
2.501910499999999956e+04 1.330856201171875000e+03
2.501918799999999828e+04 1.330860107421875000e+03
2.501927100000000064e+04 1.330864990234375000e+03
2.501935399999999936e+04 1.330870361328125000e+03
2.501943700000000172e+04 1.330875854492187500e+03
2.501952000000000044e+04 1.330910644531250000e+03
2.501960299999999916e+04 1.330916381835937500e+03
2.501968600000000151e+04 1.330930664062500000e+03
2.501976900000000023e+04 1.330934814453125000e+03
2.501985199999999895e+04 1.330938476562500000e+03
2.501993500000000131e+04 1.330941528320312500e+03
