2.500009800000000178e+04 0.000000000000000000e+00
2.500018100000000049e+04 0.000000000000000000e+00
2.500026399999999921e+04 0.000000000000000000e+00
2.500034700000000157e+04 0.000000000000000000e+00
2.500043000000000029e+04 0.000000000000000000e+00
2.500051299999999901e+04 0.000000000000000000e+00
2.500059600000000137e+04 5.633375930786132812e+01
2.500067900000000009e+04 1.040318450927734375e+02
2.500076199999999881e+04 9.776322841644287109e-01
2.500084500000000116e+04 0.000000000000000000e+00
2.500092799999999988e+04 0.000000000000000000e+00
2.500101099999999860e+04 0.000000000000000000e+00
2.500109400000000096e+04 0.000000000000000000e+00
2.500117699999999968e+04 0.000000000000000000e+00
2.500125999999999840e+04 0.000000000000000000e+00
2.500134300000000076e+04 0.000000000000000000e+00
2.500142599999999948e+04 0.000000000000000000e+00
2.500150899999999820e+04 4.190593338012695312e+01
2.500159200000000055e+04 1.208827514648437500e+02
2.500167499999999927e+04 1.184838333129882812e+02
2.500175800000000163e+04 2.232086181640625000e+00
2.500184100000000035e+04 0.000000000000000000e+00
2.500192399999999907e+04 0.000000000000000000e+00
2.500200700000000143e+04 0.000000000000000000e+00
2.500209000000000015e+04 0.000000000000000000e+00
2.500217299999999886e+04 0.000000000000000000e+00
2.500225600000000122e+04 0.000000000000000000e+00
2.500233899999999994e+04 0.000000000000000000e+00
2.500242199999999866e+04 0.000000000000000000e+00
2.500250500000000102e+04 5.621800613403320312e+01
2.500258799999999974e+04 1.465033111572265625e+02
2.500267099999999846e+04 1.287873840332031250e+02
2.500275400000000081e+04 2.243989467620849609e+00
2.500283699999999953e+04 0.000000000000000000e+00
2.500291999999999825e+04 0.000000000000000000e+00
2.500300300000000061e+04 0.000000000000000000e+00
2.500308599999999933e+04 0.000000000000000000e+00
2.500316900000000169e+04 0.000000000000000000e+00
2.500325200000000041e+04 0.000000000000000000e+00
2.500333499999999913e+04 0.000000000000000000e+00
2.500341800000000148e+04 0.000000000000000000e+00
2.500350100000000020e+04 6.162440109252929688e+01
2.500358399999999892e+04 1.557321014404296875e+02
2.500366700000000128e+04 1.329471588134765625e+02
2.500375000000000000e+04 2.796441793441772461e+00
2.500383299999999872e+04 0.000000000000000000e+00
2.500391600000000108e+04 0.000000000000000000e+00
2.500399899999999980e+04 0.000000000000000000e+00
2.500408199999999852e+04 0.000000000000000000e+00
2.500416500000000087e+04 0.000000000000000000e+00
2.500424799999999959e+04 0.000000000000000000e+00
2.500433099999999831e+04 0.000000000000000000e+00
2.500441400000000067e+04 0.000000000000000000e+00
2.500449699999999939e+04 6.552143859863281250e+01
2.500458000000000175e+04 1.641181793212890625e+02
2.500466300000000047e+04 1.610852050781250000e+02
2.500474599999999919e+04 3.309947967529296875e+01
2.500482900000000154e+04 0.000000000000000000e+00
2.500491200000000026e+04 0.000000000000000000e+00
2.500499499999999898e+04 0.000000000000000000e+00
2.500507800000000134e+04 0.000000000000000000e+00
2.500516100000000006e+04 0.000000000000000000e+00
2.500524399999999878e+04 0.000000000000000000e+00
2.500532700000000114e+04 0.000000000000000000e+00
2.500540999999999985e+04 0.000000000000000000e+00
2.500549299999999857e+04 5.349316024780273438e+01
2.500557600000000093e+04 1.482019195556640625e+02
2.500565899999999965e+04 1.599662780761718750e+02
2.500574199999999837e+04 3.359260559082031250e+01
2.500582500000000073e+04 1.845986209809780121e-02
2.500590799999999945e+04 0.000000000000000000e+00
2.500599100000000180e+04 0.000000000000000000e+00
2.500607400000000052e+04 0.000000000000000000e+00
2.500615699999999924e+04 0.000000000000000000e+00
2.500624000000000160e+04 0.000000000000000000e+00
2.500632300000000032e+04 0.000000000000000000e+00
2.500640599999999904e+04 0.000000000000000000e+00
2.500648900000000140e+04 5.376328277587890625e+01
2.500657200000000012e+04 1.487524261474609375e+02
2.500665499999999884e+04 1.634578552246093750e+02
2.500673800000000119e+04 3.435971832275390625e+01
2.500682099999999991e+04 5.563332885503768921e-02
2.500690399999999863e+04 0.000000000000000000e+00
2.500698700000000099e+04 0.000000000000000000e+00
2.500706999999999971e+04 0.000000000000000000e+00
2.500715299999999843e+04 0.000000000000000000e+00
2.500723600000000079e+04 0.000000000000000000e+00
2.500731899999999951e+04 0.000000000000000000e+00
2.500740199999999822e+04 0.000000000000000000e+00
2.500748500000000058e+04 5.403119277954101562e+01
2.500756799999999930e+04 1.531813659667968750e+02
2.500765100000000166e+04 1.638296966552734375e+02
2.500773400000000038e+04 3.472976303100585938e+01
2.500781699999999910e+04 8.686947822570800781e-02
2.500790000000000146e+04 0.000000000000000000e+00
2.500798300000000017e+04 0.000000000000000000e+00
2.500806599999999889e+04 0.000000000000000000e+00
2.500814900000000125e+04 0.000000000000000000e+00
2.500823199999999997e+04 0.000000000000000000e+00
2.500831499999999869e+04 0.000000000000000000e+00
2.500839800000000105e+04 0.000000000000000000e+00
2.500848099999999977e+04 5.662346267700195312e+01
2.500856399999999849e+04 1.538191528320312500e+02
2.500864700000000084e+04 1.940314178466796875e+02
2.500872999999999956e+04 6.581218719482421875e+01
2.500881299999999828e+04 3.683095872402191162e-01
2.500889600000000064e+04 0.000000000000000000e+00
2.500897899999999936e+04 0.000000000000000000e+00
2.500906200000000172e+04 0.000000000000000000e+00
2.500914500000000044e+04 0.000000000000000000e+00
2.500922799999999916e+04 0.000000000000000000e+00
2.500931100000000151e+04 0.000000000000000000e+00
2.500939400000000023e+04 0.000000000000000000e+00
2.500947699999999895e+04 4.198493576049804688e+01
2.500956000000000131e+04 1.286839599609375000e+02
2.500964300000000003e+04 1.780963745117187500e+02
2.500972599999999875e+04 6.421537780761718750e+01
2.500980900000000111e+04 4.502169191837310791e-01
2.500989199999999983e+04 0.000000000000000000e+00
2.500997499999999854e+04 0.000000000000000000e+00
2.501005800000000090e+04 0.000000000000000000e+00
2.501014099999999962e+04 0.000000000000000000e+00
2.501022399999999834e+04 0.000000000000000000e+00
2.501030700000000070e+04 0.000000000000000000e+00
2.501038999999999942e+04 0.000000000000000000e+00
2.501047300000000178e+04 4.212987518310546875e+01
2.501055600000000049e+04 1.289584655761718750e+02
2.501063899999999921e+04 1.785029754638671875e+02
2.501072200000000157e+04 6.452239227294921875e+01
2.501080500000000029e+04 5.519197583198547363e-01
2.501088799999999901e+04 0.000000000000000000e+00
2.501097100000000137e+04 0.000000000000000000e+00
2.501105400000000009e+04 0.000000000000000000e+00
2.501113699999999881e+04 0.000000000000000000e+00
2.501122000000000116e+04 0.000000000000000000e+00
2.501130299999999988e+04 0.000000000000000000e+00
2.501138599999999860e+04 0.000000000000000000e+00
2.501146900000000096e+04 4.226333999633789062e+01
2.501155199999999968e+04 1.293414001464843750e+02
2.501163499999999840e+04 1.812928924560546875e+02
2.501171800000000076e+04 6.522640991210937500e+01
2.501180099999999948e+04 6.494679450988769531e-01
2.501188399999999820e+04 0.000000000000000000e+00
2.501196700000000055e+04 0.000000000000000000e+00
2.501204999999999927e+04 0.000000000000000000e+00
2.501213300000000163e+04 0.000000000000000000e+00
2.501221600000000035e+04 0.000000000000000000e+00
2.501229899999999907e+04 0.000000000000000000e+00
2.501238200000000143e+04 0.000000000000000000e+00
2.501246500000000015e+04 4.423452377319335938e+01
2.501254799999999886e+04 1.322230072021484375e+02
2.501263100000000122e+04 1.820742645263671875e+02
2.501271399999999994e+04 9.699895477294921875e+01
2.501279699999999866e+04 1.926243543624877930e+00
2.501288000000000102e+04 0.000000000000000000e+00
2.501296299999999974e+04 0.000000000000000000e+00
2.501304599999999846e+04 0.000000000000000000e+00
2.501312900000000081e+04 0.000000000000000000e+00
2.501321199999999953e+04 0.000000000000000000e+00
2.501329499999999825e+04 0.000000000000000000e+00
2.501337800000000061e+04 0.000000000000000000e+00
2.501346099999999933e+04 2.846339797973632812e+01
2.501354400000000169e+04 1.124151916503906250e+02
2.501362700000000041e+04 1.828339385986328125e+02
2.501370999999999913e+04 9.392510986328125000e+01
2.501379300000000148e+04 2.035184144973754883e+00
2.501387600000000020e+04 0.000000000000000000e+00
2.501395899999999892e+04 0.000000000000000000e+00
2.501404200000000128e+04 0.000000000000000000e+00
2.501412500000000000e+04 0.000000000000000000e+00
2.501420799999999872e+04 0.000000000000000000e+00
2.501429100000000108e+04 0.000000000000000000e+00
2.501437399999999980e+04 0.000000000000000000e+00
2.501445699999999852e+04 2.967552947998046875e+01
2.501454000000000087e+04 1.125820083618164062e+02
2.501462299999999959e+04 1.841113433837890625e+02
2.501470599999999831e+04 9.447667694091796875e+01
2.501478900000000067e+04 2.131251573562622070e+00
2.501487199999999939e+04 0.000000000000000000e+00
2.501495500000000175e+04 0.000000000000000000e+00
2.501503800000000047e+04 0.000000000000000000e+00
2.501512099999999919e+04 0.000000000000000000e+00
2.501520400000000154e+04 0.000000000000000000e+00
2.501528700000000026e+04 0.000000000000000000e+00
2.501536999999999898e+04 0.000000000000000000e+00
2.501545300000000134e+04 3.024571800231933594e+01
2.501553600000000006e+04 1.128346557617187500e+02
2.501561899999999878e+04 1.868175048828125000e+02
2.501570200000000114e+04 9.540055847167968750e+01
2.501578499999999985e+04 2.216903924942016602e+00
2.501586799999999857e+04 0.000000000000000000e+00
2.501595100000000093e+04 0.000000000000000000e+00
2.501603399999999965e+04 0.000000000000000000e+00
2.501611699999999837e+04 0.000000000000000000e+00
2.501620000000000073e+04 0.000000000000000000e+00
2.501628299999999945e+04 0.000000000000000000e+00
2.501636600000000180e+04 0.000000000000000000e+00
2.501644900000000052e+04 3.031849479675292969e+01
2.501653199999999924e+04 1.146786193847656250e+02
2.501661500000000160e+04 1.874149169921875000e+02
2.501669800000000032e+04 1.276533813476562500e+02
2.501678099999999904e+04 3.935919761657714844e+00
2.501686400000000140e+04 0.000000000000000000e+00
2.501694700000000012e+04 0.000000000000000000e+00
2.501702999999999884e+04 0.000000000000000000e+00
2.501711300000000119e+04 0.000000000000000000e+00
2.501719599999999991e+04 0.000000000000000000e+00
2.501727899999999863e+04 0.000000000000000000e+00
2.501736200000000099e+04 0.000000000000000000e+00
2.501744499999999971e+04 1.594694995880126953e+01
2.501752799999999843e+04 9.582047271728515625e+01
2.501761100000000079e+04 1.880549621582031250e+02
2.501769399999999951e+04 1.237915802001953125e+02
2.501777699999999822e+04 4.049121856689453125e+00
2.501786000000000058e+04 0.000000000000000000e+00
2.501794299999999930e+04 0.000000000000000000e+00
2.501802600000000166e+04 0.000000000000000000e+00
2.501810900000000038e+04 0.000000000000000000e+00
2.501819199999999910e+04 0.000000000000000000e+00
2.501827500000000146e+04 0.000000000000000000e+00
2.501835800000000017e+04 0.000000000000000000e+00
2.501844099999999889e+04 1.442932891845703125e+01
2.501852400000000125e+04 9.710306549072265625e+01
2.501860699999999997e+04 1.877378540039062500e+02
2.501868999999999869e+04 1.240554580688476562e+02
2.501877300000000105e+04 4.122982501983642578e+00
2.501885599999999977e+04 0.000000000000000000e+00
2.501893899999999849e+04 0.000000000000000000e+00
2.501902200000000084e+04 0.000000000000000000e+00
2.501910499999999956e+04 0.000000000000000000e+00
2.501918799999999828e+04 0.000000000000000000e+00
2.501927100000000064e+04 0.000000000000000000e+00
2.501935399999999936e+04 0.000000000000000000e+00
2.501943700000000172e+04 1.602922821044921875e+01
2.501952000000000044e+04 9.721885681152343750e+01
2.501960299999999916e+04 1.880130310058593750e+02
2.501968600000000151e+04 1.243338470458984375e+02
2.501976900000000023e+04 4.189980030059814453e+00
2.501985199999999895e+04 0.000000000000000000e+00
2.501993500000000131e+04 0.000000000000000000e+00
