2.500009800000000178e+04 5.797253251075744629e-01
2.500018100000000049e+04 5.849806666374206543e-01
2.500026399999999921e+04 5.859515070915222168e-01
2.500034700000000157e+04 5.869383811950683594e-01
2.500043000000000029e+04 5.879421234130859375e-01
2.500051299999999901e+04 5.889683365821838379e-01
2.500059600000000137e+04 5.965109467506408691e-01
2.500067900000000009e+04 5.170373439788818359e+00
2.500076199999999881e+04 5.778747081756591797e+00
2.500084500000000116e+04 5.638895511627197266e+00
2.500092799999999988e+04 4.850746154785156250e+00
2.500101099999999860e+04 4.175728321075439453e+00
2.500109400000000096e+04 3.611982822418212891e+00
2.500117699999999968e+04 3.145376205444335938e+00
2.500125999999999840e+04 2.755466699600219727e+00
2.500134300000000076e+04 2.428299188613891602e+00
2.500142599999999948e+04 2.158402204513549805e+00
2.500150899999999820e+04 2.828347444534301758e+00
2.500159200000000055e+04 5.620424747467041016e+00
2.500167499999999927e+04 5.705945491790771484e+00
2.500175800000000163e+04 5.673188686370849609e+00
2.500184100000000035e+04 5.669620990753173828e+00
2.500192399999999907e+04 4.969760417938232422e+00
2.500200700000000143e+04 4.361248016357421875e+00
2.500209000000000015e+04 3.845919609069824219e+00
2.500217299999999886e+04 3.405069351196289062e+00
2.500225600000000122e+04 3.027793645858764648e+00
2.500233899999999994e+04 2.704018115997314453e+00
2.500242199999999866e+04 2.431151390075683594e+00
2.500250500000000102e+04 3.228306293487548828e+00
2.500258799999999974e+04 5.712752342224121094e+00
2.500267099999999846e+04 5.680662631988525391e+00
2.500275400000000081e+04 5.686997890472412109e+00
2.500283699999999953e+04 5.677022933959960938e+00
2.500291999999999825e+04 5.056259632110595703e+00
2.500300300000000061e+04 4.506464958190917969e+00
2.500308599999999933e+04 4.029619693756103516e+00
2.500316900000000169e+04 3.614391803741455078e+00
2.500325200000000041e+04 3.252522468566894531e+00
2.500333499999999913e+04 2.936731815338134766e+00
2.500341800000000148e+04 2.666581153869628906e+00
2.500350100000000020e+04 3.609489679336547852e+00
2.500358399999999892e+04 5.747282981872558594e+00
2.500366700000000128e+04 5.696738243103027344e+00
2.500375000000000000e+04 5.707437038421630859e+00
2.500383299999999872e+04 5.693235397338867188e+00
2.500391600000000108e+04 5.132910251617431641e+00
2.500399899999999980e+04 4.626388549804687500e+00
2.500408199999999852e+04 4.182306289672851562e+00
2.500416500000000087e+04 3.790148019790649414e+00
2.500424799999999959e+04 3.443552494049072266e+00
2.500433099999999831e+04 3.137156963348388672e+00
2.500441400000000067e+04 2.871583938598632812e+00
2.500449699999999939e+04 3.928870916366577148e+00
2.500458000000000175e+04 5.776624202728271484e+00
2.500466300000000047e+04 5.713053226470947266e+00
2.500474599999999919e+04 5.732264041900634766e+00
2.500482900000000154e+04 5.709790706634521484e+00
2.500491200000000026e+04 5.667422294616699219e+00
2.500499499999999898e+04 5.158246040344238281e+00
2.500507800000000134e+04 4.695898056030273438e+00
2.500516100000000006e+04 4.286537170410156250e+00
2.500524399999999878e+04 3.920665025711059570e+00
2.500532700000000114e+04 3.593171596527099609e+00
2.500540999999999985e+04 3.305762767791748047e+00
2.500549299999999857e+04 4.217671394348144531e+00
2.500557600000000093e+04 5.768381118774414062e+00
2.500565899999999965e+04 5.730348110198974609e+00
2.500574199999999837e+04 5.744836330413818359e+00
2.500582500000000073e+04 5.724276065826416016e+00
2.500590799999999945e+04 5.703945636749267578e+00
2.500599100000000180e+04 5.232249259948730469e+00
2.500607400000000052e+04 4.797672271728515625e+00
2.500615699999999924e+04 4.409835338592529297e+00
2.500624000000000160e+04 4.060681819915771484e+00
2.500632300000000032e+04 3.745339632034301758e+00
2.500640599999999904e+04 3.466468334197998047e+00
2.500648900000000140e+04 4.444552421569824219e+00
2.500657200000000012e+04 5.777982711791992188e+00
2.500665499999999884e+04 5.746186733245849609e+00
2.500673800000000119e+04 5.760390758514404297e+00
2.500682099999999991e+04 5.739061832427978516e+00
2.500690399999999863e+04 5.722573280334472656e+00
2.500698700000000099e+04 5.284451484680175781e+00
2.500706999999999971e+04 4.873983860015869141e+00
2.500715299999999843e+04 4.506649971008300781e+00
2.500723600000000079e+04 4.173059940338134766e+00
2.500731899999999951e+04 3.869744539260864258e+00
2.500740199999999822e+04 3.599847793579101562e+00
2.500748500000000058e+04 4.641749382019042969e+00
2.500756799999999930e+04 5.788369178771972656e+00
2.500765100000000166e+04 5.762814521789550781e+00
2.500773400000000038e+04 5.772282600402832031e+00
2.500781699999999910e+04 5.752509117126464844e+00
2.500790000000000146e+04 5.740287780761718750e+00
2.500798300000000017e+04 5.326303005218505859e+00
2.500806599999999889e+04 4.940438747406005859e+00
2.500814900000000125e+04 4.590921878814697266e+00
2.500823199999999997e+04 4.271343231201171875e+00
2.500831499999999869e+04 3.979100465774536133e+00
2.500839800000000105e+04 3.717913627624511719e+00
2.500848099999999977e+04 4.816439151763916016e+00
2.500856399999999849e+04 5.804824829101562500e+00
2.500864700000000084e+04 5.775255203247070312e+00
2.500872999999999956e+04 5.793509960174560547e+00
2.500881299999999828e+04 5.767078876495361328e+00
2.500889600000000064e+04 5.758902549743652344e+00
2.500897899999999936e+04 5.368563175201416016e+00
2.500906200000000172e+04 5.003727436065673828e+00
2.500914500000000044e+04 4.667192459106445312e+00
2.500922799999999916e+04 4.359934329986572266e+00
2.500931100000000151e+04 4.077492713928222656e+00
2.500939400000000023e+04 3.822216033935546875e+00
2.500947699999999895e+04 4.593289852142333984e+00
2.500956000000000131e+04 5.787988662719726562e+00
2.500964300000000003e+04 5.792913436889648438e+00
2.500972599999999875e+04 5.799503803253173828e+00
2.500980900000000111e+04 5.779035568237304688e+00
2.500989199999999983e+04 5.775716781616210938e+00
2.500997499999999854e+04 5.406236648559570312e+00
2.501005800000000090e+04 5.056509971618652344e+00
2.501014099999999962e+04 4.728678226470947266e+00
2.501022399999999834e+04 4.432885646820068359e+00
2.501030700000000070e+04 4.159529209136962891e+00
2.501038999999999942e+04 3.911814689636230469e+00
2.501047300000000178e+04 4.708609580993652344e+00
2.501055600000000049e+04 5.791752338409423828e+00
2.501063899999999921e+04 5.799482345581054688e+00
2.501072200000000157e+04 5.804888248443603516e+00
2.501080500000000029e+04 5.783917427062988281e+00
2.501088799999999901e+04 5.782426357269287109e+00
2.501097100000000137e+04 5.428247928619384766e+00
2.501105400000000009e+04 5.095168590545654297e+00
2.501113699999999881e+04 4.785127639770507812e+00
2.501122000000000116e+04 4.499505043029785156e+00
2.501130299999999988e+04 4.234419345855712891e+00
2.501138599999999860e+04 3.993459224700927734e+00
2.501146900000000096e+04 4.820648193359375000e+00
2.501155199999999968e+04 5.802075386047363281e+00
2.501163499999999840e+04 5.811074256896972656e+00
2.501171800000000076e+04 5.816427230834960938e+00
2.501180099999999948e+04 5.795451164245605469e+00
2.501188399999999820e+04 5.793087482452392578e+00
2.501196700000000055e+04 5.455148696899414062e+00
2.501204999999999927e+04 5.133911609649658203e+00
2.501213300000000163e+04 4.834988117218017578e+00
2.501221600000000035e+04 4.558408737182617188e+00
2.501229899999999907e+04 4.300766468048095703e+00
2.501238200000000143e+04 4.065931320190429688e+00
2.501246500000000015e+04 4.920036315917968750e+00
2.501254799999999886e+04 5.818568229675292969e+00
2.501263100000000122e+04 5.820101737976074219e+00
2.501271399999999994e+04 5.828311920166015625e+00
2.501279699999999866e+04 5.810267448425292969e+00
2.501288000000000102e+04 5.804174423217773438e+00
2.501296299999999974e+04 5.480200290679931641e+00
2.501304599999999846e+04 5.171049594879150391e+00
2.501312900000000081e+04 4.881663322448730469e+00
2.501321199999999953e+04 4.612839221954345703e+00
2.501329499999999825e+04 4.362274646759033203e+00
2.501337800000000061e+04 4.131099700927734375e+00
2.501346099999999933e+04 4.620121479034423828e+00
2.501354400000000169e+04 5.809083938598632812e+00
2.501362700000000041e+04 5.837812423706054688e+00
2.501370999999999913e+04 5.835695743560791016e+00
2.501379300000000148e+04 5.821070671081542969e+00
2.501387600000000020e+04 5.815136432647705078e+00
2.501395899999999892e+04 5.503196239471435547e+00
2.501404200000000128e+04 5.204132556915283203e+00
2.501412500000000000e+04 4.922385692596435547e+00
2.501420799999999872e+04 4.661144256591796875e+00
2.501429100000000108e+04 4.416434764862060547e+00
2.501437399999999980e+04 4.190784931182861328e+00
2.501445699999999852e+04 4.700783252716064453e+00
2.501454000000000087e+04 5.818887710571289062e+00
2.501462299999999959e+04 5.844132423400878906e+00
2.501470599999999831e+04 5.848338603973388672e+00
2.501478900000000067e+04 5.830488681793212891e+00
2.501487199999999939e+04 5.825226783752441406e+00
2.501495500000000175e+04 5.523067951202392578e+00
2.501503800000000047e+04 5.231669902801513672e+00
2.501512099999999919e+04 4.959546566009521484e+00
2.501520400000000154e+04 4.704644203186035156e+00
2.501528700000000026e+04 4.465594291687011719e+00
2.501536999999999898e+04 4.245342254638671875e+00
2.501545300000000134e+04 4.773336410522460938e+00
2.501553600000000006e+04 5.832520961761474609e+00
2.501561899999999878e+04 5.853266239166259766e+00
2.501570200000000114e+04 5.859034538269042969e+00
2.501578499999999985e+04 5.840249061584472656e+00
2.501586799999999857e+04 5.834304809570312500e+00
2.501595100000000093e+04 5.540760993957519531e+00
2.501603399999999965e+04 5.260147094726562500e+00
2.501611699999999837e+04 4.993360996246337891e+00
2.501620000000000073e+04 4.744600772857666016e+00
2.501628299999999945e+04 4.510722637176513672e+00
2.501636600000000180e+04 4.293529033660888672e+00
2.501644900000000052e+04 4.827101707458496094e+00
2.501653199999999924e+04 5.841897487640380859e+00
2.501661500000000160e+04 5.863716602325439453e+00
2.501669800000000032e+04 5.867934226989746094e+00
2.501678099999999904e+04 5.855439662933349609e+00
2.501686400000000140e+04 5.844572067260742188e+00
2.501694700000000012e+04 5.562383174896240234e+00
2.501702999999999884e+04 5.287349700927734375e+00
2.501711300000000119e+04 5.025860786437988281e+00
2.501719599999999991e+04 4.782282352447509766e+00
2.501727899999999863e+04 4.552840709686279297e+00
2.501736200000000099e+04 4.338039875030517578e+00
2.501744499999999971e+04 4.889569759368896484e+00
2.501752799999999843e+04 5.834572315216064453e+00
2.501761100000000079e+04 5.885871887207031250e+00
2.501769399999999951e+04 5.872208595275878906e+00
2.501777699999999822e+04 5.864808082580566406e+00
2.501786000000000058e+04 5.853673934936523438e+00
2.501794299999999930e+04 5.577313899993896484e+00
2.501802600000000166e+04 5.307854652404785156e+00
2.501810900000000038e+04 5.054264068603515625e+00
2.501819199999999910e+04 4.815413951873779297e+00
2.501827500000000146e+04 4.590337276458740234e+00
2.501835800000000017e+04 4.379553794860839844e+00
2.501844099999999889e+04 4.550899028778076172e+00
2.501852400000000125e+04 5.841950416564941406e+00
2.501860699999999997e+04 5.895553112030029297e+00
2.501868999999999869e+04 5.881898880004882812e+00
2.501877300000000105e+04 5.877087116241455078e+00
2.501885599999999977e+04 5.863708019256591797e+00
2.501893899999999849e+04 5.593111038208007812e+00
2.501902200000000084e+04 5.328862667083740234e+00
2.501910499999999956e+04 5.080260753631591797e+00
2.501918799999999828e+04 4.845645427703857422e+00
2.501927100000000064e+04 4.624207496643066406e+00
2.501935399999999936e+04 4.416825294494628906e+00
2.501943700000000172e+04 4.593811035156250000e+00
2.501952000000000044e+04 5.846346855163574219e+00
2.501960299999999916e+04 5.903961658477783203e+00
2.501968600000000151e+04 5.889578819274902344e+00
2.501976900000000023e+04 5.882011890411376953e+00
2.501985199999999895e+04 5.870866775512695312e+00
2.501993500000000131e+04 5.606869220733642578e+00
