2.500009800000000178e+04 1.016260623931884766e+00
2.500018100000000049e+04 1.023094296455383301e+00
2.500026399999999921e+04 1.024425506591796875e+00
2.500034700000000157e+04 1.025777816772460938e+00
2.500043000000000029e+04 1.027153015136718750e+00
2.500051299999999901e+04 1.028560161590576172e+00
2.500059600000000137e+04 1.069891691207885742e+00
2.500067900000000009e+04 6.559023857116699219e+00
2.500076199999999881e+04 6.119067192077636719e+00
2.500084500000000116e+04 3.729588031768798828e+00
2.500092799999999988e+04 1.891223907470703125e+00
2.500101099999999860e+04 1.808572292327880859e+00
2.500109400000000096e+04 1.746795892715454102e+00
2.500117699999999968e+04 1.690786123275756836e+00
2.500125999999999840e+04 1.639375209808349609e+00
2.500134300000000076e+04 1.592232465744018555e+00
2.500142599999999948e+04 1.549691200256347656e+00
2.500150899999999820e+04 1.681123852729797363e+00
2.500159200000000055e+04 6.654821395874023438e+00
2.500167499999999927e+04 6.108283996582031250e+00
2.500175800000000163e+04 6.108458518981933594e+00
2.500184100000000035e+04 4.046484470367431641e+00
2.500192399999999907e+04 1.910286784172058105e+00
2.500200700000000143e+04 1.844384789466857910e+00
2.500209000000000015e+04 1.790227770805358887e+00
2.500217299999999886e+04 1.739969730377197266e+00
2.500225600000000122e+04 1.693296909332275391e+00
2.500233899999999994e+04 1.650022149085998535e+00
2.500242199999999866e+04 1.610632896423339844e+00
2.500250500000000102e+04 1.753577351570129395e+00
2.500258799999999974e+04 6.701770782470703125e+00
2.500267099999999846e+04 6.113059043884277344e+00
2.500275400000000081e+04 6.160389900207519531e+00
2.500283699999999953e+04 4.227863788604736328e+00
2.500291999999999825e+04 1.932304382324218750e+00
2.500300300000000061e+04 1.876995682716369629e+00
2.500308599999999933e+04 1.828228712081909180e+00
2.500316900000000169e+04 1.782538056373596191e+00
2.500325200000000041e+04 1.739727854728698730e+00
2.500333499999999913e+04 1.699702024459838867e+00
2.500341800000000148e+04 1.663040041923522949e+00
2.500350100000000020e+04 1.819982528686523438e+00
2.500358399999999892e+04 6.701245307922363281e+00
2.500366700000000128e+04 6.148286819458007812e+00
2.500375000000000000e+04 6.182506561279296875e+00
2.500383299999999872e+04 4.350078105926513672e+00
2.500391600000000108e+04 1.959985017776489258e+00
2.500399899999999980e+04 1.906578421592712402e+00
2.500408199999999852e+04 1.862065434455871582e+00
2.500416500000000087e+04 1.820078969001770020e+00
2.500424799999999959e+04 1.780462861061096191e+00
2.500433099999999831e+04 1.743185281753540039e+00
2.500441400000000067e+04 1.708908796310424805e+00
2.500449699999999939e+04 1.875125169754028320e+00
2.500458000000000175e+04 6.763360500335693359e+00
2.500466300000000047e+04 6.166977882385253906e+00
2.500474599999999919e+04 6.224125862121582031e+00
2.500482900000000154e+04 5.795119762420654297e+00
2.500491200000000026e+04 2.001909971237182617e+00
2.500499499999999898e+04 1.950460433959960938e+00
2.500507800000000134e+04 1.908377766609191895e+00
2.500516100000000006e+04 1.868725299835205078e+00
2.500524399999999878e+04 1.831090211868286133e+00
2.500532700000000114e+04 1.795467734336853027e+00
2.500540999999999985e+04 1.762416839599609375e+00
2.500549299999999857e+04 1.893278956413269043e+00
2.500557600000000093e+04 6.801872730255126953e+00
2.500565899999999965e+04 6.173764228820800781e+00
2.500574199999999837e+04 6.245488643646240234e+00
2.500582500000000073e+04 5.820152759552001953e+00
2.500590799999999945e+04 2.022686481475830078e+00
2.500599100000000180e+04 1.977550625801086426e+00
2.500607400000000052e+04 1.938224792480468750e+00
2.500615699999999924e+04 1.901079297065734863e+00
2.500624000000000160e+04 1.865683674812316895e+00
2.500632300000000032e+04 1.832036972045898438e+00
2.500640599999999904e+04 1.800739526748657227e+00
2.500648900000000140e+04 1.937591552734375000e+00
2.500657200000000012e+04 6.821012973785400391e+00
2.500665499999999884e+04 6.197449207305908203e+00
2.500673800000000119e+04 6.265648841857910156e+00
2.500682099999999991e+04 5.847734451293945312e+00
2.500690399999999863e+04 2.041958093643188477e+00
2.500698700000000099e+04 2.000108242034912109e+00
2.500706999999999971e+04 1.963119029998779297e+00
2.500715299999999843e+04 1.928189039230346680e+00
2.500723600000000079e+04 1.894803881645202637e+00
2.500731899999999951e+04 1.862952351570129395e+00
2.500740199999999822e+04 1.833275794982910156e+00
2.500748500000000058e+04 1.975327968597412109e+00
2.500756799999999930e+04 6.830400466918945312e+00
2.500765100000000166e+04 6.216458320617675781e+00
2.500773400000000038e+04 6.283279418945312500e+00
2.500781699999999910e+04 5.869263172149658203e+00
2.500790000000000146e+04 2.061411380767822266e+00
2.500798300000000017e+04 2.022610187530517578e+00
2.500806599999999889e+04 1.987900018692016602e+00
2.500814900000000125e+04 1.954799890518188477e+00
2.500823199999999997e+04 1.923056602478027344e+00
2.500831499999999869e+04 1.892673850059509277e+00
2.500839800000000105e+04 1.864334464073181152e+00
2.500848099999999977e+04 2.011210441589355469e+00
2.500856399999999849e+04 6.840600490570068359e+00
2.500864700000000084e+04 6.234331130981445312e+00
2.500872999999999956e+04 6.310630798339843750e+00
2.500881299999999828e+04 6.117697238922119141e+00
2.500889600000000064e+04 3.071684122085571289e+00
2.500897899999999936e+04 2.059093713760375977e+00
2.500906200000000172e+04 2.021338224411010742e+00
2.500914500000000044e+04 1.989256620407104492e+00
2.500922799999999916e+04 1.958597540855407715e+00
2.500931100000000151e+04 1.929185986518859863e+00
2.500939400000000023e+04 1.901532411575317383e+00
2.500947699999999895e+04 2.007076025009155273e+00
2.500956000000000131e+04 6.885733127593994141e+00
2.500964300000000003e+04 6.224747180938720703e+00
2.500972599999999875e+04 6.325857639312744141e+00
2.500980900000000111e+04 6.130019187927246094e+00
2.500989199999999983e+04 3.189610481262207031e+00
2.500997499999999854e+04 2.077272415161132812e+00
2.501005800000000090e+04 2.038953304290771484e+00
2.501014099999999962e+04 2.006785631179809570e+00
2.501022399999999834e+04 1.977507472038269043e+00
2.501030700000000070e+04 1.949361681938171387e+00
2.501038999999999942e+04 1.922868371009826660e+00
2.501047300000000178e+04 2.030824184417724609e+00
2.501055600000000049e+04 6.886017322540283203e+00
2.501063899999999921e+04 6.236522197723388672e+00
2.501072200000000157e+04 6.336607456207275391e+00
2.501080500000000029e+04 6.141938209533691406e+00
2.501088799999999901e+04 3.280910968780517578e+00
2.501097100000000137e+04 2.087654829025268555e+00
2.501105400000000009e+04 2.053613424301147461e+00
2.501113699999999881e+04 2.024385213851928711e+00
2.501122000000000116e+04 1.996284842491149902e+00
2.501130299999999988e+04 1.969219326972961426e+00
2.501138599999999860e+04 1.943727850914001465e+00
2.501146900000000096e+04 2.054016590118408203e+00
2.501155199999999968e+04 6.890652656555175781e+00
2.501163499999999840e+04 6.253225803375244141e+00
2.501171800000000076e+04 6.352328300476074219e+00
2.501180099999999948e+04 6.160021781921386719e+00
2.501188399999999820e+04 3.365165948867797852e+00
2.501196700000000055e+04 2.103292703628540039e+00
2.501204999999999927e+04 2.068811178207397461e+00
2.501213300000000163e+04 2.040691137313842773e+00
2.501221600000000035e+04 2.013621568679809570e+00
2.501229899999999907e+04 1.987499952316284180e+00
2.501238200000000143e+04 1.962887287139892578e+00
2.501246500000000015e+04 2.075257778167724609e+00
2.501254799999999886e+04 6.913187503814697266e+00
2.501263100000000122e+04 6.270214080810546875e+00
2.501271399999999994e+04 6.366395473480224609e+00
2.501279699999999866e+04 6.270904064178466797e+00
2.501288000000000102e+04 4.095205307006835938e+00
2.501296299999999974e+04 2.116814851760864258e+00
2.501304599999999846e+04 2.083401918411254883e+00
2.501312900000000081e+04 2.056255340576171875e+00
2.501321199999999953e+04 2.030070781707763672e+00
2.501329499999999825e+04 2.004765748977661133e+00
2.501337800000000061e+04 1.980713367462158203e+00
2.501346099999999933e+04 2.046982526779174805e+00
2.501354400000000169e+04 6.927401542663574219e+00
2.501362700000000041e+04 6.251820564270019531e+00
2.501370999999999913e+04 6.384498596191406250e+00
2.501379300000000148e+04 6.275658130645751953e+00
2.501387600000000020e+04 4.222440242767333984e+00
2.501395899999999892e+04 2.131411314010620117e+00
2.501404200000000128e+04 2.096807003021240234e+00
2.501412500000000000e+04 2.070401191711425781e+00
2.501420799999999872e+04 2.045011520385742188e+00
2.501429100000000108e+04 2.020443439483642578e+00
2.501437399999999980e+04 1.997075676918029785e+00
2.501445699999999852e+04 2.065218925476074219e+00
2.501454000000000087e+04 6.912992477416992188e+00
2.501462299999999959e+04 6.267488956451416016e+00
2.501470599999999831e+04 6.397996902465820312e+00
2.501478900000000067e+04 6.289817333221435547e+00
2.501487199999999939e+04 4.258996486663818359e+00
2.501495500000000175e+04 2.143126010894775391e+00
2.501503800000000047e+04 2.109079122543334961e+00
2.501512099999999919e+04 2.083639144897460938e+00
2.501520400000000154e+04 2.058936595916748047e+00
2.501528700000000026e+04 2.035027027130126953e+00
2.501536999999999898e+04 2.012352466583251953e+00
2.501545300000000134e+04 2.082090616226196289e+00
2.501553600000000006e+04 6.945443153381347656e+00
2.501561899999999878e+04 6.279347896575927734e+00
2.501570200000000114e+04 6.411045074462890625e+00
2.501578499999999985e+04 6.304192066192626953e+00
2.501586799999999857e+04 4.292653560638427734e+00
2.501595100000000093e+04 2.149452209472656250e+00
2.501603399999999965e+04 2.120964765548706055e+00
2.501611699999999837e+04 2.096057415008544922e+00
2.501620000000000073e+04 2.072030067443847656e+00
2.501628299999999945e+04 2.048709869384765625e+00
2.501636600000000180e+04 2.026459217071533203e+00
2.501644900000000052e+04 2.096297502517700195e+00
2.501653199999999924e+04 6.956366062164306641e+00
2.501661500000000160e+04 6.294684886932373047e+00
2.501669800000000032e+04 6.423126697540283203e+00
2.501678099999999904e+04 6.366070270538330078e+00
2.501686400000000140e+04 4.642237663269042969e+00
2.501694700000000012e+04 2.168750286102294922e+00
2.501702999999999884e+04 2.132585763931274414e+00
2.501711300000000119e+04 2.108103275299072266e+00
2.501719599999999991e+04 2.084609985351562500e+00
2.501727899999999863e+04 2.061782598495483398e+00
2.501736200000000099e+04 2.039857625961303711e+00
2.501744499999999971e+04 2.111250400543212891e+00
2.501752799999999843e+04 6.725161075592041016e+00
2.501761100000000079e+04 6.290090560913085938e+00
2.501769399999999951e+04 6.433937072753906250e+00
2.501777699999999822e+04 6.375603675842285156e+00
2.501786000000000058e+04 4.629260540008544922e+00
2.501794299999999930e+04 2.173417806625366211e+00
2.501802600000000166e+04 2.142799615859985352e+00
2.501810900000000038e+04 2.119162797927856445e+00
2.501819199999999910e+04 2.096162796020507812e+00
2.501827500000000146e+04 2.073838949203491211e+00
2.501835800000000017e+04 2.052368402481079102e+00
2.501844099999999889e+04 2.077731132507324219e+00
2.501852400000000125e+04 6.803219318389892578e+00
2.501860699999999997e+04 6.298020362854003906e+00
2.501868999999999869e+04 6.445322990417480469e+00
2.501877300000000105e+04 6.387030124664306641e+00
2.501885599999999977e+04 4.653330326080322266e+00
2.501893899999999849e+04 2.185123205184936523e+00
2.501902200000000084e+04 2.152781963348388672e+00
2.501910499999999956e+04 2.129599094390869141e+00
2.501918799999999828e+04 2.107048273086547852e+00
2.501927100000000064e+04 2.085120439529418945e+00
2.501935399999999936e+04 2.064070701599121094e+00
2.501943700000000172e+04 2.089877605438232422e+00
2.501952000000000044e+04 6.773861885070800781e+00
2.501960299999999916e+04 6.311914920806884766e+00
2.501968600000000151e+04 6.455924034118652344e+00
2.501976900000000023e+04 6.398190975189208984e+00
2.501985199999999895e+04 4.675038814544677734e+00
2.501993500000000131e+04 2.191913843154907227e+00
