2.500009800000000178e+04 8.178815917968750000e+02
2.500018100000000049e+04 8.178880615234375000e+02
2.500026399999999921e+04 8.178964843750000000e+02
2.500034700000000157e+04 8.179058227539062500e+02
2.500043000000000029e+04 8.179141845703125000e+02
2.500051299999999901e+04 8.179093017578125000e+02
2.500059600000000137e+04 8.179143676757812500e+02
2.500067900000000009e+04 8.178920288085937500e+02
2.500076199999999881e+04 8.179095458984375000e+02
2.500084500000000116e+04 8.179139404296875000e+02
2.500092799999999988e+04 8.179181518554687500e+02
2.500101099999999860e+04 8.179235839843750000e+02
2.500109400000000096e+04 8.179295654296875000e+02
2.500117699999999968e+04 8.179364624023437500e+02
2.500125999999999840e+04 8.179452514648437500e+02
2.500134300000000076e+04 8.179550170898437500e+02
2.500142599999999948e+04 8.179639282226562500e+02
2.500150899999999820e+04 8.179621582031250000e+02
2.500159200000000055e+04 8.179600219726562500e+02
2.500167499999999927e+04 8.179428710937500000e+02
2.500175800000000163e+04 8.179568481445312500e+02
2.500184100000000035e+04 8.179608154296875000e+02
2.500192399999999907e+04 8.179643554687500000e+02
2.500200700000000143e+04 8.179691772460937500e+02
2.500209000000000015e+04 8.179744262695312500e+02
2.500217299999999886e+04 8.179806518554687500e+02
2.500225600000000122e+04 8.179887084960937500e+02
2.500233899999999994e+04 8.179978027343750000e+02
2.500242199999999866e+04 8.180060424804687500e+02
2.500250500000000102e+04 8.180032958984375000e+02
2.500258799999999974e+04 8.180075683593750000e+02
2.500267099999999846e+04 8.179844360351562500e+02
2.500275400000000081e+04 8.180000000000000000e+02
2.500283699999999953e+04 8.180036621093750000e+02
2.500291999999999825e+04 8.180067749023437500e+02
2.500300300000000061e+04 8.180111694335937500e+02
2.500308599999999933e+04 8.180159301757812500e+02
2.500316900000000169e+04 8.180216064453125000e+02
2.500325200000000041e+04 8.180291748046875000e+02
2.500333499999999913e+04 8.180377197265625000e+02
2.500341800000000148e+04 8.180454711914062500e+02
2.500350100000000020e+04 8.180419311523437500e+02
2.500358399999999892e+04 8.180451660156250000e+02
2.500366700000000128e+04 8.180219116210937500e+02
2.500375000000000000e+04 8.180365600585937500e+02
2.500383299999999872e+04 8.180399169921875000e+02
2.500391600000000108e+04 8.180427246093750000e+02
2.500399899999999980e+04 8.180466918945312500e+02
2.500408199999999852e+04 8.180510864257812500e+02
2.500416500000000087e+04 8.180562744140625000e+02
2.500424799999999959e+04 8.180633544921875000e+02
2.500433099999999831e+04 8.180715332031250000e+02
2.500441400000000067e+04 8.180787963867187500e+02
2.500449699999999939e+04 8.180745239257812500e+02
2.500458000000000175e+04 8.180769042968750000e+02
2.500466300000000047e+04 8.180499267578125000e+02
2.500474599999999919e+04 8.180593872070312500e+02
2.500482900000000154e+04 8.180626220703125000e+02
2.500491200000000026e+04 8.180648193359375000e+02
2.500499499999999898e+04 8.180678100585937500e+02
2.500507800000000134e+04 8.180714111328125000e+02
2.500516100000000006e+04 8.180757446289062500e+02
2.500524399999999878e+04 8.180817871093750000e+02
2.500532700000000114e+04 8.180890502929687500e+02
2.500540999999999985e+04 8.180958862304687500e+02
2.500549299999999857e+04 8.180930786132812500e+02
2.500557600000000093e+04 8.180985717773437500e+02
2.500565899999999965e+04 8.180712280273437500e+02
2.500574199999999837e+04 8.180804443359375000e+02
2.500582500000000073e+04 8.180835571289062500e+02
2.500590799999999945e+04 8.180855712890625000e+02
2.500599100000000180e+04 8.180883178710937500e+02
2.500607400000000052e+04 8.180917358398437500e+02
2.500615699999999924e+04 8.180958251953125000e+02
2.500624000000000160e+04 8.181016235351562500e+02
2.500632300000000032e+04 8.181085815429687500e+02
2.500640599999999904e+04 8.181151123046875000e+02
2.500648900000000140e+04 8.181118774414062500e+02
2.500657200000000012e+04 8.181166992187500000e+02
2.500665499999999884e+04 8.180891723632812500e+02
2.500673800000000119e+04 8.180980224609375000e+02
2.500682099999999991e+04 8.181010742187500000e+02
2.500690399999999863e+04 8.181029663085937500e+02
2.500698700000000099e+04 8.181055908203125000e+02
2.500706999999999971e+04 8.181087646484375000e+02
2.500715299999999843e+04 8.181127319335937500e+02
2.500723600000000079e+04 8.181182861328125000e+02
2.500731899999999951e+04 8.181250610351562500e+02
2.500740199999999822e+04 8.181312866210937500e+02
2.500748500000000058e+04 8.181276855468750000e+02
2.500756799999999930e+04 8.181326904296875000e+02
2.500765100000000166e+04 8.181050415039062500e+02
2.500773400000000038e+04 8.181137084960937500e+02
2.500781699999999910e+04 8.181166381835937500e+02
2.500790000000000146e+04 8.181184082031250000e+02
2.500798300000000017e+04 8.181209106445312500e+02
2.500806599999999889e+04 8.181239624023437500e+02
2.500814900000000125e+04 8.181276245117187500e+02
2.500823199999999997e+04 8.181329956054687500e+02
2.500831499999999869e+04 8.181395263671875000e+02
2.500839800000000105e+04 8.181456298828125000e+02
2.500848099999999977e+04 8.181417236328125000e+02
2.500856399999999849e+04 8.181473999023437500e+02
2.500864700000000084e+04 8.181157836914062500e+02
2.500872999999999956e+04 8.181201782226562500e+02
2.500881299999999828e+04 8.181227416992187500e+02
2.500889600000000064e+04 8.181246337890625000e+02
2.500897899999999936e+04 8.181268920898437500e+02
2.500906200000000172e+04 8.181297607421875000e+02
2.500914500000000044e+04 8.181333007812500000e+02
2.500922799999999916e+04 8.181381835937500000e+02
2.500931100000000151e+04 8.181444091796875000e+02
2.500939400000000023e+04 8.181505126953125000e+02
2.500947699999999895e+04 8.181489868164062500e+02
2.500956000000000131e+04 8.181583862304687500e+02
2.500964300000000003e+04 8.181274414062500000e+02
2.500972599999999875e+04 8.181306152343750000e+02
2.500980900000000111e+04 8.181331176757812500e+02
2.500989199999999983e+04 8.181349487304687500e+02
2.500997499999999854e+04 8.181370849609375000e+02
2.501005800000000090e+04 8.181398315429687500e+02
2.501014099999999962e+04 8.181431884765625000e+02
2.501022399999999834e+04 8.181479492187500000e+02
2.501030700000000070e+04 8.181539916992187500e+02
2.501038999999999942e+04 8.181599121093750000e+02
2.501047300000000178e+04 8.181581420898437500e+02
2.501055600000000049e+04 8.181671752929687500e+02
2.501063899999999921e+04 8.181361694335937500e+02
2.501072200000000157e+04 8.181391601562500000e+02
2.501080500000000029e+04 8.181416015625000000e+02
2.501088799999999901e+04 8.181433105468750000e+02
2.501097100000000137e+04 8.181453857421875000e+02
2.501105400000000009e+04 8.181480102539062500e+02
2.501113699999999881e+04 8.181512451171875000e+02
2.501122000000000116e+04 8.181558227539062500e+02
2.501130299999999988e+04 8.181617431640625000e+02
2.501138599999999860e+04 8.181675415039062500e+02
2.501146900000000096e+04 8.181655883789062500e+02
2.501155199999999968e+04 8.181746215820312500e+02
2.501163499999999840e+04 8.181434936523437500e+02
2.501171800000000076e+04 8.181464233398437500e+02
2.501180099999999948e+04 8.181488037109375000e+02
2.501188399999999820e+04 8.181504516601562500e+02
2.501196700000000055e+04 8.181524047851562500e+02
2.501204999999999927e+04 8.181549682617187500e+02
2.501213300000000163e+04 8.181579589843750000e+02
2.501221600000000035e+04 8.181624755859375000e+02
2.501229899999999907e+04 8.181682739257812500e+02
2.501238200000000143e+04 8.181739501953125000e+02
2.501246500000000015e+04 8.181717529296875000e+02
2.501254799999999886e+04 8.181826782226562500e+02
2.501263100000000122e+04 8.181510620117187500e+02
2.501271399999999994e+04 8.181494750976562500e+02
2.501279699999999866e+04 8.181531372070312500e+02
2.501288000000000102e+04 8.181549682617187500e+02
2.501296299999999974e+04 8.181567382812500000e+02
2.501304599999999846e+04 8.181591796875000000e+02
2.501312900000000081e+04 8.181621093750000000e+02
2.501321199999999953e+04 8.181665039062500000e+02
2.501329499999999825e+04 8.181720581054687500e+02
2.501337800000000061e+04 8.181778564453125000e+02
2.501346099999999933e+04 8.181781616210937500e+02
2.501354400000000169e+04 8.181842651367187500e+02
2.501362700000000041e+04 8.181552734375000000e+02
2.501370999999999913e+04 8.181520996093750000e+02
2.501379300000000148e+04 8.181560668945312500e+02
2.501387600000000020e+04 8.181578369140625000e+02
2.501395899999999892e+04 8.181595458984375000e+02
2.501404200000000128e+04 8.181619262695312500e+02
2.501412500000000000e+04 8.181647949218750000e+02
2.501420799999999872e+04 8.181687622070312500e+02
2.501429100000000108e+04 8.181742553710937500e+02
2.501437399999999980e+04 8.181799316406250000e+02
2.501445699999999852e+04 8.181801147460937500e+02
2.501454000000000087e+04 8.181879882812500000e+02
2.501462299999999959e+04 8.181578369140625000e+02
2.501470599999999831e+04 8.181553344726562500e+02
2.501478900000000067e+04 8.181588745117187500e+02
2.501487199999999939e+04 8.181605834960937500e+02
2.501495500000000175e+04 8.181622314453125000e+02
2.501503800000000047e+04 8.181645507812500000e+02
2.501512099999999919e+04 8.181672973632812500e+02
2.501520400000000154e+04 8.181712646484375000e+02
2.501528700000000026e+04 8.181766357421875000e+02
2.501536999999999898e+04 8.181822509765625000e+02
2.501545300000000134e+04 8.181823120117187500e+02
2.501553600000000006e+04 8.181900024414062500e+02
2.501561899999999878e+04 8.181599731445312500e+02
2.501570200000000114e+04 8.181572265625000000e+02
2.501578499999999985e+04 8.181607055664062500e+02
2.501586799999999857e+04 8.181624145507812500e+02
2.501595100000000093e+04 8.181640014648437500e+02
2.501603399999999965e+04 8.181662597656250000e+02
2.501611699999999837e+04 8.181688842773437500e+02
2.501620000000000073e+04 8.181727905273437500e+02
2.501628299999999945e+04 8.181781005859375000e+02
2.501636600000000180e+04 8.181835937500000000e+02
2.501644900000000052e+04 8.181835937500000000e+02
2.501653199999999924e+04 8.181912231445312500e+02
2.501661500000000160e+04 8.181610107421875000e+02
2.501669800000000032e+04 8.181530761718750000e+02
2.501678099999999904e+04 8.181573486328125000e+02
2.501686400000000140e+04 8.181592407226562500e+02
2.501694700000000012e+04 8.181606445312500000e+02
2.501702999999999884e+04 8.181628417968750000e+02
2.501711300000000119e+04 8.181654052734375000e+02
2.501719599999999991e+04 8.181691894531250000e+02
2.501727899999999863e+04 8.181743164062500000e+02
2.501736200000000099e+04 8.181797485351562500e+02
2.501744499999999971e+04 8.181814575195312500e+02
2.501752799999999843e+04 8.181823730468750000e+02
2.501761100000000079e+04 8.181608886718750000e+02
2.501769399999999951e+04 8.181488647460937500e+02
2.501777699999999822e+04 8.181563720703125000e+02
2.501786000000000058e+04 8.181581420898437500e+02
2.501794299999999930e+04 8.181595458984375000e+02
2.501802600000000166e+04 8.181616821289062500e+02
2.501810900000000038e+04 8.181642456054687500e+02
2.501819199999999910e+04 8.181676635742187500e+02
2.501827500000000146e+04 8.181727294921875000e+02
2.501835800000000017e+04 8.181783447265625000e+02
2.501844099999999889e+04 8.181807250976562500e+02
2.501852400000000125e+04 8.181814575195312500e+02
2.501860699999999997e+04 8.181598510742187500e+02
2.501868999999999869e+04 8.181481323242187500e+02
2.501877300000000105e+04 8.181552734375000000e+02
2.501885599999999977e+04 8.181571044921875000e+02
2.501893899999999849e+04 8.181584472656250000e+02
2.501902200000000084e+04 8.181605834960937500e+02
2.501910499999999956e+04 8.181630249023437500e+02
2.501918799999999828e+04 8.181664428710937500e+02
2.501927100000000064e+04 8.181713867187500000e+02
2.501935399999999936e+04 8.181769409179687500e+02
2.501943700000000172e+04 8.181793212890625000e+02
2.501952000000000044e+04 8.181799316406250000e+02
2.501960299999999916e+04 8.181585693359375000e+02
2.501968600000000151e+04 8.181466064453125000e+02
2.501976900000000023e+04 8.181539306640625000e+02
2.501985199999999895e+04 8.181556396484375000e+02
2.501993500000000131e+04 8.181569824218750000e+02
