2.500009800000000178e+04 8.567736206054687500e+02
2.500018100000000049e+04 8.567814331054687500e+02
2.500026399999999921e+04 8.567905273437500000e+02
2.500034700000000157e+04 8.567999877929687500e+02
2.500043000000000029e+04 8.568085327148437500e+02
2.500051299999999901e+04 8.568063964843750000e+02
2.500059600000000137e+04 8.567886352539062500e+02
2.500067900000000009e+04 8.567687988281250000e+02
2.500076199999999881e+04 8.567774658203125000e+02
2.500084500000000116e+04 8.567833251953125000e+02
2.500092799999999988e+04 8.567894897460937500e+02
2.500101099999999860e+04 8.567961425781250000e+02
2.500109400000000096e+04 8.568027954101562500e+02
2.500117699999999968e+04 8.568098754882812500e+02
2.500125999999999840e+04 8.568184204101562500e+02
2.500134300000000076e+04 8.568276977539062500e+02
2.500142599999999948e+04 8.568358154296875000e+02
2.500150899999999820e+04 8.568351440429687500e+02
2.500159200000000055e+04 8.568189086914062500e+02
2.500167499999999927e+04 8.567985229492187500e+02
2.500175800000000163e+04 8.568063964843750000e+02
2.500184100000000035e+04 8.568118896484375000e+02
2.500192399999999907e+04 8.568176269531250000e+02
2.500200700000000143e+04 8.568239746093750000e+02
2.500209000000000015e+04 8.568303222656250000e+02
2.500217299999999886e+04 8.568370971679687500e+02
2.500225600000000122e+04 8.568453369140625000e+02
2.500233899999999994e+04 8.568542480468750000e+02
2.500242199999999866e+04 8.568621215820312500e+02
2.500250500000000102e+04 8.568610839843750000e+02
2.500258799999999974e+04 8.568443603515625000e+02
2.500267099999999846e+04 8.568233642578125000e+02
2.500275400000000081e+04 8.568309326171875000e+02
2.500283699999999953e+04 8.568359985351562500e+02
2.500291999999999825e+04 8.568415527343750000e+02
2.500300300000000061e+04 8.568476562500000000e+02
2.500308599999999933e+04 8.568536987304687500e+02
2.500316900000000169e+04 8.568602294921875000e+02
2.500325200000000041e+04 8.568682250976562500e+02
2.500333499999999913e+04 8.568769531250000000e+02
2.500341800000000148e+04 8.568845825195312500e+02
2.500350100000000020e+04 8.568833007812500000e+02
2.500358399999999892e+04 8.568660888671875000e+02
2.500366700000000128e+04 8.568447265625000000e+02
2.500375000000000000e+04 8.568518676757812500e+02
2.500383299999999872e+04 8.568567504882812500e+02
2.500391600000000108e+04 8.568620605468750000e+02
2.500399899999999980e+04 8.568679199218750000e+02
2.500408199999999852e+04 8.568738403320312500e+02
2.500416500000000087e+04 8.568800659179687500e+02
2.500424799999999959e+04 8.568878784179687500e+02
2.500433099999999831e+04 8.568964233398437500e+02
2.500441400000000067e+04 8.569038696289062500e+02
2.500449699999999939e+04 8.569024047851562500e+02
2.500458000000000175e+04 8.568848266601562500e+02
2.500466300000000047e+04 8.568594970703125000e+02
2.500474599999999919e+04 8.568616333007812500e+02
2.500482900000000154e+04 8.568637084960937500e+02
2.500491200000000026e+04 8.568687133789062500e+02
2.500499499999999898e+04 8.568743286132812500e+02
2.500507800000000134e+04 8.568800659179687500e+02
2.500516100000000006e+04 8.568861083984375000e+02
2.500524399999999878e+04 8.568934936523437500e+02
2.500532700000000114e+04 8.569017333984375000e+02
2.500540999999999985e+04 8.569092407226562500e+02
2.500549299999999857e+04 8.569094238281250000e+02
2.500557600000000093e+04 8.568950195312500000e+02
2.500565899999999965e+04 8.568692016601562500e+02
2.500574199999999837e+04 8.568712768554687500e+02
2.500582500000000073e+04 8.568731689453125000e+02
2.500590799999999945e+04 8.568780517578125000e+02
2.500599100000000180e+04 8.568835449218750000e+02
2.500607400000000052e+04 8.568890991210937500e+02
2.500615699999999924e+04 8.568950805664062500e+02
2.500624000000000160e+04 8.569022827148437500e+02
2.500632300000000032e+04 8.569104003906250000e+02
2.500640599999999904e+04 8.569177856445312500e+02
2.500648900000000140e+04 8.568905029296875000e+02
2.500657200000000012e+04 8.568881835937500000e+02
2.500665499999999884e+04 8.568600463867187500e+02
2.500673800000000119e+04 8.568618164062500000e+02
2.500682099999999991e+04 8.568634643554687500e+02
2.500690399999999863e+04 8.568682250976562500e+02
2.500698700000000099e+04 8.568735961914062500e+02
2.500706999999999971e+04 8.568790893554687500e+02
2.500715299999999843e+04 8.568849487304687500e+02
2.500723600000000079e+04 8.568920898437500000e+02
2.500731899999999951e+04 8.569000854492187500e+02
2.500740199999999822e+04 8.569073486328125000e+02
2.500748500000000058e+04 8.568787231445312500e+02
2.500756799999999930e+04 8.568764038085937500e+02
2.500765100000000166e+04 8.568480224609375000e+02
2.500773400000000038e+04 8.568496093750000000e+02
2.500781699999999910e+04 8.568511962890625000e+02
2.500790000000000146e+04 8.568558349609375000e+02
2.500798300000000017e+04 8.568610839843750000e+02
2.500806599999999889e+04 8.568665161132812500e+02
2.500814900000000125e+04 8.568721923828125000e+02
2.500823199999999997e+04 8.568792114257812500e+02
2.500831499999999869e+04 8.568871459960937500e+02
2.500839800000000105e+04 8.568943481445312500e+02
2.500848099999999977e+04 8.568648681640625000e+02
2.500856399999999849e+04 8.568618774414062500e+02
2.500864700000000084e+04 8.568298950195312500e+02
2.500872999999999956e+04 8.568264160156250000e+02
2.500881299999999828e+04 8.568288574218750000e+02
2.500889600000000064e+04 8.568334350585937500e+02
2.500897899999999936e+04 8.568385009765625000e+02
2.500906200000000172e+04 8.568438720703125000e+02
2.500914500000000044e+04 8.568494262695312500e+02
2.500922799999999916e+04 8.568560791015625000e+02
2.500931100000000151e+04 8.568638305664062500e+02
2.500939400000000023e+04 8.568711547851562500e+02
2.500947699999999895e+04 8.568727416992187500e+02
2.500956000000000131e+04 8.568660888671875000e+02
2.500964300000000003e+04 8.568358764648437500e+02
2.500972599999999875e+04 8.568327026367187500e+02
2.500980900000000111e+04 8.568348999023437500e+02
2.500989199999999983e+04 8.568392944335937500e+02
2.500997499999999854e+04 8.568442993164062500e+02
2.501005800000000090e+04 8.568496093750000000e+02
2.501014099999999962e+04 8.568551025390625000e+02
2.501022399999999834e+04 8.568616943359375000e+02
2.501030700000000070e+04 8.568693237304687500e+02
2.501038999999999942e+04 8.568765869140625000e+02
2.501047300000000178e+04 8.568780517578125000e+02
2.501055600000000049e+04 8.568712768554687500e+02
2.501063899999999921e+04 8.568408813476562500e+02
2.501072200000000157e+04 8.568376464843750000e+02
2.501080500000000029e+04 8.568396606445312500e+02
2.501088799999999901e+04 8.568439941406250000e+02
2.501097100000000137e+04 8.568489379882812500e+02
2.501105400000000009e+04 8.568541259765625000e+02
2.501113699999999881e+04 8.568596191406250000e+02
2.501122000000000116e+04 8.568661499023437500e+02
2.501130299999999988e+04 8.568737182617187500e+02
2.501138599999999860e+04 8.568809204101562500e+02
2.501146900000000096e+04 8.568569946289062500e+02
2.501155199999999968e+04 8.568634643554687500e+02
2.501163499999999840e+04 8.568289794921875000e+02
2.501171800000000076e+04 8.568254394531250000e+02
2.501180099999999948e+04 8.568273925781250000e+02
2.501188399999999820e+04 8.568316650390625000e+02
2.501196700000000055e+04 8.568366088867187500e+02
2.501204999999999927e+04 8.568417358398437500e+02
2.501213300000000163e+04 8.568470458984375000e+02
2.501221600000000035e+04 8.568535766601562500e+02
2.501229899999999907e+04 8.568610839843750000e+02
2.501238200000000143e+04 8.568682250976562500e+02
2.501246500000000015e+04 8.568409423828125000e+02
2.501254799999999886e+04 8.568474121093750000e+02
2.501263100000000122e+04 8.568128051757812500e+02
2.501271399999999994e+04 8.568041381835937500e+02
2.501279699999999866e+04 8.568063964843750000e+02
2.501288000000000102e+04 8.568104858398437500e+02
2.501296299999999974e+04 8.568152465820312500e+02
2.501304599999999846e+04 8.568203125000000000e+02
2.501312900000000081e+04 8.568256225585937500e+02
2.501321199999999953e+04 8.568320312500000000e+02
2.501329499999999825e+04 8.568394165039062500e+02
2.501337800000000061e+04 8.568467407226562500e+02
2.501346099999999933e+04 8.568498535156250000e+02
2.501354400000000169e+04 8.568477172851562500e+02
2.501362700000000041e+04 8.568172607421875000e+02
2.501370999999999913e+04 8.568089599609375000e+02
2.501379300000000148e+04 8.568108520507812500e+02
2.501387600000000020e+04 8.568148803710937500e+02
2.501395899999999892e+04 8.568195800781250000e+02
2.501404200000000128e+04 8.568246459960937500e+02
2.501412500000000000e+04 8.568298950195312500e+02
2.501420799999999872e+04 8.568359985351562500e+02
2.501429100000000108e+04 8.568432617187500000e+02
2.501437399999999980e+04 8.568505859375000000e+02
2.501445699999999852e+04 8.568536376953125000e+02
2.501454000000000087e+04 8.568515014648437500e+02
2.501462299999999959e+04 8.568207397460937500e+02
2.501470599999999831e+04 8.568123779296875000e+02
2.501478900000000067e+04 8.568142089843750000e+02
2.501487199999999939e+04 8.568181762695312500e+02
2.501495500000000175e+04 8.568228759765625000e+02
2.501503800000000047e+04 8.568278808593750000e+02
2.501512099999999919e+04 8.568330688476562500e+02
2.501520400000000154e+04 8.568391723632812500e+02
2.501528700000000026e+04 8.568464355468750000e+02
2.501536999999999898e+04 8.568536987304687500e+02
2.501545300000000134e+04 8.568567504882812500e+02
2.501553600000000006e+04 8.568545532226562500e+02
2.501561899999999878e+04 8.568237304687500000e+02
2.501570200000000114e+04 8.568152465820312500e+02
2.501578499999999985e+04 8.568170776367187500e+02
2.501586799999999857e+04 8.568209838867187500e+02
2.501595100000000093e+04 8.568256225585937500e+02
2.501603399999999965e+04 8.568306274414062500e+02
2.501611699999999837e+04 8.568356933593750000e+02
2.501620000000000073e+04 8.568417358398437500e+02
2.501628299999999945e+04 8.568489990234375000e+02
2.501636600000000180e+04 8.568562011718750000e+02
2.501644900000000052e+04 8.568592529296875000e+02
2.501653199999999924e+04 8.568569946289062500e+02
2.501661500000000160e+04 8.568260498046875000e+02
2.501669800000000032e+04 8.568124389648437500e+02
2.501678099999999904e+04 8.568145751953125000e+02
2.501686400000000140e+04 8.568183593750000000e+02
2.501694700000000012e+04 8.568228759765625000e+02
2.501702999999999884e+04 8.568278198242187500e+02
2.501711300000000119e+04 8.568328857421875000e+02
2.501719599999999991e+04 8.568389282226562500e+02
2.501727899999999863e+04 8.568459472656250000e+02
2.501736200000000099e+04 8.568532104492187500e+02
2.501744499999999971e+04 8.568579101562500000e+02
2.501752799999999843e+04 8.568579101562500000e+02
2.501761100000000079e+04 8.568295288085937500e+02
2.501769399999999951e+04 8.568160400390625000e+02
2.501777699999999822e+04 8.568180541992187500e+02
2.501786000000000058e+04 8.568218383789062500e+02
2.501794299999999930e+04 8.568262939453125000e+02
2.501802600000000166e+04 8.568312377929687500e+02
2.501810900000000038e+04 8.568362426757812500e+02
2.501819199999999910e+04 8.568419799804687500e+02
2.501827500000000146e+04 8.568489990234375000e+02
2.501835800000000017e+04 8.568563842773437500e+02
2.501844099999999889e+04 8.568611450195312500e+02
2.501852400000000125e+04 8.568610839843750000e+02
2.501860699999999997e+04 8.568328857421875000e+02
2.501868999999999869e+04 8.568193359375000000e+02
2.501877300000000105e+04 8.568212890625000000e+02
2.501885599999999977e+04 8.568250122070312500e+02
2.501893899999999849e+04 8.568294677734375000e+02
2.501902200000000084e+04 8.568344116210937500e+02
2.501910499999999956e+04 8.568394165039062500e+02
2.501918799999999828e+04 8.568450927734375000e+02
2.501927100000000064e+04 8.568521118164062500e+02
2.501935399999999936e+04 8.568594970703125000e+02
2.501943700000000172e+04 8.568641967773437500e+02
2.501952000000000044e+04 8.568640747070312500e+02
2.501960299999999916e+04 8.568358154296875000e+02
2.501968600000000151e+04 8.568222656250000000e+02
2.501976900000000023e+04 8.568241577148437500e+02
2.501985199999999895e+04 8.568278808593750000e+02
2.501993500000000131e+04 8.568322753906250000e+02
