2.500009800000000178e+04 8.423611450195312500e+02
2.500018100000000049e+04 8.423675537109375000e+02
2.500026399999999921e+04 8.423759765625000000e+02
2.500034700000000157e+04 8.423853149414062500e+02
2.500043000000000029e+04 8.423936767578125000e+02
2.500051299999999901e+04 8.423887939453125000e+02
2.500059600000000137e+04 8.423939208984375000e+02
2.500067900000000009e+04 8.423715209960937500e+02
2.500076199999999881e+04 8.423890380859375000e+02
2.500084500000000116e+04 8.423934326171875000e+02
2.500092799999999988e+04 8.423976440429687500e+02
2.500101099999999860e+04 8.424030761718750000e+02
2.500109400000000096e+04 8.424091186523437500e+02
2.500117699999999968e+04 8.424159545898437500e+02
2.500125999999999840e+04 8.424247436523437500e+02
2.500134300000000076e+04 8.424345092773437500e+02
2.500142599999999948e+04 8.424434814453125000e+02
2.500150899999999820e+04 8.424417114257812500e+02
2.500159200000000055e+04 8.424395141601562500e+02
2.500167499999999927e+04 8.424223632812500000e+02
2.500175800000000163e+04 8.424363403320312500e+02
2.500184100000000035e+04 8.424403076171875000e+02
2.500192399999999907e+04 8.424438476562500000e+02
2.500200700000000143e+04 8.424486694335937500e+02
2.500209000000000015e+04 8.424539794921875000e+02
2.500217299999999886e+04 8.424601440429687500e+02
2.500225600000000122e+04 8.424682006835937500e+02
2.500233899999999994e+04 8.424772949218750000e+02
2.500242199999999866e+04 8.424855346679687500e+02
2.500250500000000102e+04 8.424827880859375000e+02
2.500258799999999974e+04 8.424870605468750000e+02
2.500267099999999846e+04 8.424639282226562500e+02
2.500275400000000081e+04 8.424795532226562500e+02
2.500283699999999953e+04 8.424831542968750000e+02
2.500291999999999825e+04 8.424863281250000000e+02
2.500300300000000061e+04 8.424906616210937500e+02
2.500308599999999933e+04 8.424954833984375000e+02
2.500316900000000169e+04 8.425010986328125000e+02
2.500325200000000041e+04 8.425086669921875000e+02
2.500333499999999913e+04 8.425172729492187500e+02
2.500341800000000148e+04 8.425249633789062500e+02
2.500350100000000020e+04 8.425214233398437500e+02
2.500358399999999892e+04 8.425246582031250000e+02
2.500366700000000128e+04 8.425014038085937500e+02
2.500375000000000000e+04 8.425161132812500000e+02
2.500383299999999872e+04 8.425194091796875000e+02
2.500391600000000108e+04 8.425222167968750000e+02
2.500399899999999980e+04 8.425261840820312500e+02
2.500408199999999852e+04 8.425305786132812500e+02
2.500416500000000087e+04 8.425357666015625000e+02
2.500424799999999959e+04 8.425428466796875000e+02
2.500433099999999831e+04 8.425510253906250000e+02
2.500441400000000067e+04 8.425582885742187500e+02
2.500449699999999939e+04 8.425540161132812500e+02
2.500458000000000175e+04 8.425563964843750000e+02
2.500466300000000047e+04 8.425294189453125000e+02
2.500474599999999919e+04 8.425388793945312500e+02
2.500482900000000154e+04 8.425421752929687500e+02
2.500491200000000026e+04 8.425443115234375000e+02
2.500499499999999898e+04 8.425473022460937500e+02
2.500507800000000134e+04 8.425509033203125000e+02
2.500516100000000006e+04 8.425552368164062500e+02
2.500524399999999878e+04 8.425612792968750000e+02
2.500532700000000114e+04 8.425686035156250000e+02
2.500540999999999985e+04 8.425753784179687500e+02
2.500549299999999857e+04 8.425725708007812500e+02
2.500557600000000093e+04 8.425781250000000000e+02
2.500565899999999965e+04 8.425507202148437500e+02
2.500574199999999837e+04 8.425599365234375000e+02
2.500582500000000073e+04 8.425630493164062500e+02
2.500590799999999945e+04 8.425650634765625000e+02
2.500599100000000180e+04 8.425678100585937500e+02
2.500607400000000052e+04 8.425712280273437500e+02
2.500615699999999924e+04 8.425753173828125000e+02
2.500624000000000160e+04 8.425811157226562500e+02
2.500632300000000032e+04 8.425881347656250000e+02
2.500640599999999904e+04 8.425946044921875000e+02
2.500648900000000140e+04 8.425913696289062500e+02
2.500657200000000012e+04 8.425961914062500000e+02
2.500665499999999884e+04 8.425686645507812500e+02
2.500673800000000119e+04 8.425775146484375000e+02
2.500682099999999991e+04 8.425806274414062500e+02
2.500690399999999863e+04 8.425824584960937500e+02
2.500698700000000099e+04 8.425850830078125000e+02
2.500706999999999971e+04 8.425883178710937500e+02
2.500715299999999843e+04 8.425922241210937500e+02
2.500723600000000079e+04 8.425977783203125000e+02
2.500731899999999951e+04 8.426045532226562500e+02
2.500740199999999822e+04 8.426107788085937500e+02
2.500748500000000058e+04 8.426071777343750000e+02
2.500756799999999930e+04 8.426121826171875000e+02
2.500765100000000166e+04 8.425845336914062500e+02
2.500773400000000038e+04 8.425932006835937500e+02
2.500781699999999910e+04 8.425961303710937500e+02
2.500790000000000146e+04 8.425979614257812500e+02
2.500798300000000017e+04 8.426004028320312500e+02
2.500806599999999889e+04 8.426034545898437500e+02
2.500814900000000125e+04 8.426071166992187500e+02
2.500823199999999997e+04 8.426124877929687500e+02
2.500831499999999869e+04 8.426190185546875000e+02
2.500839800000000105e+04 8.426251220703125000e+02
2.500848099999999977e+04 8.426212158203125000e+02
2.500856399999999849e+04 8.426268920898437500e+02
2.500864700000000084e+04 8.425952758789062500e+02
2.500872999999999956e+04 8.425997314453125000e+02
2.500881299999999828e+04 8.426022338867187500e+02
2.500889600000000064e+04 8.426041259765625000e+02
2.500897899999999936e+04 8.426063842773437500e+02
2.500906200000000172e+04 8.426092529296875000e+02
2.500914500000000044e+04 8.426127929687500000e+02
2.500922799999999916e+04 8.426176757812500000e+02
2.500931100000000151e+04 8.426239013671875000e+02
2.500939400000000023e+04 8.426300048828125000e+02
2.500947699999999895e+04 8.426284790039062500e+02
2.500956000000000131e+04 8.426378784179687500e+02
2.500964300000000003e+04 8.426069335937500000e+02
2.500972599999999875e+04 8.426101684570312500e+02
2.500980900000000111e+04 8.426126098632812500e+02
2.500989199999999983e+04 8.426144409179687500e+02
2.500997499999999854e+04 8.426165771484375000e+02
2.501005800000000090e+04 8.425168457031250000e+02
2.501014099999999962e+04 8.425202026367187500e+02
2.501022399999999834e+04 8.425249633789062500e+02
2.501030700000000070e+04 8.425310058593750000e+02
2.501038999999999942e+04 8.425369262695312500e+02
2.501047300000000178e+04 8.425352172851562500e+02
2.501055600000000049e+04 8.425442504882812500e+02
2.501063899999999921e+04 8.425131835937500000e+02
2.501072200000000157e+04 8.425162353515625000e+02
2.501080500000000029e+04 8.425186157226562500e+02
2.501088799999999901e+04 8.425203247070312500e+02
2.501097100000000137e+04 8.425223999023437500e+02
2.501105400000000009e+04 8.425250244140625000e+02
2.501113699999999881e+04 8.425282592773437500e+02
2.501122000000000116e+04 8.425328369140625000e+02
2.501130299999999988e+04 8.425387573242187500e+02
2.501138599999999860e+04 8.425445556640625000e+02
2.501146900000000096e+04 8.425426025390625000e+02
2.501155199999999968e+04 8.425516357421875000e+02
2.501163499999999840e+04 8.425205078125000000e+02
2.501171800000000076e+04 8.425234985351562500e+02
2.501180099999999948e+04 8.425258178710937500e+02
2.501188399999999820e+04 8.425274658203125000e+02
2.501196700000000055e+04 8.425294189453125000e+02
2.501204999999999927e+04 8.425319824218750000e+02
2.501213300000000163e+04 8.425349731445312500e+02
2.501221600000000035e+04 8.425394897460937500e+02
2.501229899999999907e+04 8.425452880859375000e+02
2.501238200000000143e+04 8.425509643554687500e+02
2.501246500000000015e+04 8.425487670898437500e+02
2.501254799999999886e+04 8.425596923828125000e+02
2.501263100000000122e+04 8.425280761718750000e+02
2.501271399999999994e+04 8.425264892578125000e+02
2.501279699999999866e+04 8.425302124023437500e+02
2.501288000000000102e+04 8.425319824218750000e+02
2.501296299999999974e+04 8.425337524414062500e+02
2.501304599999999846e+04 8.425361938476562500e+02
2.501312900000000081e+04 8.425391235351562500e+02
2.501321199999999953e+04 8.425435180664062500e+02
2.501329499999999825e+04 8.425490722656250000e+02
2.501337800000000061e+04 8.425548706054687500e+02
2.501346099999999933e+04 8.425552368164062500e+02
2.501354400000000169e+04 8.425612792968750000e+02
2.501362700000000041e+04 8.425322875976562500e+02
2.501370999999999913e+04 8.425291137695312500e+02
2.501379300000000148e+04 8.425330810546875000e+02
2.501387600000000020e+04 8.425348510742187500e+02
2.501395899999999892e+04 8.425365600585937500e+02
2.501404200000000128e+04 8.425389404296875000e+02
2.501412500000000000e+04 8.425418090820312500e+02
2.501420799999999872e+04 8.425458374023437500e+02
2.501429100000000108e+04 8.425512695312500000e+02
2.501437399999999980e+04 8.425569458007812500e+02
2.501445699999999852e+04 8.425571289062500000e+02
2.501454000000000087e+04 8.425650024414062500e+02
2.501462299999999959e+04 8.425348510742187500e+02
2.501470599999999831e+04 8.425323486328125000e+02
2.501478900000000067e+04 8.425358886718750000e+02
2.501487199999999939e+04 8.425375976562500000e+02
2.501495500000000175e+04 8.425392456054687500e+02
2.501503800000000047e+04 8.425415649414062500e+02
2.501512099999999919e+04 8.425443725585937500e+02
2.501520400000000154e+04 8.425482788085937500e+02
2.501528700000000026e+04 8.425536499023437500e+02
2.501536999999999898e+04 8.425592651367187500e+02
2.501545300000000134e+04 8.425593261718750000e+02
2.501553600000000006e+04 8.425670776367187500e+02
2.501561899999999878e+04 8.425369873046875000e+02
2.501570200000000114e+04 8.425342407226562500e+02
2.501578499999999985e+04 8.425377807617187500e+02
2.501586799999999857e+04 8.425394287109375000e+02
2.501595100000000093e+04 8.425410156250000000e+02
2.501603399999999965e+04 8.425432739257812500e+02
2.501611699999999837e+04 8.425459594726562500e+02
2.501620000000000073e+04 8.425498046875000000e+02
2.501628299999999945e+04 8.425551147460937500e+02
2.501636600000000180e+04 8.425606079101562500e+02
2.501644900000000052e+04 8.425606079101562500e+02
2.501653199999999924e+04 8.425682373046875000e+02
2.501661500000000160e+04 8.425380249023437500e+02
2.501669800000000032e+04 8.425301513671875000e+02
2.501678099999999904e+04 8.425343627929687500e+02
2.501686400000000140e+04 8.425362548828125000e+02
2.501694700000000012e+04 8.425376586914062500e+02
2.501702999999999884e+04 8.425398559570312500e+02
2.501711300000000119e+04 8.425424194335937500e+02
2.501719599999999991e+04 8.425462646484375000e+02
2.501727899999999863e+04 8.425513305664062500e+02
2.501736200000000099e+04 8.425567626953125000e+02
2.501744499999999971e+04 8.425585327148437500e+02
2.501752799999999843e+04 8.425593872070312500e+02
2.501761100000000079e+04 8.425379028320312500e+02
2.501769399999999951e+04 8.425258789062500000e+02
2.501777699999999822e+04 8.425333862304687500e+02
2.501786000000000058e+04 8.425352172851562500e+02
2.501794299999999930e+04 8.425365600585937500e+02
2.501802600000000166e+04 8.425387573242187500e+02
2.501810900000000038e+04 8.425412597656250000e+02
2.501819199999999910e+04 8.425446777343750000e+02
2.501827500000000146e+04 8.425497436523437500e+02
2.501835800000000017e+04 8.425553588867187500e+02
2.501844099999999889e+04 8.425577392578125000e+02
2.501852400000000125e+04 8.425584716796875000e+02
2.501860699999999997e+04 8.425369262695312500e+02
2.501868999999999869e+04 8.425251464843750000e+02
2.501877300000000105e+04 8.425323486328125000e+02
2.501885599999999977e+04 8.425341186523437500e+02
2.501893899999999849e+04 8.425354614257812500e+02
2.501902200000000084e+04 8.425375976562500000e+02
2.501910499999999956e+04 8.425400390625000000e+02
2.501918799999999828e+04 8.425434570312500000e+02
2.501927100000000064e+04 8.425484008789062500e+02
2.501935399999999936e+04 8.425540161132812500e+02
2.501943700000000172e+04 8.425563354492187500e+02
2.501952000000000044e+04 8.425570068359375000e+02
2.501960299999999916e+04 8.425355834960937500e+02
2.501968600000000151e+04 8.425236816406250000e+02
2.501976900000000023e+04 8.425309448242187500e+02
2.501985199999999895e+04 8.425327148437500000e+02
2.501993500000000131e+04 8.425339965820312500e+02
