2.500009800000000178e+04 8.705286254882812500e+02
2.500018100000000049e+04 8.705364379882812500e+02
2.500026399999999921e+04 8.705455322265625000e+02
2.500034700000000157e+04 8.705549926757812500e+02
2.500043000000000029e+04 8.705634765625000000e+02
2.500051299999999901e+04 8.705614013671875000e+02
2.500059600000000137e+04 8.705436401367187500e+02
2.500067900000000009e+04 8.705238037109375000e+02
2.500076199999999881e+04 8.705324707031250000e+02
2.500084500000000116e+04 8.705383300781250000e+02
2.500092799999999988e+04 8.705444335937500000e+02
2.500101099999999860e+04 8.705511474609375000e+02
2.500109400000000096e+04 8.705578002929687500e+02
2.500117699999999968e+04 8.705648803710937500e+02
2.500125999999999840e+04 8.705734252929687500e+02
2.500134300000000076e+04 8.705827026367187500e+02
2.500142599999999948e+04 8.705908203125000000e+02
2.500150899999999820e+04 8.705900878906250000e+02
2.500159200000000055e+04 8.705739135742187500e+02
2.500167499999999927e+04 8.705535278320312500e+02
2.500175800000000163e+04 8.705614013671875000e+02
2.500184100000000035e+04 8.705668334960937500e+02
2.500192399999999907e+04 8.705726318359375000e+02
2.500200700000000143e+04 8.705789794921875000e+02
2.500209000000000015e+04 8.705853271484375000e+02
2.500217299999999886e+04 8.705920410156250000e+02
2.500225600000000122e+04 8.706002807617187500e+02
2.500233899999999994e+04 8.706092529296875000e+02
2.500242199999999866e+04 8.706170654296875000e+02
2.500250500000000102e+04 8.706160888671875000e+02
2.500258799999999974e+04 8.705993652343750000e+02
2.500267099999999846e+04 8.705783691406250000e+02
2.500275400000000081e+04 8.705859375000000000e+02
2.500283699999999953e+04 8.705910034179687500e+02
2.500291999999999825e+04 8.705965576171875000e+02
2.500300300000000061e+04 8.706026611328125000e+02
2.500308599999999933e+04 8.706087036132812500e+02
2.500316900000000169e+04 8.706152343750000000e+02
2.500325200000000041e+04 8.706232299804687500e+02
2.500333499999999913e+04 8.706319580078125000e+02
2.500341800000000148e+04 8.706395874023437500e+02
2.500350100000000020e+04 8.706383056640625000e+02
2.500358399999999892e+04 8.706210327148437500e+02
2.500366700000000128e+04 8.705997314453125000e+02
2.500375000000000000e+04 8.706068725585937500e+02
2.500383299999999872e+04 8.706117553710937500e+02
2.500391600000000108e+04 8.706170654296875000e+02
2.500399899999999980e+04 8.706229248046875000e+02
2.500408199999999852e+04 8.706288452148437500e+02
2.500416500000000087e+04 8.706350708007812500e+02
2.500424799999999959e+04 8.706428833007812500e+02
2.500433099999999831e+04 8.706514282226562500e+02
2.500441400000000067e+04 8.706588134765625000e+02
2.500449699999999939e+04 8.706574096679687500e+02
2.500458000000000175e+04 8.706398315429687500e+02
2.500466300000000047e+04 8.706144409179687500e+02
2.500474599999999919e+04 8.706166381835937500e+02
2.500482900000000154e+04 8.706187133789062500e+02
2.500491200000000026e+04 8.706237182617187500e+02
2.500499499999999898e+04 8.706293334960937500e+02
2.500507800000000134e+04 8.706350708007812500e+02
2.500516100000000006e+04 8.706411132812500000e+02
2.500524399999999878e+04 8.706484985351562500e+02
2.500532700000000114e+04 8.706567382812500000e+02
2.500540999999999985e+04 8.706641845703125000e+02
2.500549299999999857e+04 8.706644287109375000e+02
2.500557600000000093e+04 8.706499633789062500e+02
2.500565899999999965e+04 8.706241455078125000e+02
2.500574199999999837e+04 8.706262207031250000e+02
2.500582500000000073e+04 8.706281738281250000e+02
2.500590799999999945e+04 8.706330566406250000e+02
2.500599100000000180e+04 8.706384887695312500e+02
2.500607400000000052e+04 8.706441040039062500e+02
2.500615699999999924e+04 8.706500854492187500e+02
2.500624000000000160e+04 8.706572875976562500e+02
2.500632300000000032e+04 8.706654052734375000e+02
2.500640599999999904e+04 8.706727905273437500e+02
2.500648900000000140e+04 8.706455078125000000e+02
2.500657200000000012e+04 8.706431274414062500e+02
2.500665499999999884e+04 8.706150512695312500e+02
2.500673800000000119e+04 8.706167602539062500e+02
2.500682099999999991e+04 8.706184692382812500e+02
2.500690399999999863e+04 8.706232299804687500e+02
2.500698700000000099e+04 8.706286010742187500e+02
2.500706999999999971e+04 8.706340942382812500e+02
2.500715299999999843e+04 8.706399536132812500e+02
2.500723600000000079e+04 8.706470336914062500e+02
2.500731899999999951e+04 8.706550903320312500e+02
2.500740199999999822e+04 8.706623535156250000e+02
2.500748500000000058e+04 8.706337280273437500e+02
2.500756799999999930e+04 8.706313476562500000e+02
2.500765100000000166e+04 8.706030273437500000e+02
2.500773400000000038e+04 8.706046142578125000e+02
2.500781699999999910e+04 8.706062011718750000e+02
2.500790000000000146e+04 8.706108398437500000e+02
2.500798300000000017e+04 8.706160888671875000e+02
2.500806599999999889e+04 8.706215209960937500e+02
2.500814900000000125e+04 8.706271972656250000e+02
2.500823199999999997e+04 8.706342163085937500e+02
2.500831499999999869e+04 8.706421508789062500e+02
2.500839800000000105e+04 8.706493530273437500e+02
2.500848099999999977e+04 8.706198730468750000e+02
2.500856399999999849e+04 8.706168823242187500e+02
2.500864700000000084e+04 8.705848999023437500e+02
2.500872999999999956e+04 8.705814208984375000e+02
2.500881299999999828e+04 8.705838623046875000e+02
2.500889600000000064e+04 8.705884399414062500e+02
2.500897899999999936e+04 8.705935058593750000e+02
2.500906200000000172e+04 8.705988159179687500e+02
2.500914500000000044e+04 8.706044311523437500e+02
2.500922799999999916e+04 8.706110839843750000e+02
2.500931100000000151e+04 8.706188354492187500e+02
2.500939400000000023e+04 8.706261596679687500e+02
2.500947699999999895e+04 8.706276855468750000e+02
2.500956000000000131e+04 8.706210937500000000e+02
2.500964300000000003e+04 8.705908813476562500e+02
2.500972599999999875e+04 8.705877075195312500e+02
2.500980900000000111e+04 8.705899047851562500e+02
2.500989199999999983e+04 8.705942993164062500e+02
2.500997499999999854e+04 8.705993041992187500e+02
2.501005800000000090e+04 8.705614624023437500e+02
2.501014099999999962e+04 8.705669555664062500e+02
2.501022399999999834e+04 8.705735473632812500e+02
2.501030700000000070e+04 8.705811767578125000e+02
2.501038999999999942e+04 8.705884399414062500e+02
2.501047300000000178e+04 8.705899658203125000e+02
2.501055600000000049e+04 8.705831298828125000e+02
2.501063899999999921e+04 8.705527954101562500e+02
2.501072200000000157e+04 8.705494995117187500e+02
2.501080500000000029e+04 8.705515136718750000e+02
2.501088799999999901e+04 8.705559082031250000e+02
2.501097100000000137e+04 8.705608520507812500e+02
2.501105400000000009e+04 8.705660400390625000e+02
2.501113699999999881e+04 8.705714721679687500e+02
2.501122000000000116e+04 8.705780029296875000e+02
2.501130299999999988e+04 8.705855712890625000e+02
2.501138599999999860e+04 8.705927734375000000e+02
2.501146900000000096e+04 8.705688476562500000e+02
2.501155199999999968e+04 8.705753173828125000e+02
2.501163499999999840e+04 8.705408325195312500e+02
2.501171800000000076e+04 8.705372924804687500e+02
2.501180099999999948e+04 8.705392456054687500e+02
2.501188399999999820e+04 8.705435791015625000e+02
2.501196700000000055e+04 8.705484619140625000e+02
2.501204999999999927e+04 8.705535888671875000e+02
2.501213300000000163e+04 8.705589599609375000e+02
2.501221600000000035e+04 8.705654296875000000e+02
2.501229899999999907e+04 8.705729370117187500e+02
2.501238200000000143e+04 8.705800781250000000e+02
2.501246500000000015e+04 8.705528564453125000e+02
2.501254799999999886e+04 8.705592651367187500e+02
2.501263100000000122e+04 8.705246582031250000e+02
2.501271399999999994e+04 8.705159912109375000e+02
2.501279699999999866e+04 8.705182495117187500e+02
2.501288000000000102e+04 8.705223388671875000e+02
2.501296299999999974e+04 8.705270996093750000e+02
2.501304599999999846e+04 8.705322265625000000e+02
2.501312900000000081e+04 8.705374755859375000e+02
2.501321199999999953e+04 8.705439453125000000e+02
2.501329499999999825e+04 8.705512695312500000e+02
2.501337800000000061e+04 8.705585937500000000e+02
2.501346099999999933e+04 8.705617065429687500e+02
2.501354400000000169e+04 8.705596313476562500e+02
2.501362700000000041e+04 8.705291748046875000e+02
2.501370999999999913e+04 8.705208129882812500e+02
2.501379300000000148e+04 8.705227661132812500e+02
2.501387600000000020e+04 8.705267333984375000e+02
2.501395899999999892e+04 8.705314331054687500e+02
2.501404200000000128e+04 8.705364990234375000e+02
2.501412500000000000e+04 8.705417480468750000e+02
2.501420799999999872e+04 8.705478515625000000e+02
2.501429100000000108e+04 8.705551757812500000e+02
2.501437399999999980e+04 8.705624389648437500e+02
2.501445699999999852e+04 8.705655517578125000e+02
2.501454000000000087e+04 8.705634155273437500e+02
2.501462299999999959e+04 8.705326538085937500e+02
2.501470599999999831e+04 8.705242309570312500e+02
2.501478900000000067e+04 8.705261230468750000e+02
2.501487199999999939e+04 8.705300903320312500e+02
2.501495500000000175e+04 8.705347290039062500e+02
2.501503800000000047e+04 8.705397338867187500e+02
2.501512099999999919e+04 8.705449829101562500e+02
2.501520400000000154e+04 8.705510253906250000e+02
2.501528700000000026e+04 8.705582885742187500e+02
2.501536999999999898e+04 8.705655517578125000e+02
2.501545300000000134e+04 8.705686035156250000e+02
2.501553600000000006e+04 8.705664062500000000e+02
2.501561899999999878e+04 8.705355834960937500e+02
2.501570200000000114e+04 8.705270996093750000e+02
2.501578499999999985e+04 8.705289306640625000e+02
2.501586799999999857e+04 8.705328369140625000e+02
2.501595100000000093e+04 8.705374755859375000e+02
2.501603399999999965e+04 8.705424804687500000e+02
2.501611699999999837e+04 8.705476074218750000e+02
2.501620000000000073e+04 8.705536499023437500e+02
2.501628299999999945e+04 8.705608520507812500e+02
2.501636600000000180e+04 8.705681152343750000e+02
2.501644900000000052e+04 8.705711059570312500e+02
2.501653199999999924e+04 8.705689086914062500e+02
2.501661500000000160e+04 8.705379028320312500e+02
2.501669800000000032e+04 8.705242919921875000e+02
2.501678099999999904e+04 8.705264892578125000e+02
2.501686400000000140e+04 8.705302734375000000e+02
2.501694700000000012e+04 8.705347290039062500e+02
2.501702999999999884e+04 8.705397338867187500e+02
2.501711300000000119e+04 8.705447998046875000e+02
2.501719599999999991e+04 8.705507812500000000e+02
2.501727899999999863e+04 8.705578613281250000e+02
2.501736200000000099e+04 8.705650634765625000e+02
2.501744499999999971e+04 8.705698242187500000e+02
2.501752799999999843e+04 8.705697631835937500e+02
2.501761100000000079e+04 8.705414428710937500e+02
2.501769399999999951e+04 8.705279541015625000e+02
2.501777699999999822e+04 8.705299072265625000e+02
2.501786000000000058e+04 8.705336914062500000e+02
2.501794299999999930e+04 8.705381469726562500e+02
2.501802600000000166e+04 8.705430908203125000e+02
2.501810900000000038e+04 8.705481567382812500e+02
2.501819199999999910e+04 8.705538330078125000e+02
2.501827500000000146e+04 8.705608520507812500e+02
2.501835800000000017e+04 8.705682983398437500e+02
2.501844099999999889e+04 8.705729980468750000e+02
2.501852400000000125e+04 8.705729370117187500e+02
2.501860699999999997e+04 8.705447998046875000e+02
2.501868999999999869e+04 8.705312500000000000e+02
2.501877300000000105e+04 8.705332031250000000e+02
2.501885599999999977e+04 8.705369262695312500e+02
2.501893899999999849e+04 8.705413818359375000e+02
2.501902200000000084e+04 8.705462646484375000e+02
2.501910499999999956e+04 8.705512695312500000e+02
2.501918799999999828e+04 8.705569458007812500e+02
2.501927100000000064e+04 8.705639648437500000e+02
2.501935399999999936e+04 8.705713500976562500e+02
2.501943700000000172e+04 8.705760498046875000e+02
2.501952000000000044e+04 8.705759887695312500e+02
2.501960299999999916e+04 8.705477294921875000e+02
2.501968600000000151e+04 8.705341186523437500e+02
2.501976900000000023e+04 8.705360717773437500e+02
2.501985199999999895e+04 8.705397338867187500e+02
2.501993500000000131e+04 8.705441894531250000e+02
