2.500009800000000178e+04 2.960011595860123634e-03
2.500018100000000049e+04 2.960013458505272865e-03
2.500026399999999921e+04 2.960028825327754021e-03
2.500034700000000157e+04 2.960044424980878830e-03
2.500043000000000029e+04 2.960059326142072678e-03
2.500051299999999901e+04 2.960072830319404602e-03
2.500059600000000137e+04 2.960110083222389221e-03
2.500067900000000009e+04 3.253410337492823601e-03
2.500076199999999881e+04 3.231212729588150978e-03
2.500084500000000116e+04 3.269298467785120010e-03
2.500092799999999988e+04 3.253185190260410309e-03
2.500101099999999860e+04 3.239946207031607628e-03
2.500109400000000096e+04 3.228429937735199928e-03
2.500117699999999968e+04 3.218408441171050072e-03
2.500125999999999840e+04 3.209688002243638039e-03
2.500134300000000076e+04 3.202102845534682274e-03
2.500142599999999948e+04 3.195509314537048340e-03
2.500150899999999820e+04 3.189785173162817955e-03
2.500159200000000055e+04 3.184841712936758995e-03
2.500167499999999927e+04 3.316246904432773590e-03
2.500175800000000163e+04 3.302725730463862419e-03
2.500184100000000035e+04 3.330470761284232140e-03
2.500192399999999907e+04 3.318376606330275536e-03
2.500200700000000143e+04 3.308227751404047012e-03
2.500209000000000015e+04 3.299410454928874969e-03
2.500217299999999886e+04 3.291755449026823044e-03
2.500225600000000122e+04 3.285118378698825836e-03
2.500233899999999994e+04 3.279374446719884872e-03
2.500242199999999866e+04 3.274414222687482834e-03
2.500250500000000102e+04 3.270143643021583557e-03
2.500258799999999974e+04 3.266499144956469536e-03
2.500267099999999846e+04 3.385417861863970757e-03
2.500275400000000081e+04 3.375205677002668381e-03
2.500283699999999953e+04 3.400773508474230766e-03
2.500291999999999825e+04 3.391353413462638855e-03
2.500300300000000061e+04 3.383347298949956894e-03
2.500308599999999933e+04 3.376405918970704079e-03
2.500316900000000169e+04 3.370397724211215973e-03
2.500325200000000041e+04 3.365209791809320450e-03
2.500333499999999913e+04 3.360744100064039230e-03
2.500341800000000148e+04 3.356913803145289421e-03
2.500350100000000020e+04 3.353644395247101784e-03
2.500358399999999892e+04 3.350889310240745544e-03
2.500366700000000128e+04 3.459935775026679039e-03
2.500375000000000000e+04 3.451990894973278046e-03
2.500383299999999872e+04 3.475764067843556404e-03
2.500391600000000108e+04 3.468211740255355835e-03
2.500399899999999980e+04 3.461716696619987488e-03
2.500408199999999852e+04 3.456097096204757690e-03
2.500416500000000087e+04 3.451246768236160278e-03
2.500424799999999959e+04 3.447074210271239281e-03
2.500433099999999831e+04 3.443500027060508728e-03
2.500441400000000067e+04 3.440452739596366882e-03
2.500449699999999939e+04 3.437871811911463737e-03
2.500458000000000175e+04 3.435722552239894867e-03
2.500466300000000047e+04 3.536638105288147926e-03
2.500474599999999919e+04 3.530305111780762672e-03
2.500482900000000154e+04 3.552542999386787415e-03
2.500491200000000026e+04 3.546330146491527557e-03
2.500499499999999898e+04 3.540923353284597397e-03
2.500507800000000134e+04 3.536252072080969810e-03
2.500516100000000006e+04 3.532228525727987289e-03
2.500524399999999878e+04 3.528776345774531364e-03
2.500532700000000114e+04 3.525829175487160683e-03
2.500540999999999985e+04 3.523327875882387161e-03
2.500549299999999857e+04 3.521220758557319641e-03
2.500557600000000093e+04 3.519478719681501389e-03
2.500565899999999965e+04 3.613534849137067795e-03
2.500574199999999837e+04 3.608359722420573235e-03
2.500582500000000073e+04 3.629245795309543610e-03
2.500590799999999945e+04 3.624011296778917313e-03
2.500599100000000180e+04 3.619400085881352425e-03
2.500607400000000052e+04 3.615417983382940292e-03
2.500615699999999924e+04 3.611990017816424370e-03
2.500624000000000160e+04 3.609051927924156189e-03
2.500632300000000032e+04 3.606547135859727859e-03
2.500640599999999904e+04 3.604425117373466492e-03
2.500648900000000140e+04 3.602641401812434196e-03
2.500657200000000012e+04 3.601174103096127510e-03
2.500665499999999884e+04 3.689370816573500633e-03
2.500673800000000119e+04 3.685044124722480774e-03
2.500682099999999991e+04 3.704729722812771797e-03
2.500690399999999863e+04 3.700218629091978073e-03
2.500698700000000099e+04 3.696194384247064590e-03
2.500706999999999971e+04 3.692715661600232124e-03
2.500715299999999843e+04 3.689718665555119514e-03
2.500723600000000079e+04 3.687147051095962524e-03
2.500731899999999951e+04 3.684952389448881149e-03
2.500740199999999822e+04 3.683090442791581154e-03
2.500748500000000058e+04 3.681523026898503304e-03
2.500756799999999930e+04 3.680233145132660866e-03
2.500765100000000166e+04 3.763338318094611168e-03
2.500773400000000038e+04 3.759643994271755219e-03
2.500781699999999910e+04 3.778258105739951134e-03
2.500790000000000146e+04 3.774289274588227272e-03
2.500798300000000017e+04 3.770702285692095757e-03
2.500806599999999889e+04 3.767594927921891212e-03
2.500814900000000125e+04 3.764911089092493057e-03
2.500823199999999997e+04 3.762601874768733978e-03
2.500831499999999869e+04 3.760624211281538010e-03
2.500839800000000105e+04 3.758939448744058609e-03
2.500848099999999977e+04 3.757513826712965965e-03
2.500856399999999849e+04 3.756335005164146423e-03
2.500864700000000084e+04 3.835044568404555321e-03
2.500872999999999956e+04 3.831826616078615189e-03
2.500881299999999828e+04 3.849482629448175430e-03
2.500889600000000064e+04 3.845917060971260071e-03
2.500897899999999936e+04 3.842652775347232819e-03
2.500906200000000172e+04 3.839814802631735802e-03
2.500914500000000044e+04 3.837353549897670746e-03
2.500922799999999916e+04 3.835225244984030724e-03
2.500931100000000151e+04 3.833392169326543808e-03
2.500939400000000023e+04 3.831819398328661919e-03
2.500947699999999895e+04 3.830477129667997360e-03
2.500956000000000131e+04 3.829352091997861862e-03
2.500964300000000003e+04 3.904168726876378059e-03
2.500972599999999875e+04 3.901297692209482193e-03
2.500980900000000111e+04 3.918083384633064270e-03
2.500989199999999983e+04 3.914819564670324326e-03
2.500997499999999854e+04 3.911793697625398636e-03
2.501005800000000090e+04 3.909150604158639908e-03
2.501014099999999962e+04 3.897645510733127594e-03
2.501022399999999834e+04 3.895645495504140854e-03
2.501030700000000070e+04 3.893909743055701256e-03
2.501038999999999942e+04 3.892407286912202835e-03
2.501047300000000178e+04 3.891110885888338089e-03
2.501055600000000049e+04 3.890010528266429901e-03
2.501063899999999921e+04 3.961200825870037079e-03
2.501072200000000157e+04 3.958594985306262970e-03
2.501080500000000029e+04 3.974548541009426117e-03
2.501088799999999901e+04 3.971518483012914658e-03
2.501097100000000137e+04 3.968675620853900909e-03
2.501105400000000009e+04 3.966178279370069504e-03
2.501113699999999881e+04 3.963986877351999283e-03
2.501122000000000116e+04 3.962065558880567551e-03
2.501130299999999988e+04 3.960384055972099304e-03
2.501138599999999860e+04 3.958913497626781464e-03
2.501146900000000096e+04 3.957630135118961334e-03
2.501155199999999968e+04 3.956525120884180069e-03
2.501163499999999840e+04 4.024687223136425018e-03
2.501171800000000076e+04 4.022270906716585159e-03
2.501180099999999948e+04 4.037512931972742081e-03
2.501188399999999820e+04 4.034649580717086792e-03
2.501196700000000055e+04 4.031932447105646133e-03
2.501204999999999927e+04 4.029531963169574738e-03
2.501213300000000163e+04 4.027410410344600677e-03
2.501221600000000035e+04 4.025535658001899719e-03
2.501229899999999907e+04 4.023879766464233398e-03
2.501238200000000143e+04 4.022417124360799789e-03
2.501246500000000015e+04 4.021124448627233505e-03
2.501254799999999886e+04 4.019996616989374161e-03
2.501263100000000122e+04 4.085463937371969223e-03
2.501271399999999994e+04 4.083185456693172455e-03
2.501279699999999866e+04 4.097789060324430466e-03
2.501288000000000102e+04 4.095047246664762497e-03
2.501296299999999974e+04 4.092419985681772232e-03
2.501304599999999846e+04 4.090083297342061996e-03
2.501312900000000081e+04 4.088004119694232941e-03
2.501321199999999953e+04 4.086152184754610062e-03
2.501329499999999825e+04 4.084501415491104126e-03
2.501337800000000061e+04 4.083028063178062439e-03
2.501346099999999933e+04 4.081711638718843460e-03
2.501354400000000169e+04 4.080543294548988342e-03
2.501362700000000041e+04 4.143589641898870468e-03
2.501370999999999913e+04 4.141422454267740250e-03
2.501379300000000148e+04 4.155437927693128586e-03
2.501387600000000020e+04 4.152784589678049088e-03
2.501395899999999892e+04 4.150218795984983444e-03
2.501404200000000128e+04 4.147922620177268982e-03
2.501412500000000000e+04 4.145864862948656082e-03
2.501420799999999872e+04 4.144017584621906281e-03
2.501429100000000108e+04 4.142357036471366882e-03
2.501437399999999980e+04 4.140860866755247116e-03
2.501445699999999852e+04 4.139509517699480057e-03
2.501454000000000087e+04 4.138296004384756088e-03
2.501462299999999959e+04 4.199184942990541458e-03
2.501470599999999831e+04 4.197087604552507401e-03
2.501478900000000067e+04 4.210568033158779144e-03
2.501487199999999939e+04 4.207976628094911575e-03
2.501495500000000175e+04 4.205451346933841705e-03
2.501503800000000047e+04 4.203177057206630707e-03
2.501512099999999919e+04 4.201125819236040115e-03
2.501520400000000154e+04 4.199270624667406082e-03
2.501528700000000026e+04 4.197589121758937836e-03
2.501536999999999898e+04 4.196060821413993835e-03
2.501545300000000134e+04 4.194668028503656387e-03
2.501553600000000006e+04 4.193403758108615875e-03
2.501561899999999878e+04 4.252352751791477203e-03
2.501570200000000114e+04 4.250302910804748535e-03
2.501578499999999985e+04 4.263295326381921768e-03
2.501586799999999857e+04 4.260745830833911896e-03
2.501595100000000093e+04 4.258244764059782028e-03
2.501603399999999965e+04 4.255979321897029877e-03
2.501611699999999837e+04 4.253922495990991592e-03
2.501620000000000073e+04 4.252049606293439865e-03
2.501628299999999945e+04 4.250339698046445847e-03
2.501636600000000180e+04 4.248774144798517227e-03
2.501644900000000052e+04 4.247334320098161697e-03
2.501653199999999924e+04 4.246016498655080795e-03
2.501661500000000160e+04 4.303216002881526947e-03
2.501669800000000032e+04 4.301196429878473282e-03
2.501678099999999904e+04 4.313749726861715317e-03
2.501686400000000140e+04 4.311227705329656601e-03
2.501694700000000012e+04 4.308737814426422119e-03
2.501702999999999884e+04 4.306470509618520737e-03
2.501711300000000119e+04 4.304400645196437836e-03
2.501719599999999991e+04 4.302503541111946106e-03
2.501727899999999863e+04 4.300760570913553238e-03
2.501736200000000099e+04 4.299152642488479614e-03
2.501744499999999971e+04 4.297663923352956772e-03
2.501752799999999843e+04 4.296285100281238556e-03
2.501761100000000079e+04 4.351888783276081085e-03
2.501769399999999951e+04 4.349898081272840500e-03
2.501777699999999822e+04 4.362042527645826340e-03
2.501786000000000058e+04 4.359535872936248779e-03
2.501794299999999930e+04 4.357048776000738144e-03
2.501802600000000166e+04 4.354772157967090607e-03
2.501810900000000038e+04 4.352682735770940781e-03
2.501819199999999910e+04 4.350757226347923279e-03
2.501827500000000146e+04 4.348977003246545792e-03
2.501835800000000017e+04 4.347325302660465240e-03
2.501844099999999889e+04 4.345786292105913162e-03
2.501852400000000125e+04 4.344351589679718018e-03
2.501860699999999997e+04 4.398519638925790787e-03
2.501868999999999869e+04 4.396535921841859818e-03
2.501877300000000105e+04 4.408305976539850235e-03
2.501885599999999977e+04 4.405805375427007675e-03
2.501893899999999849e+04 4.403314087539911270e-03
2.501902200000000084e+04 4.401023499667644501e-03
2.501910499999999956e+04 4.398910328745841980e-03
2.501918799999999828e+04 4.396953154355287552e-03
2.501927100000000064e+04 4.395134281367063522e-03
2.501935399999999936e+04 4.393437411636114120e-03
2.501943700000000172e+04 4.391847644001245499e-03
2.501952000000000044e+04 4.390357062220573425e-03
2.501960299999999916e+04 4.443220328539609909e-03
2.501968600000000151e+04 4.441236145794391632e-03
2.501976900000000023e+04 4.452661611139774323e-03
2.501985199999999895e+04 4.450161475688219070e-03
2.501993500000000131e+04 4.447660874575376511e-03
