2.500009800000000178e+04 3.463159082457423210e-03
2.500018100000000049e+04 3.463146043941378593e-03
2.500026399999999921e+04 3.463162342086434364e-03
2.500034700000000157e+04 3.463178407400846481e-03
2.500043000000000029e+04 3.463194007053971291e-03
2.500051299999999901e+04 3.463207045570015907e-03
2.500059600000000137e+04 3.463244996964931488e-03
2.500067900000000009e+04 3.757921280339360237e-03
2.500076199999999881e+04 3.735565580427646637e-03
2.500084500000000116e+04 3.773827338591217995e-03
2.500092799999999988e+04 3.757656086236238480e-03
2.500101099999999860e+04 3.744379151612520218e-03
2.500109400000000096e+04 3.732830518856644630e-03
2.500117699999999968e+04 3.722783410921692848e-03
2.500125999999999840e+04 3.714047372341156006e-03
2.500134300000000076e+04 3.706450108438730240e-03
2.500142599999999948e+04 3.699847264215350151e-03
2.500150899999999820e+04 3.694113576784729958e-03
2.500159200000000055e+04 3.689160803332924843e-03
2.500167499999999927e+04 3.821015823632478714e-03
2.500175800000000163e+04 3.807426430284976959e-03
2.500184100000000035e+04 3.835287177935242653e-03
2.500192399999999907e+04 3.823146224021911621e-03
2.500200700000000143e+04 3.812964539974927902e-03
2.500209000000000015e+04 3.804138395935297012e-03
2.500217299999999886e+04 3.796465229243040085e-03
2.500225600000000122e+04 3.789810230955481529e-03
2.500233899999999994e+04 3.784049768000841141e-03
2.500242199999999866e+04 3.779074177145957947e-03
2.500250500000000102e+04 3.774789860472083092e-03
2.500258799999999974e+04 3.771134885028004646e-03
2.500267099999999846e+04 3.890450345352292061e-03
2.500275400000000081e+04 3.880182048305869102e-03
2.500283699999999953e+04 3.905854653567075729e-03
2.500291999999999825e+04 3.896401263773441315e-03
2.500300300000000061e+04 3.888376988470554352e-03
2.500308599999999933e+04 3.881419543176889420e-03
2.500316900000000169e+04 3.875395981594920158e-03
2.500325200000000041e+04 3.870192449539899826e-03
2.500333499999999913e+04 3.865712089464068413e-03
2.500341800000000148e+04 3.861868055537343025e-03
2.500350100000000020e+04 3.858586307615041733e-03
2.500358399999999892e+04 3.855821909382939339e-03
2.500366700000000128e+04 3.965226933360099792e-03
2.500375000000000000e+04 3.957233857363462448e-03
2.500383299999999872e+04 3.981100860983133316e-03
2.500391600000000108e+04 3.973520360887050629e-03
2.500399899999999980e+04 3.967010416090488434e-03
2.500408199999999852e+04 3.961377311497926712e-03
2.500416500000000087e+04 3.956513945013284683e-03
2.500424799999999959e+04 3.952327650040388107e-03
2.500433099999999831e+04 3.948740195482969284e-03
2.500441400000000067e+04 3.945680335164070129e-03
2.500449699999999939e+04 3.943088464438915253e-03
2.500458000000000175e+04 3.940930590033531189e-03
2.500466300000000047e+04 4.042174667119979858e-03
2.500474599999999919e+04 4.035800229758024216e-03
2.500482900000000154e+04 4.058123566210269928e-03
2.500491200000000026e+04 4.051886033266782761e-03
2.500499499999999898e+04 4.046466201543807983e-03
2.500507800000000134e+04 4.041783977299928665e-03
2.500516100000000006e+04 4.037749022245407104e-03
2.500524399999999878e+04 4.034284967929124832e-03
2.500532700000000114e+04 4.031326156109571457e-03
2.500540999999999985e+04 4.028812982141971588e-03
2.500549299999999857e+04 4.026695620268583298e-03
2.500557600000000093e+04 4.024945665150880814e-03
2.500565899999999965e+04 4.119304940104484558e-03
2.500574199999999837e+04 4.114092793315649033e-03
2.500582500000000073e+04 4.135057795792818069e-03
2.500590799999999945e+04 4.129801876842975616e-03
2.500599100000000180e+04 4.125179257243871689e-03
2.500607400000000052e+04 4.121187143027782440e-03
2.500615699999999924e+04 4.117749631404876709e-03
2.500624000000000160e+04 4.114800598472356796e-03
2.500632300000000032e+04 4.112285096198320389e-03
2.500640599999999904e+04 4.110151901841163635e-03
2.500648900000000140e+04 4.108358640223741531e-03
2.500657200000000012e+04 4.106883890926837921e-03
2.500665499999999884e+04 4.195363726466894150e-03
2.500673800000000119e+04 4.191003274172544479e-03
2.500682099999999991e+04 4.210762213915586472e-03
2.500690399999999863e+04 4.206232260912656784e-03
2.500698700000000099e+04 4.202197771519422531e-03
2.500706999999999971e+04 4.198710899800062180e-03
2.500715299999999843e+04 4.195705056190490723e-03
2.500723600000000079e+04 4.193123430013656616e-03
2.500731899999999951e+04 4.190918523818254471e-03
2.500740199999999822e+04 4.189046099781990051e-03
2.500748500000000058e+04 4.187469370663166046e-03
2.500756799999999930e+04 4.186172503978013992e-03
2.500765100000000166e+04 4.269565921276807785e-03
2.500773400000000038e+04 4.265835974365472794e-03
2.500781699999999910e+04 4.284515976905822754e-03
2.500790000000000146e+04 4.280503373593091965e-03
2.500798300000000017e+04 4.276908002793788910e-03
2.500806599999999889e+04 4.273793194442987442e-03
2.500814900000000125e+04 4.271101206541061401e-03
2.500823199999999997e+04 4.268783144652843475e-03
2.500831499999999869e+04 4.266795236617326736e-03
2.500839800000000105e+04 4.265100695192813873e-03
2.500848099999999977e+04 4.263666458427906036e-03
2.500856399999999849e+04 4.262480884790420532e-03
2.500864700000000084e+04 4.341441206634044647e-03
2.500872999999999956e+04 4.338195547461509705e-03
2.500881299999999828e+04 4.355916287750005722e-03
2.500889600000000064e+04 4.352334886789321899e-03
2.500897899999999936e+04 4.349062219262123108e-03
2.500906200000000172e+04 4.346217960119247437e-03
2.500914500000000044e+04 4.343749955296516418e-03
2.500922799999999916e+04 4.341613035649061203e-03
2.500931100000000151e+04 4.339770879596471786e-03
2.500939400000000023e+04 4.338189028203487396e-03
2.500947699999999895e+04 4.336837679147720337e-03
2.500956000000000131e+04 4.335706122219562531e-03
2.500964300000000003e+04 4.410759545862674713e-03
2.500972599999999875e+04 4.407862666994333267e-03
2.500980900000000111e+04 4.424709826707839966e-03
2.500989199999999983e+04 4.421431105583906174e-03
2.500997499999999854e+04 4.418397787958383560e-03
2.501005800000000090e+04 4.415749106556177139e-03
2.501014099999999962e+04 4.403722006827592850e-03
2.501022399999999834e+04 4.401713609695434570e-03
2.501030700000000070e+04 4.399969242513179779e-03
2.501038999999999942e+04 4.398457705974578857e-03
2.501047300000000178e+04 4.397152923047542572e-03
2.501055600000000049e+04 4.396046046167612076e-03
2.501063899999999921e+04 4.467461723834276199e-03
2.501072200000000157e+04 4.464831668883562088e-03
2.501080500000000029e+04 4.480843432247638702e-03
2.501088799999999901e+04 4.477799404412508011e-03
2.501097100000000137e+04 4.474949557334184647e-03
2.501105400000000009e+04 4.472447559237480164e-03
2.501113699999999881e+04 4.470250103622674942e-03
2.501122000000000116e+04 4.468321334570646286e-03
2.501130299999999988e+04 4.466630984097719193e-03
2.501138599999999860e+04 4.465152043849229813e-03
2.501146900000000096e+04 4.463859833776950836e-03
2.501155199999999968e+04 4.462748765945434570e-03
2.501163499999999840e+04 4.531126469373703003e-03
2.501171800000000076e+04 4.528687335550785065e-03
2.501180099999999948e+04 4.543984774500131607e-03
2.501188399999999820e+04 4.541107919067144394e-03
2.501196700000000055e+04 4.538384731858968735e-03
2.501204999999999927e+04 4.535979125648736954e-03
2.501213300000000163e+04 4.533852450549602509e-03
2.501221600000000035e+04 4.531970713287591934e-03
2.501229899999999907e+04 4.530305974185466766e-03
2.501238200000000143e+04 4.528834484517574310e-03
2.501246500000000015e+04 4.527533892542123795e-03
2.501254799999999886e+04 4.526399541646242142e-03
2.501263100000000122e+04 4.592073615640401840e-03
2.501271399999999994e+04 4.589774180203676224e-03
2.501279699999999866e+04 4.604430403560400009e-03
2.501288000000000102e+04 4.601676482707262039e-03
2.501296299999999974e+04 4.599042702466249466e-03
2.501304599999999846e+04 4.596701823174953461e-03
2.501312900000000081e+04 4.594617988914251328e-03
2.501321199999999953e+04 4.592759069055318832e-03
2.501329499999999825e+04 4.591099917888641357e-03
2.501337800000000061e+04 4.589618649333715439e-03
2.501346099999999933e+04 4.588293842971324921e-03
2.501354400000000169e+04 4.587118513882160187e-03
2.501362700000000041e+04 4.650363698601722717e-03
2.501370999999999913e+04 4.648176021873950958e-03
2.501379300000000148e+04 4.662242718040943146e-03
2.501387600000000020e+04 4.659577272832393646e-03
2.501395899999999892e+04 4.657005425542593002e-03
2.501404200000000128e+04 4.654705058783292770e-03
2.501412500000000000e+04 4.652643110603094101e-03
2.501420799999999872e+04 4.650789313018321991e-03
2.501429100000000108e+04 4.649120848625898361e-03
2.501437399999999980e+04 4.647616297006607056e-03
2.501445699999999852e+04 4.646257031708955765e-03
2.501454000000000087e+04 4.645036533474922180e-03
2.501462299999999959e+04 4.706117324531078339e-03
2.501470599999999831e+04 4.704000428318977356e-03
2.501478900000000067e+04 4.717530217021703720e-03
2.501487199999999939e+04 4.714927636086940765e-03
2.501495500000000175e+04 4.712396301329135895e-03
2.501503800000000047e+04 4.710118286311626434e-03
2.501512099999999919e+04 4.708062391728162766e-03
2.501520400000000154e+04 4.706200677901506424e-03
2.501528700000000026e+04 4.704511258751153946e-03
2.501536999999999898e+04 4.702975042164325714e-03
2.501545300000000134e+04 4.701573867350816727e-03
2.501553600000000006e+04 4.700303077697753906e-03
2.501561899999999878e+04 4.759437870234251022e-03
2.501570200000000114e+04 4.757369402796030045e-03
2.501578499999999985e+04 4.770409315824508667e-03
2.501586799999999857e+04 4.767848644405603409e-03
2.501595100000000093e+04 4.765341989696025848e-03
2.501603399999999965e+04 4.763072822242975235e-03
2.501611699999999837e+04 4.761011805385351181e-03
2.501620000000000073e+04 4.759133327752351761e-03
2.501628299999999945e+04 4.757415037602186203e-03
2.501636600000000180e+04 4.755841102451086044e-03
2.501644900000000052e+04 4.754393361508846283e-03
2.501653199999999924e+04 4.753068555146455765e-03
2.501661500000000160e+04 4.810448270291090012e-03
2.501669800000000032e+04 4.808410536497831345e-03
2.501678099999999904e+04 4.821010399609804153e-03
2.501686400000000140e+04 4.818477202206850052e-03
2.501694700000000012e+04 4.815981723368167877e-03
2.501702999999999884e+04 4.813711158931255341e-03
2.501711300000000119e+04 4.811637103557586670e-03
2.501719599999999991e+04 4.809734877198934555e-03
2.501727899999999863e+04 4.807983525097370148e-03
2.501736200000000099e+04 4.806368146091699600e-03
2.501744499999999971e+04 4.804870579391717911e-03
2.501752799999999843e+04 4.803485237061977386e-03
2.501761100000000079e+04 4.859263077378273010e-03
2.501769399999999951e+04 4.857255145907402039e-03
2.501777699999999822e+04 4.869444761425256729e-03
2.501786000000000058e+04 4.866927396506071091e-03
2.501794299999999930e+04 4.864434711635112762e-03
2.501802600000000166e+04 4.862155299633741379e-03
2.501810900000000038e+04 4.860062152147293091e-03
2.501819199999999910e+04 4.858131054788827896e-03
2.501827500000000146e+04 4.856343381106853485e-03
2.501835800000000017e+04 4.854683298617601395e-03
2.501844099999999889e+04 4.853135906159877777e-03
2.501852400000000125e+04 4.851693753153085709e-03
2.501860699999999997e+04 4.906032234430313110e-03
2.501868999999999869e+04 4.904032219201326370e-03
2.501877300000000105e+04 4.915845580399036407e-03
2.501885599999999977e+04 4.913334734737873077e-03
2.501893899999999849e+04 4.910838324576616287e-03
2.501902200000000084e+04 4.908544477075338364e-03
2.501910499999999956e+04 4.906427580863237381e-03
2.501918799999999828e+04 4.904465284198522568e-03
2.501927100000000064e+04 4.902638494968414307e-03
2.501935399999999936e+04 4.900933708995580673e-03
2.501943700000000172e+04 4.899335093796253204e-03
2.501952000000000044e+04 4.897837527096271515e-03
2.501960299999999916e+04 4.950866568833589554e-03
2.501968600000000151e+04 4.948866553604602814e-03
2.501976900000000023e+04 4.960334859788417816e-03
2.501985199999999895e+04 4.957824014127254486e-03
2.501993500000000131e+04 4.955318290740251541e-03
