2.500009800000000178e+04 6.460807495117187500e+02
2.500018100000000049e+04 6.460900878906250000e+02
2.500026399999999921e+04 6.461007690429687500e+02
2.500034700000000157e+04 6.461113891601562500e+02
2.500043000000000029e+04 6.461197509765625000e+02
2.500051299999999901e+04 6.461113891601562500e+02
2.500059600000000137e+04 6.460548095703125000e+02
2.500067900000000009e+04 6.460199584960937500e+02
2.500076199999999881e+04 6.460263671875000000e+02
2.500084500000000116e+04 6.460345458984375000e+02
2.500092799999999988e+04 6.460420532226562500e+02
2.500101099999999860e+04 6.460504760742187500e+02
2.500109400000000096e+04 6.460589599609375000e+02
2.500117699999999968e+04 6.460679321289062500e+02
2.500125999999999840e+04 6.460784301757812500e+02
2.500134300000000076e+04 6.460895996093750000e+02
2.500142599999999948e+04 6.460979003906250000e+02
2.500150899999999820e+04 6.460919189453125000e+02
2.500159200000000055e+04 6.460394287109375000e+02
2.500167499999999927e+04 6.460045166015625000e+02
2.500175800000000163e+04 6.460109863281250000e+02
2.500184100000000035e+04 6.460190429687500000e+02
2.500192399999999907e+04 6.460266723632812500e+02
2.500200700000000143e+04 6.460350952148437500e+02
2.500209000000000015e+04 6.460435791015625000e+02
2.500217299999999886e+04 6.460524902343750000e+02
2.500225600000000122e+04 6.460629882812500000e+02
2.500233899999999994e+04 6.460742797851562500e+02
2.500242199999999866e+04 6.460826416015625000e+02
2.500250500000000102e+04 6.460765380859375000e+02
2.500258799999999974e+04 6.460242309570312500e+02
2.500267099999999846e+04 6.459891967773437500e+02
2.500275400000000081e+04 6.459955444335937500e+02
2.500283699999999953e+04 6.460037231445312500e+02
2.500291999999999825e+04 6.460111694335937500e+02
2.500300300000000061e+04 6.460195922851562500e+02
2.500308599999999933e+04 6.460280761718750000e+02
2.500316900000000169e+04 6.460369262695312500e+02
2.500325200000000041e+04 6.460473632812500000e+02
2.500333499999999913e+04 6.460584716796875000e+02
2.500341800000000148e+04 6.460668945312500000e+02
2.500350100000000020e+04 6.460608520507812500e+02
2.500358399999999892e+04 6.460085449218750000e+02
2.500366700000000128e+04 6.459737548828125000e+02
2.500375000000000000e+04 6.459801635742187500e+02
2.500383299999999872e+04 6.459884033203125000e+02
2.500391600000000108e+04 6.459959716796875000e+02
2.500399899999999980e+04 6.460043945312500000e+02
2.500408199999999852e+04 6.460128173828125000e+02
2.500416500000000087e+04 6.460216674804687500e+02
2.500424799999999959e+04 6.460322875976562500e+02
2.500433099999999831e+04 6.460435180664062500e+02
2.500441400000000067e+04 6.460517578125000000e+02
2.500449699999999939e+04 6.460456542968750000e+02
2.500458000000000175e+04 6.459932861328125000e+02
2.500466300000000047e+04 6.459535522460937500e+02
2.500474599999999919e+04 6.459515991210937500e+02
2.500482900000000154e+04 6.459598999023437500e+02
2.500491200000000026e+04 6.459675903320312500e+02
2.500499499999999898e+04 6.459757080078125000e+02
2.500507800000000134e+04 6.459840087890625000e+02
2.500516100000000006e+04 6.459927978515625000e+02
2.500524399999999878e+04 6.460029296875000000e+02
2.500532700000000114e+04 6.460139160156250000e+02
2.500540999999999985e+04 6.460227050781250000e+02
2.500549299999999857e+04 6.460192871093750000e+02
2.500557600000000093e+04 6.459746704101562500e+02
2.500565899999999965e+04 6.459349975585937500e+02
2.500574199999999837e+04 6.459332275390625000e+02
2.500582500000000073e+04 6.459415893554687500e+02
2.500590799999999945e+04 6.459487304687500000e+02
2.500599100000000180e+04 6.459566040039062500e+02
2.500607400000000052e+04 6.459649658203125000e+02
2.500615699999999924e+04 6.459737548828125000e+02
2.500624000000000160e+04 6.459838867187500000e+02
2.500632300000000032e+04 6.459948730468750000e+02
2.500640599999999904e+04 6.460037231445312500e+02
2.500648900000000140e+04 6.460003662109375000e+02
2.500657200000000012e+04 6.459556884765625000e+02
2.500665499999999884e+04 6.459158325195312500e+02
2.500673800000000119e+04 6.459138793945312500e+02
2.500682099999999991e+04 6.459222412109375000e+02
2.500690399999999863e+04 6.459297485351562500e+02
2.500698700000000099e+04 6.459379272460937500e+02
2.500706999999999971e+04 6.459462280273437500e+02
2.500715299999999843e+04 6.459548950195312500e+02
2.500723600000000079e+04 6.459649658203125000e+02
2.500731899999999951e+04 6.459758911132812500e+02
2.500740199999999822e+04 6.459846801757812500e+02
2.500748500000000058e+04 6.459813842773437500e+02
2.500756799999999930e+04 6.459365234375000000e+02
2.500765100000000166e+04 6.458967895507812500e+02
2.500773400000000038e+04 6.458949584960937500e+02
2.500781699999999910e+04 6.459032592773437500e+02
2.500790000000000146e+04 6.459108886718750000e+02
2.500798300000000017e+04 6.459189453125000000e+02
2.500806599999999889e+04 6.459273071289062500e+02
2.500814900000000125e+04 6.459359741210937500e+02
2.500823199999999997e+04 6.459461059570312500e+02
2.500831499999999869e+04 6.459570922851562500e+02
2.500839800000000105e+04 6.459659423828125000e+02
2.500848099999999977e+04 6.459622802734375000e+02
2.500856399999999849e+04 6.459175415039062500e+02
2.500864700000000084e+04 6.458728027343750000e+02
2.500872999999999956e+04 6.458626098632812500e+02
2.500881299999999828e+04 6.458702392578125000e+02
2.500889600000000064e+04 6.458781127929687500e+02
2.500897899999999936e+04 6.458861083984375000e+02
2.500906200000000172e+04 6.458944091796875000e+02
2.500914500000000044e+04 6.459031982421875000e+02
2.500922799999999916e+04 6.459129028320312500e+02
2.500931100000000151e+04 6.459237670898437500e+02
2.500939400000000023e+04 6.459331665039062500e+02
2.500947699999999895e+04 6.459328613281250000e+02
2.500956000000000131e+04 6.458999023437500000e+02
2.500964300000000003e+04 6.458552246093750000e+02
2.500972599999999875e+04 6.458451538085937500e+02
2.500980900000000111e+04 6.458530273437500000e+02
2.500989199999999983e+04 6.458608398437500000e+02
2.500997499999999854e+04 6.458688354492187500e+02
2.501005800000000090e+04 6.458771972656250000e+02
2.501014099999999962e+04 6.458858032226562500e+02
2.501022399999999834e+04 6.458955688476562500e+02
2.501030700000000070e+04 6.459063110351562500e+02
2.501038999999999942e+04 6.459157714843750000e+02
2.501047300000000178e+04 6.459154052734375000e+02
2.501055600000000049e+04 6.458822631835937500e+02
2.501063899999999921e+04 6.458373413085937500e+02
2.501072200000000157e+04 6.458271484375000000e+02
2.501080500000000029e+04 6.458350219726562500e+02
2.501088799999999901e+04 6.458428955078125000e+02
2.501097100000000137e+04 6.458509521484375000e+02
2.501105400000000009e+04 6.458593750000000000e+02
2.501113699999999881e+04 6.458680419921875000e+02
2.501122000000000116e+04 6.458778076171875000e+02
2.501130299999999988e+04 6.458886718750000000e+02
2.501138599999999860e+04 6.458980712890625000e+02
2.501146900000000096e+04 6.458977661132812500e+02
2.501155199999999968e+04 6.458646240234375000e+02
2.501163499999999840e+04 6.458199462890625000e+02
2.501171800000000076e+04 6.458099365234375000e+02
2.501180099999999948e+04 6.458177490234375000e+02
2.501188399999999820e+04 6.458249511718750000e+02
2.501196700000000055e+04 6.458329467773437500e+02
2.501204999999999927e+04 6.458412475585937500e+02
2.501213300000000163e+04 6.458497924804687500e+02
2.501221600000000035e+04 6.458596191406250000e+02
2.501229899999999907e+04 6.458705444335937500e+02
2.501238200000000143e+04 6.458800048828125000e+02
2.501246500000000015e+04 6.458796997070312500e+02
2.501254799999999886e+04 6.458464965820312500e+02
2.501263100000000122e+04 6.458016357421875000e+02
2.501271399999999994e+04 6.457829589843750000e+02
2.501279699999999866e+04 6.457902832031250000e+02
2.501288000000000102e+04 6.457983398437500000e+02
2.501296299999999974e+04 6.458061523437500000e+02
2.501304599999999846e+04 6.458145141601562500e+02
2.501312900000000081e+04 6.458230590820312500e+02
2.501321199999999953e+04 6.458329467773437500e+02
2.501329499999999825e+04 6.458436889648437500e+02
2.501337800000000061e+04 6.458537597656250000e+02
2.501346099999999933e+04 6.458562622070312500e+02
2.501354400000000169e+04 6.458344116210937500e+02
2.501362700000000041e+04 6.457846679687500000e+02
2.501370999999999913e+04 6.457658691406250000e+02
2.501379300000000148e+04 6.457731933593750000e+02
2.501387600000000020e+04 6.457811279296875000e+02
2.501395899999999892e+04 6.457890014648437500e+02
2.501404200000000128e+04 6.457973632812500000e+02
2.501412500000000000e+04 6.458060302734375000e+02
2.501420799999999872e+04 6.458156127929687500e+02
2.501429100000000108e+04 6.458262939453125000e+02
2.501437399999999980e+04 6.458363647460937500e+02
2.501445699999999852e+04 6.458387451171875000e+02
2.501454000000000087e+04 6.458165893554687500e+02
2.501462299999999959e+04 6.457669067382812500e+02
2.501470599999999831e+04 6.457482299804687500e+02
2.501478900000000067e+04 6.457555541992187500e+02
2.501487199999999939e+04 6.457634277343750000e+02
2.501495500000000175e+04 6.457713012695312500e+02
2.501503800000000047e+04 6.457797851562500000e+02
2.501512099999999919e+04 6.457884521484375000e+02
2.501520400000000154e+04 6.457979736328125000e+02
2.501528700000000026e+04 6.458087158203125000e+02
2.501536999999999898e+04 6.458187255859375000e+02
2.501545300000000134e+04 6.458211669921875000e+02
2.501553600000000006e+04 6.457990112304687500e+02
2.501561899999999878e+04 6.457493286132812500e+02
2.501570200000000114e+04 6.457305297851562500e+02
2.501578499999999985e+04 6.457371215820312500e+02
2.501586799999999857e+04 6.457443847656250000e+02
2.501595100000000093e+04 6.457517700195312500e+02
2.501603399999999965e+04 6.457600708007812500e+02
2.501611699999999837e+04 6.457686157226562500e+02
2.501620000000000073e+04 6.457781982421875000e+02
2.501628299999999945e+04 6.457889404296875000e+02
2.501636600000000180e+04 6.457990722656250000e+02
2.501644900000000052e+04 6.458015747070312500e+02
2.501653199999999924e+04 6.457792968750000000e+02
2.501661500000000160e+04 6.457295532226562500e+02
2.501669800000000032e+04 6.457026367187500000e+02
2.501678099999999904e+04 6.457087402343750000e+02
2.501686400000000140e+04 6.457156982421875000e+02
2.501694700000000012e+04 6.457233276367187500e+02
2.501702999999999884e+04 6.457318115234375000e+02
2.501711300000000119e+04 6.457403564453125000e+02
2.501719599999999991e+04 6.457499389648437500e+02
2.501727899999999863e+04 6.457605590820312500e+02
2.501736200000000099e+04 6.457706909179687500e+02
2.501744499999999971e+04 6.457761230468750000e+02
2.501752799999999843e+04 6.457645263671875000e+02
2.501761100000000079e+04 6.457097778320312500e+02
2.501769399999999951e+04 6.456828613281250000e+02
2.501777699999999822e+04 6.456898193359375000e+02
2.501786000000000058e+04 6.456979980468750000e+02
2.501794299999999930e+04 6.457058105468750000e+02
2.501802600000000166e+04 6.457142333984375000e+02
2.501810900000000038e+04 6.457227783203125000e+02
2.501819199999999910e+04 6.457319335937500000e+02
2.501827500000000146e+04 6.457426757812500000e+02
2.501835800000000017e+04 6.457533569335937500e+02
2.501844099999999889e+04 6.457586669921875000e+02
2.501852400000000125e+04 6.457478027343750000e+02
2.501860699999999997e+04 6.456928100585937500e+02
2.501868999999999869e+04 6.456660156250000000e+02
2.501877300000000105e+04 6.456727905273437500e+02
2.501885599999999977e+04 6.456809082031250000e+02
2.501893899999999849e+04 6.456887207031250000e+02
2.501902200000000084e+04 6.456972045898437500e+02
2.501910499999999956e+04 6.457058105468750000e+02
2.501918799999999828e+04 6.457151489257812500e+02
2.501927100000000064e+04 6.457258300781250000e+02
2.501935399999999936e+04 6.457365112304687500e+02
2.501943700000000172e+04 6.457420654296875000e+02
2.501952000000000044e+04 6.457311401367187500e+02
2.501960299999999916e+04 6.456762695312500000e+02
2.501968600000000151e+04 6.456492919921875000e+02
2.501976900000000023e+04 6.456561279296875000e+02
2.501985199999999895e+04 6.456643676757812500e+02
2.501993500000000131e+04 6.456721801757812500e+02
