2.500009800000000178e+04 6.605843505859375000e+02
2.500018100000000049e+04 6.605915527343750000e+02
2.500026399999999921e+04 6.606002807617187500e+02
2.500034700000000157e+04 6.606090698242187500e+02
2.500043000000000029e+04 6.606157226562500000e+02
2.500051299999999901e+04 6.606062622070312500e+02
2.500059600000000137e+04 6.605478515625000000e+02
2.500067900000000009e+04 6.605117187500000000e+02
2.500076199999999881e+04 6.605167846679687500e+02
2.500084500000000116e+04 6.605234375000000000e+02
2.500092799999999988e+04 6.605289916992187500e+02
2.500101099999999860e+04 6.605353393554687500e+02
2.500109400000000096e+04 6.605416870117187500e+02
2.500117699999999968e+04 6.605485839843750000e+02
2.500125999999999840e+04 6.605570678710937500e+02
2.500134300000000076e+04 6.605664062500000000e+02
2.500142599999999948e+04 6.605731201171875000e+02
2.500150899999999820e+04 6.605659790039062500e+02
2.500159200000000055e+04 6.605119628906250000e+02
2.500167499999999927e+04 6.604758300781250000e+02
2.500175800000000163e+04 6.604808959960937500e+02
2.500184100000000035e+04 6.604875488281250000e+02
2.500192399999999907e+04 6.604931640625000000e+02
2.500200700000000143e+04 6.604994506835937500e+02
2.500209000000000015e+04 6.605057983398437500e+02
2.500217299999999886e+04 6.605126953125000000e+02
2.500225600000000122e+04 6.605212402343750000e+02
2.500233899999999994e+04 6.605305786132812500e+02
2.500242199999999866e+04 6.605372314453125000e+02
2.500250500000000102e+04 6.605301513671875000e+02
2.500258799999999974e+04 6.604760742187500000e+02
2.500267099999999846e+04 6.604399414062500000e+02
2.500275400000000081e+04 6.604450073242187500e+02
2.500283699999999953e+04 6.604516601562500000e+02
2.500291999999999825e+04 6.604572143554687500e+02
2.500300300000000061e+04 6.604635620117187500e+02
2.500308599999999933e+04 6.604699096679687500e+02
2.500316900000000169e+04 6.604768066406250000e+02
2.500325200000000041e+04 6.604853515625000000e+02
2.500333499999999913e+04 6.604946289062500000e+02
2.500341800000000148e+04 6.605013427734375000e+02
2.500350100000000020e+04 6.604942016601562500e+02
2.500358399999999892e+04 6.604401245117187500e+02
2.500366700000000128e+04 6.604039916992187500e+02
2.500375000000000000e+04 6.604089965820312500e+02
2.500383299999999872e+04 6.604156494140625000e+02
2.500391600000000108e+04 6.604212646484375000e+02
2.500399899999999980e+04 6.604275512695312500e+02
2.500408199999999852e+04 6.604339599609375000e+02
2.500416500000000087e+04 6.604407348632812500e+02
2.500424799999999959e+04 6.604492797851562500e+02
2.500433099999999831e+04 6.604586181640625000e+02
2.500441400000000067e+04 6.604652709960937500e+02
2.500449699999999939e+04 6.604581298828125000e+02
2.500458000000000175e+04 6.604039916992187500e+02
2.500466300000000047e+04 6.603628540039062500e+02
2.500474599999999919e+04 6.603596801757812500e+02
2.500482900000000154e+04 6.603664550781250000e+02
2.500491200000000026e+04 6.603721923828125000e+02
2.500499499999999898e+04 6.603783569335937500e+02
2.500507800000000134e+04 6.603847045898437500e+02
2.500516100000000006e+04 6.603914184570312500e+02
2.500524399999999878e+04 6.603995971679687500e+02
2.500532700000000114e+04 6.604087524414062500e+02
2.500540999999999985e+04 6.604159545898437500e+02
2.500549299999999857e+04 6.604115600585937500e+02
2.500557600000000093e+04 6.603651733398437500e+02
2.500565899999999965e+04 6.603240356445312500e+02
2.500574199999999837e+04 6.603208618164062500e+02
2.500582500000000073e+04 6.603276367187500000e+02
2.500590799999999945e+04 6.603333740234375000e+02
2.500599100000000180e+04 6.603395385742187500e+02
2.500607400000000052e+04 6.603458862304687500e+02
2.500615699999999924e+04 6.603526611328125000e+02
2.500624000000000160e+04 6.603608398437500000e+02
2.500632300000000032e+04 6.603699340820312500e+02
2.500640599999999904e+04 6.603771362304687500e+02
2.500648900000000140e+04 6.603727416992187500e+02
2.500657200000000012e+04 6.603263549804687500e+02
2.500665499999999884e+04 6.602852172851562500e+02
2.500673800000000119e+04 6.602819824218750000e+02
2.500682099999999991e+04 6.602887573242187500e+02
2.500690399999999863e+04 6.602945556640625000e+02
2.500698700000000099e+04 6.603006591796875000e+02
2.500706999999999971e+04 6.603070068359375000e+02
2.500715299999999843e+04 6.603137817382812500e+02
2.500723600000000079e+04 6.603219604492187500e+02
2.500731899999999951e+04 6.603311157226562500e+02
2.500740199999999822e+04 6.603383178710937500e+02
2.500748500000000058e+04 6.603339233398437500e+02
2.500756799999999930e+04 6.602874145507812500e+02
2.500765100000000166e+04 6.602462768554687500e+02
2.500773400000000038e+04 6.602431030273437500e+02
2.500781699999999910e+04 6.602498779296875000e+02
2.500790000000000146e+04 6.602556152343750000e+02
2.500798300000000017e+04 6.602617797851562500e+02
2.500806599999999889e+04 6.602681274414062500e+02
2.500814900000000125e+04 6.602747802734375000e+02
2.500823199999999997e+04 6.602829589843750000e+02
2.500831499999999869e+04 6.602921142578125000e+02
2.500839800000000105e+04 6.602993164062500000e+02
2.500848099999999977e+04 6.602949218750000000e+02
2.500856399999999849e+04 6.602483520507812500e+02
2.500864700000000084e+04 6.602022705078125000e+02
2.500872999999999956e+04 6.601907958984375000e+02
2.500881299999999828e+04 6.601970825195312500e+02
2.500889600000000064e+04 6.602031250000000000e+02
2.500897899999999936e+04 6.602091064453125000e+02
2.500906200000000172e+04 6.602154541015625000e+02
2.500914500000000044e+04 6.602221069335937500e+02
2.500922799999999916e+04 6.602299804687500000e+02
2.500931100000000151e+04 6.602389526367187500e+02
2.500939400000000023e+04 6.602467041015625000e+02
2.500947699999999895e+04 6.602450561523437500e+02
2.500956000000000131e+04 6.602101440429687500e+02
2.500964300000000003e+04 6.601640625000000000e+02
2.500972599999999875e+04 6.601525878906250000e+02
2.500980900000000111e+04 6.601588745117187500e+02
2.500989199999999983e+04 6.601649169921875000e+02
2.500997499999999854e+04 6.601708984375000000e+02
2.501005800000000090e+04 6.601772460937500000e+02
2.501014099999999962e+04 6.601838989257812500e+02
2.501022399999999834e+04 6.601917724609375000e+02
2.501030700000000070e+04 6.602007446289062500e+02
2.501038999999999942e+04 6.602084960937500000e+02
2.501047300000000178e+04 6.602068481445312500e+02
2.501055600000000049e+04 6.601718750000000000e+02
2.501063899999999921e+04 6.601257934570312500e+02
2.501072200000000157e+04 6.601142578125000000e+02
2.501080500000000029e+04 6.601206054687500000e+02
2.501088799999999901e+04 6.601266479492187500e+02
2.501097100000000137e+04 6.601326293945312500e+02
2.501105400000000009e+04 6.601389770507812500e+02
2.501113699999999881e+04 6.601456298828125000e+02
2.501122000000000116e+04 6.601535034179687500e+02
2.501130299999999988e+04 6.601624755859375000e+02
2.501138599999999860e+04 6.601702270507812500e+02
2.501146900000000096e+04 6.601685791015625000e+02
2.501155199999999968e+04 6.601336059570312500e+02
2.501163499999999840e+04 6.600874633789062500e+02
2.501171800000000076e+04 6.600759887695312500e+02
2.501180099999999948e+04 6.600823364257812500e+02
2.501188399999999820e+04 6.600883178710937500e+02
2.501196700000000055e+04 6.600943603515625000e+02
2.501204999999999927e+04 6.601006469726562500e+02
2.501213300000000163e+04 6.601072387695312500e+02
2.501221600000000035e+04 6.601151123046875000e+02
2.501229899999999907e+04 6.601240844726562500e+02
2.501238200000000143e+04 6.601318359375000000e+02
2.501246500000000015e+04 6.601301879882812500e+02
2.501254799999999886e+04 6.600951538085937500e+02
2.501263100000000122e+04 6.600489501953125000e+02
2.501271399999999994e+04 6.600291748046875000e+02
2.501279699999999866e+04 6.600350952148437500e+02
2.501288000000000102e+04 6.600413208007812500e+02
2.501296299999999974e+04 6.600471801757812500e+02
2.501304599999999846e+04 6.600535278320312500e+02
2.501312900000000081e+04 6.600601196289062500e+02
2.501321199999999953e+04 6.600679931640625000e+02
2.501329499999999825e+04 6.600768432617187500e+02
2.501337800000000061e+04 6.600850830078125000e+02
2.501346099999999933e+04 6.600862426757812500e+02
2.501354400000000169e+04 6.600625610351562500e+02
2.501362700000000041e+04 6.600114746093750000e+02
2.501370999999999913e+04 6.599916381835937500e+02
2.501379300000000148e+04 6.599975585937500000e+02
2.501387600000000020e+04 6.600037841796875000e+02
2.501395899999999892e+04 6.600097045898437500e+02
2.501404200000000128e+04 6.600160522460937500e+02
2.501412500000000000e+04 6.600225830078125000e+02
2.501420799999999872e+04 6.600301513671875000e+02
2.501429100000000108e+04 6.600390014648437500e+02
2.501437399999999980e+04 6.600473022460937500e+02
2.501445699999999852e+04 6.600484008789062500e+02
2.501454000000000087e+04 6.600244750976562500e+02
2.501462299999999959e+04 6.599733276367187500e+02
2.501470599999999831e+04 6.599535522460937500e+02
2.501478900000000067e+04 6.599594116210937500e+02
2.501487199999999939e+04 6.599656982421875000e+02
2.501495500000000175e+04 6.599715576171875000e+02
2.501503800000000047e+04 6.599779052734375000e+02
2.501512099999999919e+04 6.599844970703125000e+02
2.501520400000000154e+04 6.599920043945312500e+02
2.501528700000000026e+04 6.600008544921875000e+02
2.501536999999999898e+04 6.600091552734375000e+02
2.501545300000000134e+04 6.600103149414062500e+02
2.501553600000000006e+04 6.599863281250000000e+02
2.501561899999999878e+04 6.599351806640625000e+02
2.501570200000000114e+04 6.599153442382812500e+02
2.501578499999999985e+04 6.599212646484375000e+02
2.501586799999999857e+04 6.599274902343750000e+02
2.501595100000000093e+04 6.599334106445312500e+02
2.501603399999999965e+04 6.599396972656250000e+02
2.501611699999999837e+04 6.599462280273437500e+02
2.501620000000000073e+04 6.599537963867187500e+02
2.501628299999999945e+04 6.599626464843750000e+02
2.501636600000000180e+04 6.599708862304687500e+02
2.501644900000000052e+04 6.599720458984375000e+02
2.501653199999999924e+04 6.599479980468750000e+02
2.501661500000000160e+04 6.598967895507812500e+02
2.501669800000000032e+04 6.598687133789062500e+02
2.501678099999999904e+04 6.598741455078125000e+02
2.501686400000000140e+04 6.598806152343750000e+02
2.501694700000000012e+04 6.598863525390625000e+02
2.501702999999999884e+04 6.598927001953125000e+02
2.501711300000000119e+04 6.598992309570312500e+02
2.501719599999999991e+04 6.599067382812500000e+02
2.501727899999999863e+04 6.599154663085937500e+02
2.501736200000000099e+04 6.599237670898437500e+02
2.501744499999999971e+04 6.599276733398437500e+02
2.501752799999999843e+04 6.599145507812500000e+02
2.501761100000000079e+04 6.598583984375000000e+02
2.501769399999999951e+04 6.598302612304687500e+02
2.501777699999999822e+04 6.598357543945312500e+02
2.501786000000000058e+04 6.598422241210937500e+02
2.501794299999999930e+04 6.598479614257812500e+02
2.501802600000000166e+04 6.598543090820312500e+02
2.501810900000000038e+04 6.598607788085937500e+02
2.501819199999999910e+04 6.598680419921875000e+02
2.501827500000000146e+04 6.598767700195312500e+02
2.501835800000000017e+04 6.598855590820312500e+02
2.501844099999999889e+04 6.598894653320312500e+02
2.501852400000000125e+04 6.598770751953125000e+02
2.501860699999999997e+04 6.598208618164062500e+02
2.501868999999999869e+04 6.597927856445312500e+02
2.501877300000000105e+04 6.597982177734375000e+02
2.501885599999999977e+04 6.598046875000000000e+02
2.501893899999999849e+04 6.598104248046875000e+02
2.501902200000000084e+04 6.598167724609375000e+02
2.501910499999999956e+04 6.598232421875000000e+02
2.501918799999999828e+04 6.598304443359375000e+02
2.501927100000000064e+04 6.598391723632812500e+02
2.501935399999999936e+04 6.598480224609375000e+02
2.501943700000000172e+04 6.598519287109375000e+02
2.501952000000000044e+04 6.598394775390625000e+02
2.501960299999999916e+04 6.597832641601562500e+02
2.501968600000000151e+04 6.597551269531250000e+02
2.501976900000000023e+04 6.597606201171875000e+02
2.501985199999999895e+04 6.597670898437500000e+02
2.501993500000000131e+04 6.597728271484375000e+02
