2.500009800000000178e+04 7.283876342773437500e+02
2.500018100000000049e+04 7.283948364257812500e+02
2.500026399999999921e+04 7.284035644531250000e+02
2.500034700000000157e+04 7.284123535156250000e+02
2.500043000000000029e+04 7.284190063476562500e+02
2.500051299999999901e+04 7.284095458984375000e+02
2.500059600000000137e+04 7.283511352539062500e+02
2.500067900000000009e+04 7.283150024414062500e+02
2.500076199999999881e+04 7.283200683593750000e+02
2.500084500000000116e+04 7.283267211914062500e+02
2.500092799999999988e+04 7.283322753906250000e+02
2.500101099999999860e+04 7.283386230468750000e+02
2.500109400000000096e+04 7.283449707031250000e+02
2.500117699999999968e+04 7.283518676757812500e+02
2.500125999999999840e+04 7.283603515625000000e+02
2.500134300000000076e+04 7.283696899414062500e+02
2.500142599999999948e+04 7.283764038085937500e+02
2.500150899999999820e+04 7.283692626953125000e+02
2.500159200000000055e+04 7.283152465820312500e+02
2.500167499999999927e+04 7.282791137695312500e+02
2.500175800000000163e+04 7.282841796875000000e+02
2.500184100000000035e+04 7.282908325195312500e+02
2.500192399999999907e+04 7.282964477539062500e+02
2.500200700000000143e+04 7.283027343750000000e+02
2.500209000000000015e+04 7.283090820312500000e+02
2.500217299999999886e+04 7.283159790039062500e+02
2.500225600000000122e+04 7.283245239257812500e+02
2.500233899999999994e+04 7.283338623046875000e+02
2.500242199999999866e+04 7.283405151367187500e+02
2.500250500000000102e+04 7.283333740234375000e+02
2.500258799999999974e+04 7.282793579101562500e+02
2.500267099999999846e+04 7.282432250976562500e+02
2.500275400000000081e+04 7.282482910156250000e+02
2.500283699999999953e+04 7.282549438476562500e+02
2.500291999999999825e+04 7.282604980468750000e+02
2.500300300000000061e+04 7.282668457031250000e+02
2.500308599999999933e+04 7.282731933593750000e+02
2.500316900000000169e+04 7.282800903320312500e+02
2.500325200000000041e+04 7.282885742187500000e+02
2.500333499999999913e+04 7.282979125976562500e+02
2.500341800000000148e+04 7.283046264648437500e+02
2.500350100000000020e+04 7.282974853515625000e+02
2.500358399999999892e+04 7.282434082031250000e+02
2.500366700000000128e+04 7.282072753906250000e+02
2.500375000000000000e+04 7.282122802734375000e+02
2.500383299999999872e+04 7.282189331054687500e+02
2.500391600000000108e+04 7.282245483398437500e+02
2.500399899999999980e+04 7.282308349609375000e+02
2.500408199999999852e+04 7.282372436523437500e+02
2.500416500000000087e+04 7.282440185546875000e+02
2.500424799999999959e+04 7.282525634765625000e+02
2.500433099999999831e+04 7.282618408203125000e+02
2.500441400000000067e+04 7.282685546875000000e+02
2.500449699999999939e+04 7.282614135742187500e+02
2.500458000000000175e+04 7.282072143554687500e+02
2.500466300000000047e+04 7.281661376953125000e+02
2.500474599999999919e+04 7.281629638671875000e+02
2.500482900000000154e+04 7.281697387695312500e+02
2.500491200000000026e+04 7.281754760742187500e+02
2.500499499999999898e+04 7.281816406250000000e+02
2.500507800000000134e+04 7.281879882812500000e+02
2.500516100000000006e+04 7.281947021484375000e+02
2.500524399999999878e+04 7.282028808593750000e+02
2.500532700000000114e+04 7.282120361328125000e+02
2.500540999999999985e+04 7.282192382812500000e+02
2.500549299999999857e+04 7.282148437500000000e+02
2.500557600000000093e+04 7.281684570312500000e+02
2.500565899999999965e+04 7.281273193359375000e+02
2.500574199999999837e+04 7.281241455078125000e+02
2.500582500000000073e+04 7.281309204101562500e+02
2.500590799999999945e+04 7.281366577148437500e+02
2.500599100000000180e+04 7.281428222656250000e+02
2.500607400000000052e+04 7.281491699218750000e+02
2.500615699999999924e+04 7.281558837890625000e+02
2.500624000000000160e+04 7.281641235351562500e+02
2.500632300000000032e+04 7.281732177734375000e+02
2.500640599999999904e+04 7.281804199218750000e+02
2.500648900000000140e+04 7.281760253906250000e+02
2.500657200000000012e+04 7.281296386718750000e+02
2.500665499999999884e+04 7.280885009765625000e+02
2.500673800000000119e+04 7.280852661132812500e+02
2.500682099999999991e+04 7.280920410156250000e+02
2.500690399999999863e+04 7.280978393554687500e+02
2.500698700000000099e+04 7.281039428710937500e+02
2.500706999999999971e+04 7.281102905273437500e+02
2.500715299999999843e+04 7.281170654296875000e+02
2.500723600000000079e+04 7.281252441406250000e+02
2.500731899999999951e+04 7.281343994140625000e+02
2.500740199999999822e+04 7.281416015625000000e+02
2.500748500000000058e+04 7.281372070312500000e+02
2.500756799999999930e+04 7.280906982421875000e+02
2.500765100000000166e+04 7.280495605468750000e+02
2.500773400000000038e+04 7.280463867187500000e+02
2.500781699999999910e+04 7.280531616210937500e+02
2.500790000000000146e+04 7.280588989257812500e+02
2.500798300000000017e+04 7.280650634765625000e+02
2.500806599999999889e+04 7.280714111328125000e+02
2.500814900000000125e+04 7.280780639648437500e+02
2.500823199999999997e+04 7.280862426757812500e+02
2.500831499999999869e+04 7.280953979492187500e+02
2.500839800000000105e+04 7.281026000976562500e+02
2.500848099999999977e+04 7.280982055664062500e+02
2.500856399999999849e+04 7.280516357421875000e+02
2.500864700000000084e+04 7.280055541992187500e+02
2.500872999999999956e+04 7.279940795898437500e+02
2.500881299999999828e+04 7.280003662109375000e+02
2.500889600000000064e+04 7.280064086914062500e+02
2.500897899999999936e+04 7.280123901367187500e+02
2.500906200000000172e+04 7.280187377929687500e+02
2.500914500000000044e+04 7.280253906250000000e+02
2.500922799999999916e+04 7.280332641601562500e+02
2.500931100000000151e+04 7.280422363281250000e+02
2.500939400000000023e+04 7.280499877929687500e+02
2.500947699999999895e+04 7.280483398437500000e+02
2.500956000000000131e+04 7.280134277343750000e+02
2.500964300000000003e+04 7.279673461914062500e+02
2.500972599999999875e+04 7.279558105468750000e+02
2.500980900000000111e+04 7.279621582031250000e+02
2.500989199999999983e+04 7.279682006835937500e+02
2.500997499999999854e+04 7.279741821289062500e+02
2.501005800000000090e+04 7.280906982421875000e+02
2.501014099999999962e+04 7.280973510742187500e+02
2.501022399999999834e+04 7.281052246093750000e+02
2.501030700000000070e+04 7.281141967773437500e+02
2.501038999999999942e+04 7.281219482421875000e+02
2.501047300000000178e+04 7.281203002929687500e+02
2.501055600000000049e+04 7.280853881835937500e+02
2.501063899999999921e+04 7.280392456054687500e+02
2.501072200000000157e+04 7.280277709960937500e+02
2.501080500000000029e+04 7.280341186523437500e+02
2.501088799999999901e+04 7.280401000976562500e+02
2.501097100000000137e+04 7.280461425781250000e+02
2.501105400000000009e+04 7.280524291992187500e+02
2.501113699999999881e+04 7.280591430664062500e+02
2.501122000000000116e+04 7.280669555664062500e+02
2.501130299999999988e+04 7.280759887695312500e+02
2.501138599999999860e+04 7.280836791992187500e+02
2.501146900000000096e+04 7.280820922851562500e+02
2.501155199999999968e+04 7.280471191406250000e+02
2.501163499999999840e+04 7.280009765625000000e+02
2.501171800000000076e+04 7.279894409179687500e+02
2.501180099999999948e+04 7.279957885742187500e+02
2.501188399999999820e+04 7.280018310546875000e+02
2.501196700000000055e+04 7.280078125000000000e+02
2.501204999999999927e+04 7.280141601562500000e+02
2.501213300000000163e+04 7.280206909179687500e+02
2.501221600000000035e+04 7.280285644531250000e+02
2.501229899999999907e+04 7.280375976562500000e+02
2.501238200000000143e+04 7.280452880859375000e+02
2.501246500000000015e+04 7.280436401367187500e+02
2.501254799999999886e+04 7.280086059570312500e+02
2.501263100000000122e+04 7.279624633789062500e+02
2.501271399999999994e+04 7.279426879882812500e+02
2.501279699999999866e+04 7.279485473632812500e+02
2.501288000000000102e+04 7.279548339843750000e+02
2.501296299999999974e+04 7.279606933593750000e+02
2.501304599999999846e+04 7.279670410156250000e+02
2.501312900000000081e+04 7.279735717773437500e+02
2.501321199999999953e+04 7.279815063476562500e+02
2.501329499999999825e+04 7.279902954101562500e+02
2.501337800000000061e+04 7.279985961914062500e+02
2.501346099999999933e+04 7.279997558593750000e+02
2.501354400000000169e+04 7.279760131835937500e+02
2.501362700000000041e+04 7.279249267578125000e+02
2.501370999999999913e+04 7.279051513671875000e+02
2.501379300000000148e+04 7.279110107421875000e+02
2.501387600000000020e+04 7.279172973632812500e+02
2.501395899999999892e+04 7.279231567382812500e+02
2.501404200000000128e+04 7.279295043945312500e+02
2.501412500000000000e+04 7.279360961914062500e+02
2.501420799999999872e+04 7.279436035156250000e+02
2.501429100000000108e+04 7.279524536132812500e+02
2.501437399999999980e+04 7.279607543945312500e+02
2.501445699999999852e+04 7.279619140625000000e+02
2.501454000000000087e+04 7.279379272460937500e+02
2.501462299999999959e+04 7.278868408203125000e+02
2.501470599999999831e+04 7.278670043945312500e+02
2.501478900000000067e+04 7.278729248046875000e+02
2.501487199999999939e+04 7.278791503906250000e+02
2.501495500000000175e+04 7.278850097656250000e+02
2.501503800000000047e+04 7.278913574218750000e+02
2.501512099999999919e+04 7.278979492187500000e+02
2.501520400000000154e+04 7.279055175781250000e+02
2.501528700000000026e+04 7.279143676757812500e+02
2.501536999999999898e+04 7.279226074218750000e+02
2.501545300000000134e+04 7.279237670898437500e+02
2.501553600000000006e+04 7.278997802734375000e+02
2.501561899999999878e+04 7.278486328125000000e+02
2.501570200000000114e+04 7.278288574218750000e+02
2.501578499999999985e+04 7.278347167968750000e+02
2.501586799999999857e+04 7.278410034179687500e+02
2.501595100000000093e+04 7.278468627929687500e+02
2.501603399999999965e+04 7.278532104492187500e+02
2.501611699999999837e+04 7.278596801757812500e+02
2.501620000000000073e+04 7.278672485351562500e+02
2.501628299999999945e+04 7.278760986328125000e+02
2.501636600000000180e+04 7.278843994140625000e+02
2.501644900000000052e+04 7.278854980468750000e+02
2.501653199999999924e+04 7.278614501953125000e+02
2.501661500000000160e+04 7.278103027343750000e+02
2.501669800000000032e+04 7.277821655273437500e+02
2.501678099999999904e+04 7.277876586914062500e+02
2.501686400000000140e+04 7.277941284179687500e+02
2.501694700000000012e+04 7.277998657226562500e+02
2.501702999999999884e+04 7.278062133789062500e+02
2.501711300000000119e+04 7.278126831054687500e+02
2.501719599999999991e+04 7.278202514648437500e+02
2.501727899999999863e+04 7.278289184570312500e+02
2.501736200000000099e+04 7.278372192382812500e+02
2.501744499999999971e+04 7.278411254882812500e+02
2.501752799999999843e+04 7.278280029296875000e+02
2.501761100000000079e+04 7.277719116210937500e+02
2.501769399999999951e+04 7.277437744140625000e+02
2.501777699999999822e+04 7.277492065429687500e+02
2.501786000000000058e+04 7.277556762695312500e+02
2.501794299999999930e+04 7.277614746093750000e+02
2.501802600000000166e+04 7.277678222656250000e+02
2.501810900000000038e+04 7.277742919921875000e+02
2.501819199999999910e+04 7.277814941406250000e+02
2.501827500000000146e+04 7.277902221679687500e+02
2.501835800000000017e+04 7.277990112304687500e+02
2.501844099999999889e+04 7.278029174804687500e+02
2.501852400000000125e+04 7.277905273437500000e+02
2.501860699999999997e+04 7.277343750000000000e+02
2.501868999999999869e+04 7.277062377929687500e+02
2.501877300000000105e+04 7.277116699218750000e+02
2.501885599999999977e+04 7.277181396484375000e+02
2.501893899999999849e+04 7.277238769531250000e+02
2.501902200000000084e+04 7.277302246093750000e+02
2.501910499999999956e+04 7.277366943359375000e+02
2.501918799999999828e+04 7.277439575195312500e+02
2.501927100000000064e+04 7.277526855468750000e+02
2.501935399999999936e+04 7.277614746093750000e+02
2.501943700000000172e+04 7.277653808593750000e+02
2.501952000000000044e+04 7.277529907226562500e+02
2.501960299999999916e+04 7.276967773437500000e+02
2.501968600000000151e+04 7.276686401367187500e+02
2.501976900000000023e+04 7.276740722656250000e+02
2.501985199999999895e+04 7.276805419921875000e+02
2.501993500000000131e+04 7.276862792968750000e+02
