2.500009800000000178e+04 7.179027709960937500e+02
2.500018100000000049e+04 7.179121093750000000e+02
2.500026399999999921e+04 7.179227905273437500e+02
2.500034700000000157e+04 7.179334106445312500e+02
2.500043000000000029e+04 7.179417724609375000e+02
2.500051299999999901e+04 7.179334106445312500e+02
2.500059600000000137e+04 7.178768310546875000e+02
2.500067900000000009e+04 7.178419799804687500e+02
2.500076199999999881e+04 7.178483886718750000e+02
2.500084500000000116e+04 7.178565673828125000e+02
2.500092799999999988e+04 7.178640747070312500e+02
2.500101099999999860e+04 7.178724975585937500e+02
2.500109400000000096e+04 7.178809814453125000e+02
2.500117699999999968e+04 7.178899536132812500e+02
2.500125999999999840e+04 7.179004516601562500e+02
2.500134300000000076e+04 7.179116210937500000e+02
2.500142599999999948e+04 7.179199218750000000e+02
2.500150899999999820e+04 7.179138793945312500e+02
2.500159200000000055e+04 7.178614501953125000e+02
2.500167499999999927e+04 7.178265380859375000e+02
2.500175800000000163e+04 7.178330078125000000e+02
2.500184100000000035e+04 7.178410644531250000e+02
2.500192399999999907e+04 7.178486328125000000e+02
2.500200700000000143e+04 7.178571166992187500e+02
2.500209000000000015e+04 7.178655395507812500e+02
2.500217299999999886e+04 7.178745117187500000e+02
2.500225600000000122e+04 7.178850097656250000e+02
2.500233899999999994e+04 7.178962402343750000e+02
2.500242199999999866e+04 7.179046630859375000e+02
2.500250500000000102e+04 7.178985595703125000e+02
2.500258799999999974e+04 7.178462524414062500e+02
2.500267099999999846e+04 7.178112182617187500e+02
2.500275400000000081e+04 7.178175659179687500e+02
2.500283699999999953e+04 7.178256835937500000e+02
2.500291999999999825e+04 7.178331909179687500e+02
2.500300300000000061e+04 7.178416137695312500e+02
2.500308599999999933e+04 7.178500366210937500e+02
2.500316900000000169e+04 7.178588867187500000e+02
2.500325200000000041e+04 7.178693847656250000e+02
2.500333499999999913e+04 7.178804931640625000e+02
2.500341800000000148e+04 7.178889160156250000e+02
2.500350100000000020e+04 7.178828735351562500e+02
2.500358399999999892e+04 7.178305053710937500e+02
2.500366700000000128e+04 7.177957153320312500e+02
2.500375000000000000e+04 7.178021850585937500e+02
2.500383299999999872e+04 7.178104248046875000e+02
2.500391600000000108e+04 7.178179931640625000e+02
2.500399899999999980e+04 7.178263549804687500e+02
2.500408199999999852e+04 7.178348388671875000e+02
2.500416500000000087e+04 7.178436889648437500e+02
2.500424799999999959e+04 7.178543090820312500e+02
2.500433099999999831e+04 7.178655395507812500e+02
2.500441400000000067e+04 7.178737792968750000e+02
2.500449699999999939e+04 7.178676757812500000e+02
2.500458000000000175e+04 7.178153076171875000e+02
2.500466300000000047e+04 7.177755126953125000e+02
2.500474599999999919e+04 7.177736206054687500e+02
2.500482900000000154e+04 7.177819213867187500e+02
2.500491200000000026e+04 7.177896118164062500e+02
2.500499499999999898e+04 7.177977294921875000e+02
2.500507800000000134e+04 7.178060302734375000e+02
2.500516100000000006e+04 7.178148193359375000e+02
2.500524399999999878e+04 7.178248901367187500e+02
2.500532700000000114e+04 7.178358764648437500e+02
2.500540999999999985e+04 7.178447265625000000e+02
2.500549299999999857e+04 7.178413085937500000e+02
2.500557600000000093e+04 7.177966918945312500e+02
2.500565899999999965e+04 7.177570190429687500e+02
2.500574199999999837e+04 7.177552490234375000e+02
2.500582500000000073e+04 7.177636108398437500e+02
2.500590799999999945e+04 7.177707519531250000e+02
2.500599100000000180e+04 7.177786254882812500e+02
2.500607400000000052e+04 7.177869873046875000e+02
2.500615699999999924e+04 7.177957763671875000e+02
2.500624000000000160e+04 7.178058471679687500e+02
2.500632300000000032e+04 7.178168945312500000e+02
2.500640599999999904e+04 7.178257446289062500e+02
2.500648900000000140e+04 7.178223876953125000e+02
2.500657200000000012e+04 7.177776489257812500e+02
2.500665499999999884e+04 7.177378540039062500e+02
2.500673800000000119e+04 7.177359008789062500e+02
2.500682099999999991e+04 7.177442626953125000e+02
2.500690399999999863e+04 7.177517700195312500e+02
2.500698700000000099e+04 7.177599487304687500e+02
2.500706999999999971e+04 7.177682495117187500e+02
2.500715299999999843e+04 7.177769165039062500e+02
2.500723600000000079e+04 7.177869873046875000e+02
2.500731899999999951e+04 7.177978515625000000e+02
2.500740199999999822e+04 7.178067016601562500e+02
2.500748500000000058e+04 7.178034057617187500e+02
2.500756799999999930e+04 7.177584838867187500e+02
2.500765100000000166e+04 7.177188110351562500e+02
2.500773400000000038e+04 7.177169799804687500e+02
2.500781699999999910e+04 7.177252807617187500e+02
2.500790000000000146e+04 7.177329101562500000e+02
2.500798300000000017e+04 7.177409667968750000e+02
2.500806599999999889e+04 7.177493286132812500e+02
2.500814900000000125e+04 7.177579956054687500e+02
2.500823199999999997e+04 7.177681274414062500e+02
2.500831499999999869e+04 7.177791137695312500e+02
2.500839800000000105e+04 7.177879638671875000e+02
2.500848099999999977e+04 7.177843017578125000e+02
2.500856399999999849e+04 7.177395019531250000e+02
2.500864700000000084e+04 7.176948242187500000e+02
2.500872999999999956e+04 7.176846313476562500e+02
2.500881299999999828e+04 7.176922607421875000e+02
2.500889600000000064e+04 7.177000732421875000e+02
2.500897899999999936e+04 7.177081298828125000e+02
2.500906200000000172e+04 7.177164306640625000e+02
2.500914500000000044e+04 7.177251586914062500e+02
2.500922799999999916e+04 7.177349243164062500e+02
2.500931100000000151e+04 7.177457885742187500e+02
2.500939400000000023e+04 7.177551879882812500e+02
2.500947699999999895e+04 7.177548828125000000e+02
2.500956000000000131e+04 7.177218627929687500e+02
2.500964300000000003e+04 7.176772460937500000e+02
2.500972599999999875e+04 7.176671142578125000e+02
2.500980900000000111e+04 7.176750488281250000e+02
2.500989199999999983e+04 7.176828002929687500e+02
2.500997499999999854e+04 7.176907958984375000e+02
2.501005800000000090e+04 7.177525634765625000e+02
2.501014099999999962e+04 7.177611694335937500e+02
2.501022399999999834e+04 7.177709350585937500e+02
2.501030700000000070e+04 7.177816772460937500e+02
2.501038999999999942e+04 7.177911376953125000e+02
2.501047300000000178e+04 7.177907714843750000e+02
2.501055600000000049e+04 7.177576293945312500e+02
2.501063899999999921e+04 7.177127685546875000e+02
2.501072200000000157e+04 7.177025146484375000e+02
2.501080500000000029e+04 7.177103881835937500e+02
2.501088799999999901e+04 7.177183227539062500e+02
2.501097100000000137e+04 7.177263183593750000e+02
2.501105400000000009e+04 7.177347412109375000e+02
2.501113699999999881e+04 7.177434082031250000e+02
2.501122000000000116e+04 7.177531738281250000e+02
2.501130299999999988e+04 7.177640991210937500e+02
2.501138599999999860e+04 7.177734375000000000e+02
2.501146900000000096e+04 7.177731323242187500e+02
2.501155199999999968e+04 7.177400512695312500e+02
2.501163499999999840e+04 7.176953735351562500e+02
2.501171800000000076e+04 7.176853027343750000e+02
2.501180099999999948e+04 7.176931152343750000e+02
2.501188399999999820e+04 7.177003173828125000e+02
2.501196700000000055e+04 7.177083129882812500e+02
2.501204999999999927e+04 7.177166137695312500e+02
2.501213300000000163e+04 7.177251586914062500e+02
2.501221600000000035e+04 7.177350463867187500e+02
2.501229899999999907e+04 7.177459106445312500e+02
2.501238200000000143e+04 7.177553710937500000e+02
2.501246500000000015e+04 7.177550659179687500e+02
2.501254799999999886e+04 7.177219238281250000e+02
2.501263100000000122e+04 7.176770019531250000e+02
2.501271399999999994e+04 7.176583251953125000e+02
2.501279699999999866e+04 7.176657104492187500e+02
2.501288000000000102e+04 7.176737060546875000e+02
2.501296299999999974e+04 7.176815795898437500e+02
2.501304599999999846e+04 7.176899414062500000e+02
2.501312900000000081e+04 7.176984863281250000e+02
2.501321199999999953e+04 7.177083740234375000e+02
2.501329499999999825e+04 7.177191162109375000e+02
2.501337800000000061e+04 7.177291259765625000e+02
2.501346099999999933e+04 7.177316894531250000e+02
2.501354400000000169e+04 7.177097778320312500e+02
2.501362700000000041e+04 7.176600341796875000e+02
2.501370999999999913e+04 7.176412353515625000e+02
2.501379300000000148e+04 7.176485595703125000e+02
2.501387600000000020e+04 7.176564941406250000e+02
2.501395899999999892e+04 7.176644287109375000e+02
2.501404200000000128e+04 7.176727294921875000e+02
2.501412500000000000e+04 7.176813964843750000e+02
2.501420799999999872e+04 7.176909790039062500e+02
2.501429100000000108e+04 7.177016601562500000e+02
2.501437399999999980e+04 7.177117309570312500e+02
2.501445699999999852e+04 7.177141113281250000e+02
2.501454000000000087e+04 7.176920166015625000e+02
2.501462299999999959e+04 7.176422729492187500e+02
2.501470599999999831e+04 7.176235961914062500e+02
2.501478900000000067e+04 7.176309204101562500e+02
2.501487199999999939e+04 7.176387939453125000e+02
2.501495500000000175e+04 7.176467285156250000e+02
2.501503800000000047e+04 7.176551513671875000e+02
2.501512099999999919e+04 7.176638183593750000e+02
2.501520400000000154e+04 7.176733398437500000e+02
2.501528700000000026e+04 7.176840820312500000e+02
2.501536999999999898e+04 7.176940917968750000e+02
2.501545300000000134e+04 7.176965332031250000e+02
2.501553600000000006e+04 7.176743774414062500e+02
2.501561899999999878e+04 7.176246948242187500e+02
2.501570200000000114e+04 7.176059570312500000e+02
2.501578499999999985e+04 7.176124877929687500e+02
2.501586799999999857e+04 7.176197509765625000e+02
2.501595100000000093e+04 7.176271362304687500e+02
2.501603399999999965e+04 7.176354370117187500e+02
2.501611699999999837e+04 7.176439819335937500e+02
2.501620000000000073e+04 7.176535644531250000e+02
2.501628299999999945e+04 7.176643676757812500e+02
2.501636600000000180e+04 7.176744384765625000e+02
2.501644900000000052e+04 7.176769409179687500e+02
2.501653199999999924e+04 7.176546630859375000e+02
2.501661500000000160e+04 7.176049194335937500e+02
2.501669800000000032e+04 7.175780029296875000e+02
2.501678099999999904e+04 7.175841064453125000e+02
2.501686400000000140e+04 7.175910644531250000e+02
2.501694700000000012e+04 7.175986938476562500e+02
2.501702999999999884e+04 7.176071777343750000e+02
2.501711300000000119e+04 7.176157226562500000e+02
2.501719599999999991e+04 7.176253662109375000e+02
2.501727899999999863e+04 7.176359252929687500e+02
2.501736200000000099e+04 7.176460571289062500e+02
2.501744499999999971e+04 7.176514892578125000e+02
2.501752799999999843e+04 7.176398925781250000e+02
2.501761100000000079e+04 7.175851440429687500e+02
2.501769399999999951e+04 7.175582275390625000e+02
2.501777699999999822e+04 7.175651855468750000e+02
2.501786000000000058e+04 7.175733642578125000e+02
2.501794299999999930e+04 7.175811767578125000e+02
2.501802600000000166e+04 7.175896606445312500e+02
2.501810900000000038e+04 7.175981445312500000e+02
2.501819199999999910e+04 7.176073608398437500e+02
2.501827500000000146e+04 7.176180419921875000e+02
2.501835800000000017e+04 7.176287231445312500e+02
2.501844099999999889e+04 7.176340942382812500e+02
2.501852400000000125e+04 7.176231689453125000e+02
2.501860699999999997e+04 7.175681762695312500e+02
2.501868999999999869e+04 7.175413818359375000e+02
2.501877300000000105e+04 7.175481567382812500e+02
2.501885599999999977e+04 7.175562744140625000e+02
2.501893899999999849e+04 7.175640869140625000e+02
2.501902200000000084e+04 7.175725708007812500e+02
2.501910499999999956e+04 7.175812377929687500e+02
2.501918799999999828e+04 7.175905761718750000e+02
2.501927100000000064e+04 7.176011962890625000e+02
2.501935399999999936e+04 7.176119384765625000e+02
2.501943700000000172e+04 7.176174926757812500e+02
2.501952000000000044e+04 7.176065063476562500e+02
2.501960299999999916e+04 7.175516357421875000e+02
2.501968600000000151e+04 7.175246582031250000e+02
2.501976900000000023e+04 7.175314941406250000e+02
2.501985199999999895e+04 7.175397338867187500e+02
2.501993500000000131e+04 7.175475463867187500e+02
