2.500009800000000178e+04 1.171526908874511719e+01
2.500018100000000049e+04 1.147686195373535156e+01
2.500026399999999921e+04 1.129803752899169922e+01
2.500034700000000157e+04 1.111430454254150391e+01
2.500043000000000029e+04 1.106667804718017578e+01
2.500051299999999901e+04 1.159043216705322266e+01
2.500059600000000137e+04 1.269462680816650391e+01
2.500067900000000009e+04 1.286304664611816406e+01
2.500076199999999881e+04 1.284953594207763672e+01
2.500084500000000116e+04 1.280136489868164062e+01
2.500092799999999988e+04 1.242342376708984375e+01
2.500101099999999860e+04 1.199775123596191406e+01
2.500109400000000096e+04 1.173776149749755859e+01
2.500117699999999968e+04 1.147628116607666016e+01
2.500125999999999840e+04 1.125851058959960938e+01
2.500134300000000076e+04 1.107700920104980469e+01
2.500142599999999948e+04 1.093299579620361328e+01
2.500150899999999820e+04 1.145102596282958984e+01
2.500159200000000055e+04 1.279783248901367188e+01
2.500167499999999927e+04 1.289623451232910156e+01
2.500175800000000163e+04 1.289495658874511719e+01
2.500184100000000035e+04 1.283925533294677734e+01
2.500192399999999907e+04 1.238529014587402344e+01
2.500200700000000143e+04 1.204009342193603516e+01
2.500209000000000015e+04 1.173019027709960938e+01
2.500217299999999886e+04 1.148443222045898438e+01
2.500225600000000122e+04 1.126682758331298828e+01
2.500233899999999994e+04 1.107072067260742188e+01
2.500242199999999866e+04 1.093535327911376953e+01
2.500250500000000102e+04 1.148240375518798828e+01
2.500258799999999974e+04 1.275203418731689453e+01
2.500267099999999846e+04 1.290733718872070312e+01
2.500275400000000081e+04 1.289458274841308594e+01
2.500283699999999953e+04 1.282557201385498047e+01
2.500291999999999825e+04 1.242660808563232422e+01
2.500300300000000061e+04 1.202080345153808594e+01
2.500308599999999933e+04 1.174118804931640625e+01
2.500316900000000169e+04 1.155344581604003906e+01
2.500325200000000041e+04 1.128950881958007812e+01
2.500333499999999913e+04 1.111204814910888672e+01
2.500341800000000148e+04 1.091846752166748047e+01
2.500350100000000020e+04 1.147345161437988281e+01
2.500358399999999892e+04 1.275430107116699219e+01
2.500366700000000128e+04 1.285298156738281250e+01
2.500375000000000000e+04 1.287447834014892578e+01
2.500383299999999872e+04 1.280148506164550781e+01
2.500391600000000108e+04 1.238980197906494141e+01
2.500399899999999980e+04 1.207470035552978516e+01
2.500408199999999852e+04 1.169850730895996094e+01
2.500416500000000087e+04 1.147646808624267578e+01
2.500424799999999959e+04 1.124171161651611328e+01
2.500433099999999831e+04 1.109714508056640625e+01
2.500441400000000067e+04 1.097424697875976562e+01
2.500449699999999939e+04 1.145722675323486328e+01
2.500458000000000175e+04 1.275742816925048828e+01
2.500466300000000047e+04 1.290096282958984375e+01
2.500474599999999919e+04 1.290677165985107422e+01
2.500482900000000154e+04 1.283977794647216797e+01
2.500491200000000026e+04 1.241623783111572266e+01
2.500499499999999898e+04 1.205768585205078125e+01
2.500507800000000134e+04 1.179561233520507812e+01
2.500516100000000006e+04 1.148021030426025391e+01
2.500524399999999878e+04 1.125605487823486328e+01
2.500532700000000114e+04 1.107096195220947266e+01
2.500540999999999985e+04 1.092550182342529297e+01
2.500549299999999857e+04 1.132010269165039062e+01
2.500557600000000093e+04 1.270235061645507812e+01
2.500565899999999965e+04 1.289551830291748047e+01
2.500574199999999837e+04 1.293247032165527344e+01
2.500582500000000073e+04 1.292813873291015625e+01
2.500590799999999945e+04 1.269248008728027344e+01
2.500599100000000180e+04 1.227692031860351562e+01
2.500607400000000052e+04 1.176609039306640625e+01
2.500615699999999924e+04 1.147989654541015625e+01
2.500624000000000160e+04 1.129163646697998047e+01
2.500632300000000032e+04 1.107650756835937500e+01
2.500640599999999904e+04 1.095200443267822266e+01
2.500648900000000140e+04 1.130432415008544922e+01
2.500657200000000012e+04 1.269648551940917969e+01
2.500665499999999884e+04 1.291438293457031250e+01
2.500673800000000119e+04 1.290744018554687500e+01
2.500682099999999991e+04 1.282996273040771484e+01
2.500690399999999863e+04 1.247568225860595703e+01
2.500698700000000099e+04 1.207776546478271484e+01
2.500706999999999971e+04 1.180868911743164062e+01
2.500715299999999843e+04 1.150794792175292969e+01
2.500723600000000079e+04 1.131483745574951172e+01
2.500731899999999951e+04 1.109928798675537109e+01
2.500740199999999822e+04 1.096557903289794922e+01
2.500748500000000058e+04 1.131071853637695312e+01
2.500756799999999930e+04 1.271744537353515625e+01
2.500765100000000166e+04 1.285678482055664062e+01
2.500773400000000038e+04 1.291046810150146484e+01
2.500781699999999910e+04 1.283965682983398438e+01
2.500790000000000146e+04 1.245802688598632812e+01
2.500798300000000017e+04 1.214517021179199219e+01
2.500806599999999889e+04 1.179160594940185547e+01
2.500814900000000125e+04 1.149571514129638672e+01
2.500823199999999997e+04 1.128046607971191406e+01
2.500831499999999869e+04 1.108884906768798828e+01
2.500839800000000105e+04 1.094134235382080078e+01
2.500848099999999977e+04 1.136753273010253906e+01
2.500856399999999849e+04 1.269599533081054688e+01
2.500864700000000084e+04 1.290927696228027344e+01
2.500872999999999956e+04 1.292939662933349609e+01
2.500881299999999828e+04 1.290732288360595703e+01
2.500889600000000064e+04 1.260545825958251953e+01
2.500897899999999936e+04 1.223713493347167969e+01
2.500906200000000172e+04 1.192916679382324219e+01
2.500914500000000044e+04 1.158563613891601562e+01
2.500922799999999916e+04 1.144861698150634766e+01
2.500931100000000151e+04 1.123167705535888672e+01
2.500939400000000023e+04 1.107618808746337891e+01
2.500947699999999895e+04 1.126223468780517578e+01
2.500956000000000131e+04 1.260804748535156250e+01
2.500964300000000003e+04 1.286872482299804688e+01
2.500972599999999875e+04 1.293745899200439453e+01
2.500980900000000111e+04 1.288435935974121094e+01
2.500989199999999983e+04 1.262808513641357422e+01
2.500997499999999854e+04 1.229992961883544922e+01
2.501005800000000090e+04 1.193814277648925781e+01
2.501014099999999962e+04 1.161530017852783203e+01
2.501022399999999834e+04 1.140552711486816406e+01
2.501030700000000070e+04 1.126693344116210938e+01
2.501038999999999942e+04 1.107188129425048828e+01
2.501047300000000178e+04 1.127314186096191406e+01
2.501055600000000049e+04 1.263305091857910156e+01
2.501063899999999921e+04 1.290411472320556641e+01
2.501072200000000157e+04 1.292804145812988281e+01
2.501080500000000029e+04 1.285674762725830078e+01
2.501088799999999901e+04 1.257190608978271484e+01
2.501097100000000137e+04 1.222243118286132812e+01
2.501105400000000009e+04 1.187150478363037109e+01
2.501113699999999881e+04 1.162287330627441406e+01
2.501122000000000116e+04 1.142408561706542969e+01
2.501130299999999988e+04 1.121703433990478516e+01
2.501138599999999860e+04 1.106659889221191406e+01
2.501146900000000096e+04 1.125633335113525391e+01
2.501155199999999968e+04 1.263164234161376953e+01
2.501163499999999840e+04 1.285307216644287109e+01
2.501171800000000076e+04 1.292958354949951172e+01
2.501180099999999948e+04 1.292684173583984375e+01
2.501188399999999820e+04 1.278049850463867188e+01
2.501196700000000055e+04 1.226543712615966797e+01
2.501204999999999927e+04 1.195150184631347656e+01
2.501213300000000163e+04 1.166586303710937500e+01
2.501221600000000035e+04 1.138512229919433594e+01
2.501229899999999907e+04 1.121339225769042969e+01
2.501238200000000143e+04 1.104944229125976562e+01
2.501246500000000015e+04 1.125739192962646484e+01
2.501254799999999886e+04 1.268813514709472656e+01
2.501263100000000122e+04 1.291009807586669922e+01
2.501271399999999994e+04 1.297398471832275391e+01
2.501279699999999866e+04 1.289646053314208984e+01
2.501288000000000102e+04 1.271404266357421875e+01
2.501296299999999974e+04 1.239242839813232422e+01
2.501304599999999846e+04 1.202754020690917969e+01
2.501312900000000081e+04 1.174726486206054688e+01
2.501321199999999953e+04 1.151833057403564453e+01
2.501329499999999825e+04 1.129960632324218750e+01
2.501337800000000061e+04 1.111137390136718750e+01
2.501346099999999933e+04 1.121890830993652344e+01
2.501354400000000169e+04 1.257184600830078125e+01
2.501362700000000041e+04 1.287887859344482422e+01
2.501370999999999913e+04 1.298101806640625000e+01
2.501379300000000148e+04 1.292418670654296875e+01
2.501387600000000020e+04 1.276022052764892578e+01
2.501395899999999892e+04 1.237275314331054688e+01
2.501404200000000128e+04 1.200572299957275391e+01
2.501412500000000000e+04 1.171219062805175781e+01
2.501420799999999872e+04 1.150919437408447266e+01
2.501429100000000108e+04 1.134561157226562500e+01
2.501437399999999980e+04 1.111040210723876953e+01
2.501445699999999852e+04 1.125859355926513672e+01
2.501454000000000087e+04 1.259319210052490234e+01
2.501462299999999959e+04 1.290211486816406250e+01
2.501470599999999831e+04 1.297658157348632812e+01
2.501478900000000067e+04 1.290719318389892578e+01
2.501487199999999939e+04 1.277950000762939453e+01
2.501495500000000175e+04 1.239816379547119141e+01
2.501503800000000047e+04 1.202942180633544922e+01
2.501512099999999919e+04 1.172202205657958984e+01
2.501520400000000154e+04 1.152120780944824219e+01
2.501528700000000026e+04 1.131879901885986328e+01
2.501536999999999898e+04 1.114777755737304688e+01
2.501545300000000134e+04 1.125496482849121094e+01
2.501553600000000006e+04 1.258815956115722656e+01
2.501561899999999878e+04 1.289453506469726562e+01
2.501570200000000114e+04 1.301730918884277344e+01
2.501578499999999985e+04 1.305601787567138672e+01
2.501586799999999857e+04 1.291633033752441406e+01
2.501595100000000093e+04 1.255005836486816406e+01
2.501603399999999965e+04 1.205687618255615234e+01
2.501611699999999837e+04 1.172780990600585938e+01
2.501620000000000073e+04 1.149441814422607422e+01
2.501628299999999945e+04 1.133728599548339844e+01
2.501636600000000180e+04 1.117083263397216797e+01
2.501644900000000052e+04 1.126377868652343750e+01
2.501653199999999924e+04 1.263314056396484375e+01
2.501661500000000160e+04 1.292853736877441406e+01
2.501669800000000032e+04 1.303052997589111328e+01
2.501678099999999904e+04 1.309464263916015625e+01
2.501686400000000140e+04 1.307683658599853516e+01
2.501694700000000012e+04 1.249377250671386719e+01
2.501702999999999884e+04 1.205276393890380859e+01
2.501711300000000119e+04 1.181344795227050781e+01
2.501719599999999991e+04 1.154643630981445312e+01
2.501727899999999863e+04 1.137877273559570312e+01
2.501736200000000099e+04 1.117812442779541016e+01
2.501744499999999971e+04 1.125317573547363281e+01
2.501752799999999843e+04 1.244618988037109375e+01
2.501761100000000079e+04 1.288979721069335938e+01
2.501769399999999951e+04 1.301563072204589844e+01
2.501777699999999822e+04 1.293226146697998047e+01
2.501786000000000058e+04 1.281877326965332031e+01
2.501794299999999930e+04 1.242085266113281250e+01
2.501802600000000166e+04 1.207734394073486328e+01
2.501810900000000038e+04 1.182485198974609375e+01
2.501819199999999910e+04 1.158555221557617188e+01
2.501827500000000146e+04 1.134390926361083984e+01
2.501835800000000017e+04 1.116076087951660156e+01
2.501844099999999889e+04 1.117649459838867188e+01
2.501852400000000125e+04 1.233950805664062500e+01
2.501860699999999997e+04 1.289472103118896484e+01
2.501868999999999869e+04 1.296809959411621094e+01
2.501877300000000105e+04 1.295766162872314453e+01
2.501885599999999977e+04 1.285450935363769531e+01
2.501893899999999849e+04 1.244801235198974609e+01
2.501902200000000084e+04 1.212987804412841797e+01
2.501910499999999956e+04 1.181146240234375000e+01
2.501918799999999828e+04 1.152586460113525391e+01
2.501927100000000064e+04 1.136640167236328125e+01
2.501935399999999936e+04 1.117644596099853516e+01
2.501943700000000172e+04 1.113871288299560547e+01
2.501952000000000044e+04 1.234243774414062500e+01
2.501960299999999916e+04 1.290081596374511719e+01
2.501968600000000151e+04 1.298059558868408203e+01
2.501976900000000023e+04 1.297220897674560547e+01
2.501985199999999895e+04 1.283172988891601562e+01
2.501993500000000131e+04 1.243070220947265625e+01
