2.500009800000000178e+04 4.069391250610351562e+00
2.500018100000000049e+04 4.050163269042968750e+00
2.500026399999999921e+04 4.028994083404541016e+00
2.500034700000000157e+04 4.007713317871093750e+00
2.500043000000000029e+04 3.999696969985961914e+00
2.500051299999999901e+04 4.039115428924560547e+00
2.500059600000000137e+04 4.116610050201416016e+00
2.500067900000000009e+04 4.123758316040039062e+00
2.500076199999999881e+04 4.125149726867675781e+00
2.500084500000000116e+04 4.126082897186279297e+00
2.500092799999999988e+04 4.111350059509277344e+00
2.500101099999999860e+04 4.088007450103759766e+00
2.500109400000000096e+04 4.071469783782958984e+00
2.500117699999999968e+04 4.050078868865966797e+00
2.500125999999999840e+04 4.026678562164306641e+00
2.500134300000000076e+04 4.005894660949707031e+00
2.500142599999999948e+04 3.987374067306518555e+00
2.500150899999999820e+04 4.026463508605957031e+00
2.500159200000000055e+04 4.119009971618652344e+00
2.500167499999999927e+04 4.125715732574462891e+00
2.500175800000000163e+04 4.127665996551513672e+00
2.500184100000000035e+04 4.128220558166503906e+00
2.500192399999999907e+04 4.111147880554199219e+00
2.500200700000000143e+04 4.092644214630126953e+00
2.500209000000000015e+04 4.071419715881347656e+00
2.500217299999999886e+04 4.051573753356933594e+00
2.500225600000000122e+04 4.029296875000000000e+00
2.500233899999999994e+04 4.010295391082763672e+00
2.500242199999999866e+04 3.989760160446166992e+00
2.500250500000000102e+04 4.026883125305175781e+00
2.500258799999999974e+04 4.120774269104003906e+00
2.500267099999999846e+04 4.127556324005126953e+00
2.500275400000000081e+04 4.129693031311035156e+00
2.500283699999999953e+04 4.130134582519531250e+00
2.500291999999999825e+04 4.112989425659179688e+00
2.500300300000000061e+04 4.092627048492431641e+00
2.500308599999999933e+04 4.072975158691406250e+00
2.500316900000000169e+04 4.056630134582519531e+00
2.500325200000000041e+04 4.031522750854492188e+00
2.500333499999999913e+04 4.010725498199462891e+00
2.500341800000000148e+04 3.991223335266113281e+00
2.500350100000000020e+04 4.030145168304443359e+00
2.500358399999999892e+04 4.120799541473388672e+00
2.500366700000000128e+04 4.129199504852294922e+00
2.500375000000000000e+04 4.131007671356201172e+00
2.500383299999999872e+04 4.131755352020263672e+00
2.500391600000000108e+04 4.114782333374023438e+00
2.500399899999999980e+04 4.096277713775634766e+00
2.500408199999999852e+04 4.072721004486083984e+00
2.500416500000000087e+04 4.053754329681396484e+00
2.500424799999999959e+04 4.032765865325927734e+00
2.500433099999999831e+04 4.013795375823974609e+00
2.500441400000000067e+04 3.993267774581909180e+00
2.500449699999999939e+04 4.030489921569824219e+00
2.500458000000000175e+04 4.125855922698974609e+00
2.500466300000000047e+04 4.131335258483886719e+00
2.500474599999999919e+04 4.132925033569335938e+00
2.500482900000000154e+04 4.133790969848632812e+00
2.500491200000000026e+04 4.116238117218017578e+00
2.500499499999999898e+04 4.095676422119140625e+00
2.500507800000000134e+04 4.077807903289794922e+00
2.500516100000000006e+04 4.054907321929931641e+00
2.500524399999999878e+04 4.033329486846923828e+00
2.500532700000000114e+04 4.012927055358886719e+00
2.500540999999999985e+04 3.993373632431030273e+00
2.500549299999999857e+04 4.018649101257324219e+00
2.500557600000000093e+04 4.123240470886230469e+00
2.500565899999999965e+04 4.132851600646972656e+00
2.500574199999999837e+04 4.134829998016357422e+00
2.500582500000000073e+04 4.135601997375488281e+00
2.500590799999999945e+04 4.117998600006103516e+00
2.500599100000000180e+04 4.099966526031494141e+00
2.500607400000000052e+04 4.077398300170898438e+00
2.500615699999999924e+04 4.056317806243896484e+00
2.500624000000000160e+04 4.037476539611816406e+00
2.500632300000000032e+04 4.015022754669189453e+00
2.500640599999999904e+04 3.997128486633300781e+00
2.500648900000000140e+04 4.019347190856933594e+00
2.500657200000000012e+04 4.121964931488037109e+00
2.500665499999999884e+04 4.134628295898437500e+00
2.500673800000000119e+04 4.136594772338867188e+00
2.500682099999999991e+04 4.137366294860839844e+00
2.500690399999999863e+04 4.119757175445556641e+00
2.500698700000000099e+04 4.100256443023681641e+00
2.500706999999999971e+04 4.080038070678710938e+00
2.500715299999999843e+04 4.057301044464111328e+00
2.500723600000000079e+04 4.039005279541015625e+00
2.500731899999999951e+04 4.015520572662353516e+00
2.500740199999999822e+04 3.998445749282836914e+00
2.500748500000000058e+04 4.022267818450927734e+00
2.500756799999999930e+04 4.123856067657470703e+00
2.500765100000000166e+04 4.135636329650878906e+00
2.500773400000000038e+04 4.138366222381591797e+00
2.500781699999999910e+04 4.139223098754882812e+00
2.500790000000000146e+04 4.121522903442382812e+00
2.500798300000000017e+04 4.103462696075439453e+00
2.500806599999999889e+04 4.082053184509277344e+00
2.500814900000000125e+04 4.061034679412841797e+00
2.500823199999999997e+04 4.039782047271728516e+00
2.500831499999999869e+04 4.018210411071777344e+00
2.500839800000000105e+04 3.998459815979003906e+00
2.500848099999999977e+04 4.023791313171386719e+00
2.500856399999999849e+04 4.125608444213867188e+00
2.500864700000000084e+04 4.138171672821044922e+00
2.500872999999999956e+04 4.140027999877929688e+00
2.500881299999999828e+04 4.141051769256591797e+00
2.500889600000000064e+04 4.134872913360595703e+00
2.500897899999999936e+04 4.117311477661132812e+00
2.500906200000000172e+04 4.096409320831298828e+00
2.500914500000000044e+04 4.074186801910400391e+00
2.500922799999999916e+04 4.056544780731201172e+00
2.500931100000000151e+04 4.035928726196289062e+00
2.500939400000000023e+04 4.014811038970947266e+00
2.500947699999999895e+04 4.026925086975097656e+00
2.500956000000000131e+04 4.127475261688232422e+00
2.500964300000000003e+04 4.139763355255126953e+00
2.500972599999999875e+04 4.141902923583984375e+00
2.500980900000000111e+04 4.142845630645751953e+00
2.500989199999999983e+04 4.136254787445068359e+00
2.500997499999999854e+04 4.121979713439941406e+00
2.501005800000000090e+04 4.099809646606445312e+00
2.501014099999999962e+04 4.068060874938964844e+00
2.501022399999999834e+04 4.048544883728027344e+00
2.501030700000000070e+04 4.031708240509033203e+00
2.501038999999999942e+04 4.011816501617431641e+00
2.501047300000000178e+04 4.021831512451171875e+00
2.501055600000000049e+04 4.121813297271728516e+00
2.501063899999999921e+04 4.134380340576171875e+00
2.501072200000000157e+04 4.136260032653808594e+00
2.501080500000000029e+04 4.137156963348388672e+00
2.501088799999999901e+04 4.130959987640380859e+00
2.501097100000000137e+04 4.112412929534912109e+00
2.501105400000000009e+04 4.090973377227783203e+00
2.501113699999999881e+04 4.071520805358886719e+00
2.501122000000000116e+04 4.051563262939453125e+00
2.501130299999999988e+04 4.031837463378906250e+00
2.501138599999999860e+04 4.010944366455078125e+00
2.501146900000000096e+04 4.022199153900146484e+00
2.501155199999999968e+04 4.123420238494873047e+00
2.501163499999999840e+04 4.136126041412353516e+00
2.501171800000000076e+04 4.138140678405761719e+00
2.501180099999999948e+04 4.138969898223876953e+00
2.501188399999999820e+04 4.132751464843750000e+00
2.501196700000000055e+04 4.115187168121337891e+00
2.501204999999999927e+04 4.095396041870117188e+00
2.501213300000000163e+04 4.074774265289306641e+00
2.501221600000000035e+04 4.051691532135009766e+00
2.501229899999999907e+04 4.033169746398925781e+00
2.501238200000000143e+04 4.012567520141601562e+00
2.501246500000000015e+04 4.023914813995361328e+00
2.501254799999999886e+04 4.130264282226562500e+00
2.501263100000000122e+04 4.138050079345703125e+00
2.501271399999999994e+04 4.139804840087890625e+00
2.501279699999999866e+04 4.141086578369140625e+00
2.501288000000000102e+04 4.140575885772705078e+00
2.501296299999999974e+04 4.125257968902587891e+00
2.501304599999999846e+04 4.103566169738769531e+00
2.501312900000000081e+04 4.082714557647705078e+00
2.501321199999999953e+04 4.064085960388183594e+00
2.501329499999999825e+04 4.039513587951660156e+00
2.501337800000000061e+04 4.018794536590576172e+00
2.501346099999999933e+04 4.021755218505859375e+00
2.501354400000000169e+04 4.126306533813476562e+00
2.501362700000000041e+04 4.139331340789794922e+00
2.501370999999999913e+04 4.141564369201660156e+00
2.501379300000000148e+04 4.142878055572509766e+00
2.501387600000000020e+04 4.142553806304931641e+00
2.501395899999999892e+04 4.125878334045410156e+00
2.501404200000000128e+04 4.102891445159912109e+00
2.501412500000000000e+04 4.084155082702636719e+00
2.501420799999999872e+04 4.065782070159912109e+00
2.501429100000000108e+04 4.044986724853515625e+00
2.501437399999999980e+04 4.022182941436767578e+00
2.501445699999999852e+04 4.024088382720947266e+00
2.501454000000000087e+04 4.128138065338134766e+00
2.501462299999999959e+04 4.141746044158935547e+00
2.501470599999999831e+04 4.143342018127441406e+00
2.501478900000000067e+04 4.144403457641601562e+00
2.501487199999999939e+04 4.144106388092041016e+00
2.501495500000000175e+04 4.128806591033935547e+00
2.501503800000000047e+04 4.108266353607177734e+00
2.501512099999999919e+04 4.085557937622070312e+00
2.501520400000000154e+04 4.066061973571777344e+00
2.501528700000000026e+04 4.046391963958740234e+00
2.501536999999999898e+04 4.025439262390136719e+00
2.501545300000000134e+04 4.026193618774414062e+00
2.501553600000000006e+04 4.129951477050781250e+00
2.501561899999999878e+04 4.142874240875244141e+00
2.501570200000000114e+04 4.144989490509033203e+00
2.501578499999999985e+04 4.146122932434082031e+00
2.501586799999999857e+04 4.145945549011230469e+00
2.501595100000000093e+04 4.129367351531982422e+00
2.501603399999999965e+04 4.107875823974609375e+00
2.501611699999999837e+04 4.086501598358154297e+00
2.501620000000000073e+04 4.066742897033691406e+00
2.501628299999999945e+04 4.049766063690185547e+00
2.501636600000000180e+04 4.029777526855468750e+00
2.501644900000000052e+04 4.028301239013671875e+00
2.501653199999999924e+04 4.131741046905517578e+00
2.501661500000000160e+04 4.145002841949462891e+00
2.501669800000000032e+04 4.146819591522216797e+00
2.501678099999999904e+04 4.148077964782714844e+00
2.501686400000000140e+04 4.148439884185791016e+00
2.501694700000000012e+04 4.131188392639160156e+00
2.501702999999999884e+04 4.110639095306396484e+00
2.501711300000000119e+04 4.091838359832763672e+00
2.501719599999999991e+04 4.071143627166748047e+00
2.501727899999999863e+04 4.051150321960449219e+00
2.501736200000000099e+04 4.028602600097656250e+00
2.501744499999999971e+04 4.030228137969970703e+00
2.501752799999999843e+04 4.130088806152343750e+00
2.501761100000000079e+04 4.146211624145507812e+00
2.501769399999999951e+04 4.148577690124511719e+00
2.501777699999999822e+04 4.150125980377197266e+00
2.501786000000000058e+04 4.150389671325683594e+00
2.501794299999999930e+04 4.133064746856689453e+00
2.501802600000000166e+04 4.112532138824462891e+00
2.501810900000000038e+04 4.093728065490722656e+00
2.501819199999999910e+04 4.073024272918701172e+00
2.501827500000000146e+04 4.051612854003906250e+00
2.501835800000000017e+04 4.031676292419433594e+00
2.501844099999999889e+04 4.021687507629394531e+00
2.501852400000000125e+04 4.122709274291992188e+00
2.501860699999999997e+04 4.146561622619628906e+00
2.501868999999999869e+04 4.150141239166259766e+00
2.501877300000000105e+04 4.151608467102050781e+00
2.501885599999999977e+04 4.152053356170654297e+00
2.501893899999999849e+04 4.135770320892333984e+00
2.501902200000000084e+04 4.117763042449951172e+00
2.501910499999999956e+04 4.096118927001953125e+00
2.501918799999999828e+04 4.073735237121582031e+00
2.501927100000000064e+04 4.053161621093750000e+00
2.501935399999999936e+04 4.035356044769287109e+00
2.501943700000000172e+04 4.023862361907958984e+00
2.501952000000000044e+04 4.124579429626464844e+00
2.501960299999999916e+04 4.149048328399658203e+00
2.501968600000000151e+04 4.152121543884277344e+00
2.501976900000000023e+04 4.153474330902099609e+00
2.501985199999999895e+04 4.153889656066894531e+00
2.501993500000000131e+04 4.136596679687500000e+00
