2.500009800000000178e+04 6.667199096679687500e+02
2.500018100000000049e+04 6.667257690429687500e+02
2.500026399999999921e+04 6.667331542968750000e+02
2.500034700000000157e+04 6.667406005859375000e+02
2.500043000000000029e+04 6.667460327148437500e+02
2.500051299999999901e+04 6.667351074218750000e+02
2.500059600000000137e+04 6.667112426757812500e+02
2.500067900000000009e+04 6.666690673828125000e+02
2.500076199999999881e+04 6.666964721679687500e+02
2.500084500000000116e+04 6.667017822265625000e+02
2.500092799999999988e+04 6.667059936523437500e+02
2.500101099999999860e+04 6.667109375000000000e+02
2.500109400000000096e+04 6.667159423828125000e+02
2.500117699999999968e+04 6.667214965820312500e+02
2.500125999999999840e+04 6.667286987304687500e+02
2.500134300000000076e+04 6.667366943359375000e+02
2.500142599999999948e+04 6.667420654296875000e+02
2.500150899999999820e+04 6.667335815429687500e+02
2.500159200000000055e+04 6.667041015625000000e+02
2.500167499999999927e+04 6.666621093750000000e+02
2.500175800000000163e+04 6.666800537109375000e+02
2.500184100000000035e+04 6.666851806640625000e+02
2.500192399999999907e+04 6.666894531250000000e+02
2.500200700000000143e+04 6.666943969726562500e+02
2.500209000000000015e+04 6.666994018554687500e+02
2.500217299999999886e+04 6.667049560546875000e+02
2.500225600000000122e+04 6.667121582031250000e+02
2.500233899999999994e+04 6.667200927734375000e+02
2.500242199999999866e+04 6.667255249023437500e+02
2.500250500000000102e+04 6.667169799804687500e+02
2.500258799999999974e+04 6.666853027343750000e+02
2.500267099999999846e+04 6.666430664062500000e+02
2.500275400000000081e+04 6.666598510742187500e+02
2.500283699999999953e+04 6.666651000976562500e+02
2.500291999999999825e+04 6.666693115234375000e+02
2.500300300000000061e+04 6.666742553710937500e+02
2.500308599999999933e+04 6.666792602539062500e+02
2.500316900000000169e+04 6.666848144531250000e+02
2.500325200000000041e+04 6.666920166015625000e+02
2.500333499999999913e+04 6.667000122070312500e+02
2.500341800000000148e+04 6.667053833007812500e+02
2.500350100000000020e+04 6.666968994140625000e+02
2.500358399999999892e+04 6.666661376953125000e+02
2.500366700000000128e+04 6.666238403320312500e+02
2.500375000000000000e+04 6.666411132812500000e+02
2.500383299999999872e+04 6.666463623046875000e+02
2.500391600000000108e+04 6.666505737304687500e+02
2.500399899999999980e+04 6.666555175781250000e+02
2.500408199999999852e+04 6.666605224609375000e+02
2.500416500000000087e+04 6.666659545898437500e+02
2.500424799999999959e+04 6.666731567382812500e+02
2.500433099999999831e+04 6.666811523437500000e+02
2.500441400000000067e+04 6.666865844726562500e+02
2.500449699999999939e+04 6.666780395507812500e+02
2.500458000000000175e+04 6.666470947265625000e+02
2.500466300000000047e+04 6.665999145507812500e+02
2.500474599999999919e+04 6.666110839843750000e+02
2.500482900000000154e+04 6.666147460937500000e+02
2.500491200000000026e+04 6.666188964843750000e+02
2.500499499999999898e+04 6.666237182617187500e+02
2.500507800000000134e+04 6.666287231445312500e+02
2.500516100000000006e+04 6.666341552734375000e+02
2.500524399999999878e+04 6.666409912109375000e+02
2.500532700000000114e+04 6.666488037109375000e+02
2.500540999999999985e+04 6.666547241210937500e+02
2.500549299999999857e+04 6.666489257812500000e+02
2.500557600000000093e+04 6.666174316406250000e+02
2.500565899999999965e+04 6.665709228515625000e+02
2.500574199999999837e+04 6.665772705078125000e+02
2.500582500000000073e+04 6.665816040039062500e+02
2.500590799999999945e+04 6.665859985351562500e+02
2.500599100000000180e+04 6.665907592773437500e+02
2.500607400000000052e+04 6.665957641601562500e+02
2.500615699999999924e+04 6.666011962890625000e+02
2.500624000000000160e+04 6.666079711914062500e+02
2.500632300000000032e+04 6.666157836914062500e+02
2.500640599999999904e+04 6.666217041015625000e+02
2.500648900000000140e+04 6.666159057617187500e+02
2.500657200000000012e+04 6.665844726562500000e+02
2.500665499999999884e+04 6.665379638671875000e+02
2.500673800000000119e+04 6.665441894531250000e+02
2.500682099999999991e+04 6.665479125976562500e+02
2.500690399999999863e+04 6.665516967773437500e+02
2.500698700000000099e+04 6.665559082031250000e+02
2.500706999999999971e+04 6.665604248046875000e+02
2.500715299999999843e+04 6.665656127929687500e+02
2.500723600000000079e+04 6.665723266601562500e+02
2.500731899999999951e+04 6.665801391601562500e+02
2.500740199999999822e+04 6.665860595703125000e+02
2.500748500000000058e+04 6.665802001953125000e+02
2.500756799999999930e+04 6.665487060546875000e+02
2.500765100000000166e+04 6.665022583007812500e+02
2.500773400000000038e+04 6.665086059570312500e+02
2.500781699999999910e+04 6.665123291015625000e+02
2.500790000000000146e+04 6.665161132812500000e+02
2.500798300000000017e+04 6.665203247070312500e+02
2.500806599999999889e+04 6.665249633789062500e+02
2.500814900000000125e+04 6.665300903320312500e+02
2.500823199999999997e+04 6.665364379882812500e+02
2.500831499999999869e+04 6.665438842773437500e+02
2.500839800000000105e+04 6.665493164062500000e+02
2.500848099999999977e+04 6.665429687500000000e+02
2.500856399999999849e+04 6.665118408203125000e+02
2.500864700000000084e+04 6.664601440429687500e+02
2.500872999999999956e+04 6.664588623046875000e+02
2.500881299999999828e+04 6.664624023437500000e+02
2.500889600000000064e+04 6.664670410156250000e+02
2.500897899999999936e+04 6.664716796875000000e+02
2.500906200000000172e+04 6.664766845703125000e+02
2.500914500000000044e+04 6.664819946289062500e+02
2.500922799999999916e+04 6.664884643554687500e+02
2.500931100000000151e+04 6.664960937500000000e+02
2.500939400000000023e+04 6.665025024414062500e+02
2.500947699999999895e+04 6.664995727539062500e+02
2.500956000000000131e+04 6.664721069335937500e+02
2.500964300000000003e+04 6.664238891601562500e+02
2.500972599999999875e+04 6.664161987304687500e+02
2.500980900000000111e+04 6.664217529296875000e+02
2.500989199999999983e+04 6.664263305664062500e+02
2.500997499999999854e+04 6.664309692382812500e+02
2.501005800000000090e+04 6.664359130859375000e+02
2.501014099999999962e+04 6.664412231445312500e+02
2.501022399999999834e+04 6.664477539062500000e+02
2.501030700000000070e+04 6.664553833007812500e+02
2.501038999999999942e+04 6.664617919921875000e+02
2.501047300000000178e+04 6.664588623046875000e+02
2.501055600000000049e+04 6.664313964843750000e+02
2.501063899999999921e+04 6.663833618164062500e+02
2.501072200000000157e+04 6.663756103515625000e+02
2.501080500000000029e+04 6.663811035156250000e+02
2.501088799999999901e+04 6.663857421875000000e+02
2.501097100000000137e+04 6.663903808593750000e+02
2.501105400000000009e+04 6.663953857421875000e+02
2.501113699999999881e+04 6.664006958007812500e+02
2.501122000000000116e+04 6.664071655273437500e+02
2.501130299999999988e+04 6.664148559570312500e+02
2.501138599999999860e+04 6.664212036132812500e+02
2.501146900000000096e+04 6.664182739257812500e+02
2.501155199999999968e+04 6.663910522460937500e+02
2.501163499999999840e+04 6.663429565429687500e+02
2.501171800000000076e+04 6.663355712890625000e+02
2.501180099999999948e+04 6.663410644531250000e+02
2.501188399999999820e+04 6.663457031250000000e+02
2.501196700000000055e+04 6.663504028320312500e+02
2.501204999999999927e+04 6.663553466796875000e+02
2.501213300000000163e+04 6.663605346679687500e+02
2.501221600000000035e+04 6.663670654296875000e+02
2.501229899999999907e+04 6.663747558593750000e+02
2.501238200000000143e+04 6.663811645507812500e+02
2.501246500000000015e+04 6.663781738281250000e+02
2.501254799999999886e+04 6.663503417968750000e+02
2.501263100000000122e+04 6.663023071289062500e+02
2.501271399999999994e+04 6.662859497070312500e+02
2.501279699999999866e+04 6.662916259765625000e+02
2.501288000000000102e+04 6.662964477539062500e+02
2.501296299999999974e+04 6.663009643554687500e+02
2.501304599999999846e+04 6.663059692382812500e+02
2.501312900000000081e+04 6.663112182617187500e+02
2.501321199999999953e+04 6.663177490234375000e+02
2.501329499999999825e+04 6.663252563476562500e+02
2.501337800000000061e+04 6.663321533203125000e+02
2.501346099999999933e+04 6.663320312500000000e+02
2.501354400000000169e+04 6.663061523437500000e+02
2.501362700000000041e+04 6.662609863281250000e+02
2.501370999999999913e+04 6.662348022460937500e+02
2.501379300000000148e+04 6.662464599609375000e+02
2.501387600000000020e+04 6.662512817382812500e+02
2.501395899999999892e+04 6.662557983398437500e+02
2.501404200000000128e+04 6.662608032226562500e+02
2.501412500000000000e+04 6.662660522460937500e+02
2.501420799999999872e+04 6.662722778320312500e+02
2.501429100000000108e+04 6.662797851562500000e+02
2.501437399999999980e+04 6.662868041992187500e+02
2.501445699999999852e+04 6.662866210937500000e+02
2.501454000000000087e+04 6.662604980468750000e+02
2.501462299999999959e+04 6.662157592773437500e+02
2.501470599999999831e+04 6.661893920898437500e+02
2.501478900000000067e+04 6.662012939453125000e+02
2.501487199999999939e+04 6.662061767578125000e+02
2.501495500000000175e+04 6.662106933593750000e+02
2.501503800000000047e+04 6.662156982421875000e+02
2.501512099999999919e+04 6.662209472656250000e+02
2.501520400000000154e+04 6.662271728515625000e+02
2.501528700000000026e+04 6.662347412109375000e+02
2.501536999999999898e+04 6.662417602539062500e+02
2.501545300000000134e+04 6.662415771484375000e+02
2.501553600000000006e+04 6.662153930664062500e+02
2.501561899999999878e+04 6.661709594726562500e+02
2.501570200000000114e+04 6.661445312500000000e+02
2.501578499999999985e+04 6.661566162109375000e+02
2.501586799999999857e+04 6.661616210937500000e+02
2.501595100000000093e+04 6.661661376953125000e+02
2.501603399999999965e+04 6.661712036132812500e+02
2.501611699999999837e+04 6.661763916015625000e+02
2.501620000000000073e+04 6.661826171875000000e+02
2.501628299999999945e+04 6.661901855468750000e+02
2.501636600000000180e+04 6.661972045898437500e+02
2.501644900000000052e+04 6.661970825195312500e+02
2.501653199999999924e+04 6.661709594726562500e+02
2.501661500000000160e+04 6.661260986328125000e+02
2.501669800000000032e+04 6.660916748046875000e+02
2.501678099999999904e+04 6.661055297851562500e+02
2.501686400000000140e+04 6.661104125976562500e+02
2.501694700000000012e+04 6.661148681640625000e+02
2.501702999999999884e+04 6.661199340820312500e+02
2.501711300000000119e+04 6.661251220703125000e+02
2.501719599999999991e+04 6.661314086914062500e+02
2.501727899999999863e+04 6.661388549804687500e+02
2.501736200000000099e+04 6.661458129882812500e+02
2.501744499999999971e+04 6.661484985351562500e+02
2.501752799999999843e+04 6.661244506835937500e+02
2.501761100000000079e+04 6.661256713867187500e+02
2.501769399999999951e+04 6.660840454101562500e+02
2.501777699999999822e+04 6.661162109375000000e+02
2.501786000000000058e+04 6.661213989257812500e+02
2.501794299999999930e+04 6.661257934570312500e+02
2.501802600000000166e+04 6.661308593750000000e+02
2.501810900000000038e+04 6.661360473632812500e+02
2.501819199999999910e+04 6.661420288085937500e+02
2.501827500000000146e+04 6.661494140625000000e+02
2.501835800000000017e+04 6.661569824218750000e+02
2.501844099999999889e+04 6.661596679687500000e+02
2.501852400000000125e+04 6.661405639648437500e+02
2.501860699999999997e+04 6.661331787109375000e+02
2.501868999999999869e+04 6.660968017578125000e+02
2.501877300000000105e+04 6.661239624023437500e+02
2.501885599999999977e+04 6.661290893554687500e+02
2.501893899999999849e+04 6.661335449218750000e+02
2.501902200000000084e+04 6.661386108398437500e+02
2.501910499999999956e+04 6.661437988281250000e+02
2.501918799999999828e+04 6.661497192382812500e+02
2.501927100000000064e+04 6.661571655273437500e+02
2.501935399999999936e+04 6.661646728515625000e+02
2.501943700000000172e+04 6.661673583984375000e+02
2.501952000000000044e+04 6.661478881835937500e+02
2.501960299999999916e+04 6.661434936523437500e+02
2.501968600000000151e+04 6.661069946289062500e+02
2.501976900000000023e+04 6.661362915039062500e+02
2.501985199999999895e+04 6.661414184570312500e+02
2.501993500000000131e+04 6.661458740234375000e+02
