2.500009800000000178e+04 6.456595458984375000e+02
2.500018100000000049e+04 6.456682128906250000e+02
2.500026399999999921e+04 6.456782226562500000e+02
2.500034700000000157e+04 6.456882934570312500e+02
2.500043000000000029e+04 6.456959228515625000e+02
2.500051299999999901e+04 6.456866455078125000e+02
2.500059600000000137e+04 6.456290893554687500e+02
2.500067900000000009e+04 6.455973510742187500e+02
2.500076199999999881e+04 6.456030273437500000e+02
2.500084500000000116e+04 6.456105957031250000e+02
2.500092799999999988e+04 6.456174316406250000e+02
2.500101099999999860e+04 6.456251831054687500e+02
2.500109400000000096e+04 6.456330566406250000e+02
2.500117699999999968e+04 6.456414184570312500e+02
2.500125999999999840e+04 6.456513061523437500e+02
2.500134300000000076e+04 6.456619262695312500e+02
2.500142599999999948e+04 6.456696166992187500e+02
2.500150899999999820e+04 6.456627197265625000e+02
2.500159200000000055e+04 6.456096801757812500e+02
2.500167499999999927e+04 6.455774536132812500e+02
2.500175800000000163e+04 6.455829467773437500e+02
2.500184100000000035e+04 6.455904541015625000e+02
2.500192399999999907e+04 6.455971679687500000e+02
2.500200700000000143e+04 6.456049804687500000e+02
2.500209000000000015e+04 6.456128540039062500e+02
2.500217299999999886e+04 6.456211547851562500e+02
2.500225600000000122e+04 6.456310424804687500e+02
2.500233899999999994e+04 6.456416015625000000e+02
2.500242199999999866e+04 6.456493530273437500e+02
2.500250500000000102e+04 6.456425170898437500e+02
2.500258799999999974e+04 6.455894775390625000e+02
2.500267099999999846e+04 6.455573730468750000e+02
2.500275400000000081e+04 6.455629272460937500e+02
2.500283699999999953e+04 6.455704956054687500e+02
2.500291999999999825e+04 6.455772705078125000e+02
2.500300300000000061e+04 6.455849609375000000e+02
2.500308599999999933e+04 6.455927734375000000e+02
2.500316900000000169e+04 6.456010742187500000e+02
2.500325200000000041e+04 6.456109619140625000e+02
2.500333499999999913e+04 6.456215209960937500e+02
2.500341800000000148e+04 6.456292114257812500e+02
2.500350100000000020e+04 6.456223754882812500e+02
2.500358399999999892e+04 6.455693969726562500e+02
2.500366700000000128e+04 6.455371704101562500e+02
2.500375000000000000e+04 6.455426025390625000e+02
2.500383299999999872e+04 6.455501098632812500e+02
2.500391600000000108e+04 6.455570068359375000e+02
2.500399899999999980e+04 6.455648193359375000e+02
2.500408199999999852e+04 6.455725708007812500e+02
2.500416500000000087e+04 6.455808715820312500e+02
2.500424799999999959e+04 6.455908203125000000e+02
2.500433099999999831e+04 6.456013183593750000e+02
2.500441400000000067e+04 6.456089477539062500e+02
2.500449699999999939e+04 6.456021118164062500e+02
2.500458000000000175e+04 6.455488891601562500e+02
2.500466300000000047e+04 6.455118408203125000e+02
2.500474599999999919e+04 6.455091552734375000e+02
2.500482900000000154e+04 6.455162353515625000e+02
2.500491200000000026e+04 6.455230712890625000e+02
2.500499499999999898e+04 6.455304565429687500e+02
2.500507800000000134e+04 6.455381469726562500e+02
2.500516100000000006e+04 6.455462646484375000e+02
2.500524399999999878e+04 6.455557250976562500e+02
2.500532700000000114e+04 6.455659790039062500e+02
2.500540999999999985e+04 6.455742187500000000e+02
2.500549299999999857e+04 6.455701293945312500e+02
2.500557600000000093e+04 6.455246582031250000e+02
2.500565899999999965e+04 6.454865722656250000e+02
2.500574199999999837e+04 6.454847412109375000e+02
2.500582500000000073e+04 6.454922485351562500e+02
2.500590799999999945e+04 6.454991455078125000e+02
2.500599100000000180e+04 6.455065917968750000e+02
2.500607400000000052e+04 6.455143432617187500e+02
2.500615699999999924e+04 6.455223999023437500e+02
2.500624000000000160e+04 6.455319213867187500e+02
2.500632300000000032e+04 6.455421752929687500e+02
2.500640599999999904e+04 6.455504150390625000e+02
2.500648900000000140e+04 6.455464477539062500e+02
2.500657200000000012e+04 6.455010375976562500e+02
2.500665499999999884e+04 6.454628906250000000e+02
2.500673800000000119e+04 6.454607543945312500e+02
2.500682099999999991e+04 6.454684448242187500e+02
2.500690399999999863e+04 6.454752807617187500e+02
2.500698700000000099e+04 6.454827270507812500e+02
2.500706999999999971e+04 6.454904785156250000e+02
2.500715299999999843e+04 6.454985351562500000e+02
2.500723600000000079e+04 6.455079956054687500e+02
2.500731899999999951e+04 6.455183715820312500e+02
2.500740199999999822e+04 6.455264282226562500e+02
2.500748500000000058e+04 6.455222167968750000e+02
2.500756799999999930e+04 6.454768676757812500e+02
2.500765100000000166e+04 6.454386596679687500e+02
2.500773400000000038e+04 6.454366455078125000e+02
2.500781699999999910e+04 6.454443969726562500e+02
2.500790000000000146e+04 6.454512329101562500e+02
2.500798300000000017e+04 6.454584960937500000e+02
2.500806599999999889e+04 6.454662475585937500e+02
2.500814900000000125e+04 6.454741821289062500e+02
2.500823199999999997e+04 6.454837036132812500e+02
2.500831499999999869e+04 6.454940795898437500e+02
2.500839800000000105e+04 6.455023193359375000e+02
2.500848099999999977e+04 6.454980468750000000e+02
2.500856399999999849e+04 6.454522094726562500e+02
2.500864700000000084e+04 6.454076538085937500e+02
2.500872999999999956e+04 6.453966674804687500e+02
2.500881299999999828e+04 6.454017944335937500e+02
2.500889600000000064e+04 6.454089355468750000e+02
2.500897899999999936e+04 6.454161376953125000e+02
2.500906200000000172e+04 6.454238891601562500e+02
2.500914500000000044e+04 6.454320678710937500e+02
2.500922799999999916e+04 6.454412841796875000e+02
2.500931100000000151e+04 6.454515380859375000e+02
2.500939400000000023e+04 6.454603881835937500e+02
2.500947699999999895e+04 6.454592895507812500e+02
2.500956000000000131e+04 6.454255371093750000e+02
2.500964300000000003e+04 6.453807983398437500e+02
2.500972599999999875e+04 6.453723754882812500e+02
2.500980900000000111e+04 6.453793334960937500e+02
2.500989199999999983e+04 6.453865356445312500e+02
2.500997499999999854e+04 6.453939208984375000e+02
2.501005800000000090e+04 6.454016723632812500e+02
2.501014099999999962e+04 6.454098510742187500e+02
2.501022399999999834e+04 6.454190063476562500e+02
2.501030700000000070e+04 6.454292602539062500e+02
2.501038999999999942e+04 6.454379882812500000e+02
2.501047300000000178e+04 6.454367675781250000e+02
2.501055600000000049e+04 6.454028930664062500e+02
2.501063899999999921e+04 6.453580322265625000e+02
2.501072200000000157e+04 6.453496093750000000e+02
2.501080500000000029e+04 6.453567504882812500e+02
2.501088799999999901e+04 6.453639526367187500e+02
2.501097100000000137e+04 6.453713378906250000e+02
2.501105400000000009e+04 6.453790283203125000e+02
2.501113699999999881e+04 6.453870849609375000e+02
2.501122000000000116e+04 6.453963012695312500e+02
2.501130299999999988e+04 6.454064941406250000e+02
2.501138599999999860e+04 6.454152221679687500e+02
2.501146900000000096e+04 6.454140625000000000e+02
2.501155199999999968e+04 6.453800659179687500e+02
2.501163499999999840e+04 6.453352661132812500e+02
2.501171800000000076e+04 6.453268432617187500e+02
2.501180099999999948e+04 6.453338012695312500e+02
2.501188399999999820e+04 6.453409423828125000e+02
2.501196700000000055e+04 6.453483276367187500e+02
2.501204999999999927e+04 6.453560180664062500e+02
2.501213300000000163e+04 6.453640747070312500e+02
2.501221600000000035e+04 6.453733520507812500e+02
2.501229899999999907e+04 6.453836669921875000e+02
2.501238200000000143e+04 6.453925170898437500e+02
2.501246500000000015e+04 6.453914184570312500e+02
2.501254799999999886e+04 6.453573608398437500e+02
2.501263100000000122e+04 6.453125610351562500e+02
2.501271399999999994e+04 6.452956542968750000e+02
2.501279699999999866e+04 6.453023681640625000e+02
2.501288000000000102e+04 6.453096313476562500e+02
2.501296299999999974e+04 6.453169555664062500e+02
2.501304599999999846e+04 6.453247070312500000e+02
2.501312900000000081e+04 6.453326416015625000e+02
2.501321199999999953e+04 6.453419799804687500e+02
2.501329499999999825e+04 6.453519897460937500e+02
2.501337800000000061e+04 6.453614501953125000e+02
2.501346099999999933e+04 6.453634033203125000e+02
2.501354400000000169e+04 6.453406982421875000e+02
2.501362700000000041e+04 6.452904052734375000e+02
2.501370999999999913e+04 6.452741699218750000e+02
2.501379300000000148e+04 6.452808837890625000e+02
2.501387600000000020e+04 6.452880249023437500e+02
2.501395899999999892e+04 6.452952880859375000e+02
2.501404200000000128e+04 6.453031616210937500e+02
2.501412500000000000e+04 6.453111572265625000e+02
2.501420799999999872e+04 6.453201293945312500e+02
2.501429100000000108e+04 6.453302001953125000e+02
2.501437399999999980e+04 6.453396606445312500e+02
2.501445699999999852e+04 6.453416748046875000e+02
2.501454000000000087e+04 6.453187866210937500e+02
2.501462299999999959e+04 6.452684326171875000e+02
2.501470599999999831e+04 6.452522583007812500e+02
2.501478900000000067e+04 6.452589721679687500e+02
2.501487199999999939e+04 6.452663574218750000e+02
2.501495500000000175e+04 6.452734985351562500e+02
2.501503800000000047e+04 6.452812500000000000e+02
2.501512099999999919e+04 6.452893066406250000e+02
2.501520400000000154e+04 6.452981567382812500e+02
2.501528700000000026e+04 6.453083496093750000e+02
2.501536999999999898e+04 6.453178710937500000e+02
2.501545300000000134e+04 6.453198852539062500e+02
2.501553600000000006e+04 6.452969970703125000e+02
2.501561899999999878e+04 6.452467041015625000e+02
2.501570200000000114e+04 6.452302246093750000e+02
2.501578499999999985e+04 6.452354125976562500e+02
2.501586799999999857e+04 6.452398681640625000e+02
2.501595100000000093e+04 6.452455444335937500e+02
2.501603399999999965e+04 6.452533569335937500e+02
2.501611699999999837e+04 6.452612915039062500e+02
2.501620000000000073e+04 6.452702636718750000e+02
2.501628299999999945e+04 6.452803955078125000e+02
2.501636600000000180e+04 6.452896728515625000e+02
2.501644900000000052e+04 6.452915649414062500e+02
2.501653199999999924e+04 6.452685546875000000e+02
2.501661500000000160e+04 6.452179565429687500e+02
2.501669800000000032e+04 6.451934204101562500e+02
2.501678099999999904e+04 6.451994628906250000e+02
2.501686400000000140e+04 6.452070312500000000e+02
2.501694700000000012e+04 6.452141723632812500e+02
2.501702999999999884e+04 6.452220458984375000e+02
2.501711300000000119e+04 6.452299194335937500e+02
2.501719599999999991e+04 6.452388916015625000e+02
2.501727899999999863e+04 6.452489624023437500e+02
2.501736200000000099e+04 6.452586059570312500e+02
2.501744499999999971e+04 6.452632446289062500e+02
2.501752799999999843e+04 6.452510375976562500e+02
2.501761100000000079e+04 6.451955566406250000e+02
2.501769399999999951e+04 6.451714477539062500e+02
2.501777699999999822e+04 6.451774291992187500e+02
2.501786000000000058e+04 6.451849975585937500e+02
2.501794299999999930e+04 6.451918945312500000e+02
2.501802600000000166e+04 6.451996459960937500e+02
2.501810900000000038e+04 6.452075805664062500e+02
2.501819199999999910e+04 6.452163085937500000e+02
2.501827500000000146e+04 6.452262573242187500e+02
2.501835800000000017e+04 6.452362670898437500e+02
2.501844099999999889e+04 6.452411499023437500e+02
2.501852400000000125e+04 6.452296142578125000e+02
2.501860699999999997e+04 6.451739501953125000e+02
2.501868999999999869e+04 6.451497192382812500e+02
2.501877300000000105e+04 6.451559448242187500e+02
2.501885599999999977e+04 6.451633911132812500e+02
2.501893899999999849e+04 6.451705322265625000e+02
2.501902200000000084e+04 6.451783447265625000e+02
2.501910499999999956e+04 6.451863403320312500e+02
2.501918799999999828e+04 6.451949462890625000e+02
2.501927100000000064e+04 6.452050170898437500e+02
2.501935399999999936e+04 6.452151489257812500e+02
2.501943700000000172e+04 6.452200317382812500e+02
2.501952000000000044e+04 6.452083129882812500e+02
2.501960299999999916e+04 6.451528930664062500e+02
2.501968600000000151e+04 6.451287841796875000e+02
2.501976900000000023e+04 6.451348266601562500e+02
2.501985199999999895e+04 6.451423339843750000e+02
2.501993500000000131e+04 6.451494750976562500e+02
