2.500009800000000178e+04 7.175939941406250000e+02
2.500018100000000049e+04 7.176026611328125000e+02
2.500026399999999921e+04 7.176126708984375000e+02
2.500034700000000157e+04 7.176227416992187500e+02
2.500043000000000029e+04 7.176303710937500000e+02
2.500051299999999901e+04 7.176210937500000000e+02
2.500059600000000137e+04 7.175635375976562500e+02
2.500067900000000009e+04 7.175317993164062500e+02
2.500076199999999881e+04 7.175374755859375000e+02
2.500084500000000116e+04 7.175450439453125000e+02
2.500092799999999988e+04 7.175518798828125000e+02
2.500101099999999860e+04 7.175596313476562500e+02
2.500109400000000096e+04 7.175675048828125000e+02
2.500117699999999968e+04 7.175758666992187500e+02
2.500125999999999840e+04 7.175857543945312500e+02
2.500134300000000076e+04 7.175963745117187500e+02
2.500142599999999948e+04 7.176040649414062500e+02
2.500150899999999820e+04 7.175971679687500000e+02
2.500159200000000055e+04 7.175440673828125000e+02
2.500167499999999927e+04 7.175119018554687500e+02
2.500175800000000163e+04 7.175173950195312500e+02
2.500184100000000035e+04 7.175249023437500000e+02
2.500192399999999907e+04 7.175316162109375000e+02
2.500200700000000143e+04 7.175394287109375000e+02
2.500209000000000015e+04 7.175473022460937500e+02
2.500217299999999886e+04 7.175556030273437500e+02
2.500225600000000122e+04 7.175654907226562500e+02
2.500233899999999994e+04 7.175760498046875000e+02
2.500242199999999866e+04 7.175838012695312500e+02
2.500250500000000102e+04 7.175769042968750000e+02
2.500258799999999974e+04 7.175239257812500000e+02
2.500267099999999846e+04 7.174918212890625000e+02
2.500275400000000081e+04 7.174973754882812500e+02
2.500283699999999953e+04 7.175049438476562500e+02
2.500291999999999825e+04 7.175117187500000000e+02
2.500300300000000061e+04 7.175194091796875000e+02
2.500308599999999933e+04 7.175272216796875000e+02
2.500316900000000169e+04 7.175355224609375000e+02
2.500325200000000041e+04 7.175454101562500000e+02
2.500333499999999913e+04 7.175559692382812500e+02
2.500341800000000148e+04 7.175636596679687500e+02
2.500350100000000020e+04 7.175568237304687500e+02
2.500358399999999892e+04 7.175037841796875000e+02
2.500366700000000128e+04 7.174716186523437500e+02
2.500375000000000000e+04 7.174770507812500000e+02
2.500383299999999872e+04 7.174845581054687500e+02
2.500391600000000108e+04 7.174914550781250000e+02
2.500399899999999980e+04 7.174992675781250000e+02
2.500408199999999852e+04 7.175070190429687500e+02
2.500416500000000087e+04 7.175153198242187500e+02
2.500424799999999959e+04 7.175252685546875000e+02
2.500433099999999831e+04 7.175357666015625000e+02
2.500441400000000067e+04 7.175433959960937500e+02
2.500449699999999939e+04 7.175365600585937500e+02
2.500458000000000175e+04 7.174833374023437500e+02
2.500466300000000047e+04 7.174462890625000000e+02
2.500474599999999919e+04 7.174436035156250000e+02
2.500482900000000154e+04 7.174506835937500000e+02
2.500491200000000026e+04 7.174575195312500000e+02
2.500499499999999898e+04 7.174649047851562500e+02
2.500507800000000134e+04 7.174725952148437500e+02
2.500516100000000006e+04 7.174807128906250000e+02
2.500524399999999878e+04 7.174901123046875000e+02
2.500532700000000114e+04 7.175004272460937500e+02
2.500540999999999985e+04 7.175086059570312500e+02
2.500549299999999857e+04 7.175045776367187500e+02
2.500557600000000093e+04 7.174591064453125000e+02
2.500565899999999965e+04 7.174210205078125000e+02
2.500574199999999837e+04 7.174191894531250000e+02
2.500582500000000073e+04 7.174266967773437500e+02
2.500590799999999945e+04 7.174335937500000000e+02
2.500599100000000180e+04 7.174410400390625000e+02
2.500607400000000052e+04 7.174487915039062500e+02
2.500615699999999924e+04 7.174568481445312500e+02
2.500624000000000160e+04 7.174663085937500000e+02
2.500632300000000032e+04 7.174766235351562500e+02
2.500640599999999904e+04 7.174848632812500000e+02
2.500648900000000140e+04 7.174808959960937500e+02
2.500657200000000012e+04 7.174354858398437500e+02
2.500665499999999884e+04 7.173973388671875000e+02
2.500673800000000119e+04 7.173952026367187500e+02
2.500682099999999991e+04 7.174028320312500000e+02
2.500690399999999863e+04 7.174096679687500000e+02
2.500698700000000099e+04 7.174171752929687500e+02
2.500706999999999971e+04 7.174248657226562500e+02
2.500715299999999843e+04 7.174329223632812500e+02
2.500723600000000079e+04 7.174424438476562500e+02
2.500731899999999951e+04 7.174527587890625000e+02
2.500740199999999822e+04 7.174608764648437500e+02
2.500748500000000058e+04 7.174566040039062500e+02
2.500756799999999930e+04 7.174113159179687500e+02
2.500765100000000166e+04 7.173731079101562500e+02
2.500773400000000038e+04 7.173710937500000000e+02
2.500781699999999910e+04 7.173787841796875000e+02
2.500790000000000146e+04 7.173856201171875000e+02
2.500798300000000017e+04 7.173929443359375000e+02
2.500806599999999889e+04 7.174006958007812500e+02
2.500814900000000125e+04 7.174086303710937500e+02
2.500823199999999997e+04 7.174181518554687500e+02
2.500831499999999869e+04 7.174285278320312500e+02
2.500839800000000105e+04 7.174367675781250000e+02
2.500848099999999977e+04 7.174324951171875000e+02
2.500856399999999849e+04 7.173866577148437500e+02
2.500864700000000084e+04 7.173421020507812500e+02
2.500872999999999956e+04 7.173310546875000000e+02
2.500881299999999828e+04 7.173362426757812500e+02
2.500889600000000064e+04 7.173433837890625000e+02
2.500897899999999936e+04 7.173505859375000000e+02
2.500906200000000172e+04 7.173583374023437500e+02
2.500914500000000044e+04 7.173665161132812500e+02
2.500922799999999916e+04 7.173756713867187500e+02
2.500931100000000151e+04 7.173859863281250000e+02
2.500939400000000023e+04 7.173948364257812500e+02
2.500947699999999895e+04 7.173937377929687500e+02
2.500956000000000131e+04 7.173599853515625000e+02
2.500964300000000003e+04 7.173152465820312500e+02
2.500972599999999875e+04 7.173068237304687500e+02
2.500980900000000111e+04 7.173137817382812500e+02
2.500989199999999983e+04 7.173209228515625000e+02
2.500997499999999854e+04 7.173283081054687500e+02
2.501005800000000090e+04 7.174046630859375000e+02
2.501014099999999962e+04 7.174127807617187500e+02
2.501022399999999834e+04 7.174219970703125000e+02
2.501030700000000070e+04 7.174321899414062500e+02
2.501038999999999942e+04 7.174409790039062500e+02
2.501047300000000178e+04 7.174397583007812500e+02
2.501055600000000049e+04 7.174058837890625000e+02
2.501063899999999921e+04 7.173610229492187500e+02
2.501072200000000157e+04 7.173525390625000000e+02
2.501080500000000029e+04 7.173597412109375000e+02
2.501088799999999901e+04 7.173669433593750000e+02
2.501097100000000137e+04 7.173743286132812500e+02
2.501105400000000009e+04 7.173819580078125000e+02
2.501113699999999881e+04 7.173900756835937500e+02
2.501122000000000116e+04 7.173992919921875000e+02
2.501130299999999988e+04 7.174094848632812500e+02
2.501138599999999860e+04 7.174182128906250000e+02
2.501146900000000096e+04 7.174170532226562500e+02
2.501155199999999968e+04 7.173830566406250000e+02
2.501163499999999840e+04 7.173382568359375000e+02
2.501171800000000076e+04 7.173297729492187500e+02
2.501180099999999948e+04 7.173367919921875000e+02
2.501188399999999820e+04 7.173439331054687500e+02
2.501196700000000055e+04 7.173513183593750000e+02
2.501204999999999927e+04 7.173590087890625000e+02
2.501213300000000163e+04 7.173670043945312500e+02
2.501221600000000035e+04 7.173763427734375000e+02
2.501229899999999907e+04 7.173865966796875000e+02
2.501238200000000143e+04 7.173954467773437500e+02
2.501246500000000015e+04 7.173943481445312500e+02
2.501254799999999886e+04 7.173603515625000000e+02
2.501263100000000122e+04 7.173155517578125000e+02
2.501271399999999994e+04 7.172986450195312500e+02
2.501279699999999866e+04 7.173052978515625000e+02
2.501288000000000102e+04 7.173126220703125000e+02
2.501296299999999974e+04 7.173198852539062500e+02
2.501304599999999846e+04 7.173276367187500000e+02
2.501312900000000081e+04 7.173356323242187500e+02
2.501321199999999953e+04 7.173449707031250000e+02
2.501329499999999825e+04 7.173549804687500000e+02
2.501337800000000061e+04 7.173643798828125000e+02
2.501346099999999933e+04 7.173663940429687500e+02
2.501354400000000169e+04 7.173436889648437500e+02
2.501362700000000041e+04 7.172933959960937500e+02
2.501370999999999913e+04 7.172771606445312500e+02
2.501379300000000148e+04 7.172838745117187500e+02
2.501387600000000020e+04 7.172910156250000000e+02
2.501395899999999892e+04 7.172982788085937500e+02
2.501404200000000128e+04 7.173060913085937500e+02
2.501412500000000000e+04 7.173140869140625000e+02
2.501420799999999872e+04 7.173230590820312500e+02
2.501429100000000108e+04 7.173331909179687500e+02
2.501437399999999980e+04 7.173425903320312500e+02
2.501445699999999852e+04 7.173446044921875000e+02
2.501454000000000087e+04 7.173217773437500000e+02
2.501462299999999959e+04 7.172714233398437500e+02
2.501470599999999831e+04 7.172552490234375000e+02
2.501478900000000067e+04 7.172619628906250000e+02
2.501487199999999939e+04 7.172693481445312500e+02
2.501495500000000175e+04 7.172764892578125000e+02
2.501503800000000047e+04 7.172841796875000000e+02
2.501512099999999919e+04 7.172922363281250000e+02
2.501520400000000154e+04 7.173011474609375000e+02
2.501528700000000026e+04 7.173113403320312500e+02
2.501536999999999898e+04 7.173208618164062500e+02
2.501545300000000134e+04 7.173228759765625000e+02
2.501553600000000006e+04 7.172999267578125000e+02
2.501561899999999878e+04 7.172496337890625000e+02
2.501570200000000114e+04 7.172332153320312500e+02
2.501578499999999985e+04 7.172384033203125000e+02
2.501586799999999857e+04 7.172428588867187500e+02
2.501595100000000093e+04 7.172484741210937500e+02
2.501603399999999965e+04 7.172563476562500000e+02
2.501611699999999837e+04 7.172642822265625000e+02
2.501620000000000073e+04 7.172732543945312500e+02
2.501628299999999945e+04 7.172833251953125000e+02
2.501636600000000180e+04 7.172926635742187500e+02
2.501644900000000052e+04 7.172945556640625000e+02
2.501653199999999924e+04 7.172715454101562500e+02
2.501661500000000160e+04 7.172209472656250000e+02
2.501669800000000032e+04 7.171964111328125000e+02
2.501678099999999904e+04 7.172024536132812500e+02
2.501686400000000140e+04 7.172100219726562500e+02
2.501694700000000012e+04 7.172171630859375000e+02
2.501702999999999884e+04 7.172249755859375000e+02
2.501711300000000119e+04 7.172328491210937500e+02
2.501719599999999991e+04 7.172418823242187500e+02
2.501727899999999863e+04 7.172519531250000000e+02
2.501736200000000099e+04 7.172615356445312500e+02
2.501744499999999971e+04 7.172661743164062500e+02
2.501752799999999843e+04 7.172539672851562500e+02
2.501761100000000079e+04 7.171985473632812500e+02
2.501769399999999951e+04 7.171743774414062500e+02
2.501777699999999822e+04 7.171804199218750000e+02
2.501786000000000058e+04 7.171879882812500000e+02
2.501794299999999930e+04 7.171948852539062500e+02
2.501802600000000166e+04 7.172025756835937500e+02
2.501810900000000038e+04 7.172105102539062500e+02
2.501819199999999910e+04 7.172192993164062500e+02
2.501827500000000146e+04 7.172292480468750000e+02
2.501835800000000017e+04 7.172392578125000000e+02
2.501844099999999889e+04 7.172441406250000000e+02
2.501852400000000125e+04 7.172326049804687500e+02
2.501860699999999997e+04 7.171768798828125000e+02
2.501868999999999869e+04 7.171527099609375000e+02
2.501877300000000105e+04 7.171588745117187500e+02
2.501885599999999977e+04 7.171663818359375000e+02
2.501893899999999849e+04 7.171734619140625000e+02
2.501902200000000084e+04 7.171813354492187500e+02
2.501910499999999956e+04 7.171892700195312500e+02
2.501918799999999828e+04 7.171979370117187500e+02
2.501927100000000064e+04 7.172080078125000000e+02
2.501935399999999936e+04 7.172181396484375000e+02
2.501943700000000172e+04 7.172230224609375000e+02
2.501952000000000044e+04 7.172113037109375000e+02
2.501960299999999916e+04 7.171558837890625000e+02
2.501968600000000151e+04 7.171317749023437500e+02
2.501976900000000023e+04 7.171377563476562500e+02
2.501985199999999895e+04 7.171453247070312500e+02
2.501993500000000131e+04 7.171524658203125000e+02
