2.500009800000000178e+04 7.328590087890625000e+02
2.500018100000000049e+04 7.328648681640625000e+02
2.500026399999999921e+04 7.328722534179687500e+02
2.500034700000000157e+04 7.328796997070312500e+02
2.500043000000000029e+04 7.328851318359375000e+02
2.500051299999999901e+04 7.328742065429687500e+02
2.500059600000000137e+04 7.328503417968750000e+02
2.500067900000000009e+04 7.328081665039062500e+02
2.500076199999999881e+04 7.328355712890625000e+02
2.500084500000000116e+04 7.328408813476562500e+02
2.500092799999999988e+04 7.328450927734375000e+02
2.500101099999999860e+04 7.328500366210937500e+02
2.500109400000000096e+04 7.328550415039062500e+02
2.500117699999999968e+04 7.328605957031250000e+02
2.500125999999999840e+04 7.328677978515625000e+02
2.500134300000000076e+04 7.328757934570312500e+02
2.500142599999999948e+04 7.328812255859375000e+02
2.500150899999999820e+04 7.328726806640625000e+02
2.500159200000000055e+04 7.328432006835937500e+02
2.500167499999999927e+04 7.328012084960937500e+02
2.500175800000000163e+04 7.328191528320312500e+02
2.500184100000000035e+04 7.328242797851562500e+02
2.500192399999999907e+04 7.328285522460937500e+02
2.500200700000000143e+04 7.328334960937500000e+02
2.500209000000000015e+04 7.328385009765625000e+02
2.500217299999999886e+04 7.328440551757812500e+02
2.500225600000000122e+04 7.328512573242187500e+02
2.500233899999999994e+04 7.328592529296875000e+02
2.500242199999999866e+04 7.328646240234375000e+02
2.500250500000000102e+04 7.328560791015625000e+02
2.500258799999999974e+04 7.328244018554687500e+02
2.500267099999999846e+04 7.327821655273437500e+02
2.500275400000000081e+04 7.327989501953125000e+02
2.500283699999999953e+04 7.328041992187500000e+02
2.500291999999999825e+04 7.328084106445312500e+02
2.500300300000000061e+04 7.328133544921875000e+02
2.500308599999999933e+04 7.328183593750000000e+02
2.500316900000000169e+04 7.328239135742187500e+02
2.500325200000000041e+04 7.328311157226562500e+02
2.500333499999999913e+04 7.328391113281250000e+02
2.500341800000000148e+04 7.328444824218750000e+02
2.500350100000000020e+04 7.328359985351562500e+02
2.500358399999999892e+04 7.328052368164062500e+02
2.500366700000000128e+04 7.327629394531250000e+02
2.500375000000000000e+04 7.327802124023437500e+02
2.500383299999999872e+04 7.327854614257812500e+02
2.500391600000000108e+04 7.327896728515625000e+02
2.500399899999999980e+04 7.327946166992187500e+02
2.500408199999999852e+04 7.327996215820312500e+02
2.500416500000000087e+04 7.328050537109375000e+02
2.500424799999999959e+04 7.328122558593750000e+02
2.500433099999999831e+04 7.328202514648437500e+02
2.500441400000000067e+04 7.328256835937500000e+02
2.500449699999999939e+04 7.328171386718750000e+02
2.500458000000000175e+04 7.327861938476562500e+02
2.500466300000000047e+04 7.327390136718750000e+02
2.500474599999999919e+04 7.327501831054687500e+02
2.500482900000000154e+04 7.327538452148437500e+02
2.500491200000000026e+04 7.327580566406250000e+02
2.500499499999999898e+04 7.327628173828125000e+02
2.500507800000000134e+04 7.327678222656250000e+02
2.500516100000000006e+04 7.327732543945312500e+02
2.500524399999999878e+04 7.327800903320312500e+02
2.500532700000000114e+04 7.327879028320312500e+02
2.500540999999999985e+04 7.327938232421875000e+02
2.500549299999999857e+04 7.327880249023437500e+02
2.500557600000000093e+04 7.327565307617187500e+02
2.500565899999999965e+04 7.327100219726562500e+02
2.500574199999999837e+04 7.327163696289062500e+02
2.500582500000000073e+04 7.327207031250000000e+02
2.500590799999999945e+04 7.327250976562500000e+02
2.500599100000000180e+04 7.327298583984375000e+02
2.500607400000000052e+04 7.327348632812500000e+02
2.500615699999999924e+04 7.327402954101562500e+02
2.500624000000000160e+04 7.327471313476562500e+02
2.500632300000000032e+04 7.327548828125000000e+02
2.500640599999999904e+04 7.327608032226562500e+02
2.500648900000000140e+04 7.327550048828125000e+02
2.500657200000000012e+04 7.327235717773437500e+02
2.500665499999999884e+04 7.326770629882812500e+02
2.500673800000000119e+04 7.326832885742187500e+02
2.500682099999999991e+04 7.326870117187500000e+02
2.500690399999999863e+04 7.326907958984375000e+02
2.500698700000000099e+04 7.326950073242187500e+02
2.500706999999999971e+04 7.326995239257812500e+02
2.500715299999999843e+04 7.327047729492187500e+02
2.500723600000000079e+04 7.327114257812500000e+02
2.500731899999999951e+04 7.327192382812500000e+02
2.500740199999999822e+04 7.327251586914062500e+02
2.500748500000000058e+04 7.327192993164062500e+02
2.500756799999999930e+04 7.326878662109375000e+02
2.500765100000000166e+04 7.326413574218750000e+02
2.500773400000000038e+04 7.326477661132812500e+02
2.500781699999999910e+04 7.326514282226562500e+02
2.500790000000000146e+04 7.326552124023437500e+02
2.500798300000000017e+04 7.326594238281250000e+02
2.500806599999999889e+04 7.326640625000000000e+02
2.500814900000000125e+04 7.326691894531250000e+02
2.500823199999999997e+04 7.326755371093750000e+02
2.500831499999999869e+04 7.326829833984375000e+02
2.500839800000000105e+04 7.326884155273437500e+02
2.500848099999999977e+04 7.326820678710937500e+02
2.500856399999999849e+04 7.326509399414062500e+02
2.500864700000000084e+04 7.325992431640625000e+02
2.500872999999999956e+04 7.325979614257812500e+02
2.500881299999999828e+04 7.326015014648437500e+02
2.500889600000000064e+04 7.326061401367187500e+02
2.500897899999999936e+04 7.326107788085937500e+02
2.500906200000000172e+04 7.326157836914062500e+02
2.500914500000000044e+04 7.326210937500000000e+02
2.500922799999999916e+04 7.326275634765625000e+02
2.500931100000000151e+04 7.326352539062500000e+02
2.500939400000000023e+04 7.326416015625000000e+02
2.500947699999999895e+04 7.326386718750000000e+02
2.500956000000000131e+04 7.326112060546875000e+02
2.500964300000000003e+04 7.325629882812500000e+02
2.500972599999999875e+04 7.325552978515625000e+02
2.500980900000000111e+04 7.325608520507812500e+02
2.500989199999999983e+04 7.325654296875000000e+02
2.500997499999999854e+04 7.325700683593750000e+02
2.501005800000000090e+04 7.326517333984375000e+02
2.501014099999999962e+04 7.326570434570312500e+02
2.501022399999999834e+04 7.326635131835937500e+02
2.501030700000000070e+04 7.326712036132812500e+02
2.501038999999999942e+04 7.326776123046875000e+02
2.501047300000000178e+04 7.326746215820312500e+02
2.501055600000000049e+04 7.326471557617187500e+02
2.501063899999999921e+04 7.325991210937500000e+02
2.501072200000000157e+04 7.325913696289062500e+02
2.501080500000000029e+04 7.325969238281250000e+02
2.501088799999999901e+04 7.326015014648437500e+02
2.501097100000000137e+04 7.326061401367187500e+02
2.501105400000000009e+04 7.326111450195312500e+02
2.501113699999999881e+04 7.326164550781250000e+02
2.501122000000000116e+04 7.326229858398437500e+02
2.501130299999999988e+04 7.326306152343750000e+02
2.501138599999999860e+04 7.326369628906250000e+02
2.501146900000000096e+04 7.326340332031250000e+02
2.501155199999999968e+04 7.326068115234375000e+02
2.501163499999999840e+04 7.325587158203125000e+02
2.501171800000000076e+04 7.325513916015625000e+02
2.501180099999999948e+04 7.325568237304687500e+02
2.501188399999999820e+04 7.325615234375000000e+02
2.501196700000000055e+04 7.325661621093750000e+02
2.501204999999999927e+04 7.325711059570312500e+02
2.501213300000000163e+04 7.325763549804687500e+02
2.501221600000000035e+04 7.325828857421875000e+02
2.501229899999999907e+04 7.325905151367187500e+02
2.501238200000000143e+04 7.325969238281250000e+02
2.501246500000000015e+04 7.325939331054687500e+02
2.501254799999999886e+04 7.325661010742187500e+02
2.501263100000000122e+04 7.325181274414062500e+02
2.501271399999999994e+04 7.325017700195312500e+02
2.501279699999999866e+04 7.325073852539062500e+02
2.501288000000000102e+04 7.325122070312500000e+02
2.501296299999999974e+04 7.325167236328125000e+02
2.501304599999999846e+04 7.325217285156250000e+02
2.501312900000000081e+04 7.325269775390625000e+02
2.501321199999999953e+04 7.325335083007812500e+02
2.501329499999999825e+04 7.325410156250000000e+02
2.501337800000000061e+04 7.325479736328125000e+02
2.501346099999999933e+04 7.325477905273437500e+02
2.501354400000000169e+04 7.325219116210937500e+02
2.501362700000000041e+04 7.324767456054687500e+02
2.501370999999999913e+04 7.324506225585937500e+02
2.501379300000000148e+04 7.324622192382812500e+02
2.501387600000000020e+04 7.324670410156250000e+02
2.501395899999999892e+04 7.324716186523437500e+02
2.501404200000000128e+04 7.324765625000000000e+02
2.501412500000000000e+04 7.324818115234375000e+02
2.501420799999999872e+04 7.324880371093750000e+02
2.501429100000000108e+04 7.324956054687500000e+02
2.501437399999999980e+04 7.325025634765625000e+02
2.501445699999999852e+04 7.325024414062500000e+02
2.501454000000000087e+04 7.324763183593750000e+02
2.501462299999999959e+04 7.324315795898437500e+02
2.501470599999999831e+04 7.324052124023437500e+02
2.501478900000000067e+04 7.324170532226562500e+02
2.501487199999999939e+04 7.324219360351562500e+02
2.501495500000000175e+04 7.324264526367187500e+02
2.501503800000000047e+04 7.324315185546875000e+02
2.501512099999999919e+04 7.324367675781250000e+02
2.501520400000000154e+04 7.324429931640625000e+02
2.501528700000000026e+04 7.324505004882812500e+02
2.501536999999999898e+04 7.324575195312500000e+02
2.501545300000000134e+04 7.324573974609375000e+02
2.501553600000000006e+04 7.324311523437500000e+02
2.501561899999999878e+04 7.323867797851562500e+02
2.501570200000000114e+04 7.323603515625000000e+02
2.501578499999999985e+04 7.323724365234375000e+02
2.501586799999999857e+04 7.323773803710937500e+02
2.501595100000000093e+04 7.323819580078125000e+02
2.501603399999999965e+04 7.323869628906250000e+02
2.501611699999999837e+04 7.323921508789062500e+02
2.501620000000000073e+04 7.323984375000000000e+02
2.501628299999999945e+04 7.324060058593750000e+02
2.501636600000000180e+04 7.324129638671875000e+02
2.501644900000000052e+04 7.324128417968750000e+02
2.501653199999999924e+04 7.323867187500000000e+02
2.501661500000000160e+04 7.323418579101562500e+02
2.501669800000000032e+04 7.323074340820312500e+02
2.501678099999999904e+04 7.323213500976562500e+02
2.501686400000000140e+04 7.323261718750000000e+02
2.501694700000000012e+04 7.323306884765625000e+02
2.501702999999999884e+04 7.323356933593750000e+02
2.501711300000000119e+04 7.323409423828125000e+02
2.501719599999999991e+04 7.323472290039062500e+02
2.501727899999999863e+04 7.323546142578125000e+02
2.501736200000000099e+04 7.323616333007812500e+02
2.501744499999999971e+04 7.323643188476562500e+02
2.501752799999999843e+04 7.323402709960937500e+02
2.501761100000000079e+04 7.323414306640625000e+02
2.501769399999999951e+04 7.322998046875000000e+02
2.501777699999999822e+04 7.323319702148437500e+02
2.501786000000000058e+04 7.323371582031250000e+02
2.501794299999999930e+04 7.323416137695312500e+02
2.501802600000000166e+04 7.323466186523437500e+02
2.501810900000000038e+04 7.323518676757812500e+02
2.501819199999999910e+04 7.323577880859375000e+02
2.501827500000000146e+04 7.323652343750000000e+02
2.501835800000000017e+04 7.323727416992187500e+02
2.501844099999999889e+04 7.323754272460937500e+02
2.501852400000000125e+04 7.323563232421875000e+02
2.501860699999999997e+04 7.323489990234375000e+02
2.501868999999999869e+04 7.323125610351562500e+02
2.501877300000000105e+04 7.323397216796875000e+02
2.501885599999999977e+04 7.323449096679687500e+02
2.501893899999999849e+04 7.323493041992187500e+02
2.501902200000000084e+04 7.323543701171875000e+02
2.501910499999999956e+04 7.323595581054687500e+02
2.501918799999999828e+04 7.323655395507812500e+02
2.501927100000000064e+04 7.323729248046875000e+02
2.501935399999999936e+04 7.323804321289062500e+02
2.501943700000000172e+04 7.323831176757812500e+02
2.501952000000000044e+04 7.323636474609375000e+02
2.501960299999999916e+04 7.323593139648437500e+02
2.501968600000000151e+04 7.323227539062500000e+02
2.501976900000000023e+04 7.323520507812500000e+02
2.501985199999999895e+04 7.323572387695312500e+02
2.501993500000000131e+04 7.323616333007812500e+02
