2.500009800000000178e+04 2.407176256179809570e+00
2.500018100000000049e+04 2.396871566772460938e+00
2.500026399999999921e+04 2.384253263473510742e+00
2.500034700000000157e+04 2.372286796569824219e+00
2.500043000000000029e+04 2.367727518081665039e+00
2.500051299999999901e+04 2.394511938095092773e+00
2.500059600000000137e+04 5.517788696289062500e+01
2.500067900000000009e+04 6.429633617401123047e+00
2.500076199999999881e+04 3.619945144653320312e+01
2.500084500000000116e+04 2.455759763717651367e+00
2.500092799999999988e+04 2.432931184768676758e+00
2.500101099999999860e+04 2.419638156890869141e+00
2.500109400000000096e+04 2.406697750091552734e+00
2.500117699999999968e+04 2.395278692245483398e+00
2.500125999999999840e+04 2.383137226104736328e+00
2.500134300000000076e+04 2.372075080871582031e+00
2.500142599999999948e+04 2.359226465225219727e+00
2.500150899999999820e+04 2.387950897216796875e+00
2.500159200000000055e+04 4.682614135742187500e+01
2.500167499999999927e+04 7.076772689819335938e+00
2.500175800000000163e+04 3.039624595642089844e+01
2.500184100000000035e+04 2.458180189132690430e+00
2.500192399999999907e+04 2.431115627288818359e+00
2.500200700000000143e+04 2.419285297393798828e+00
2.500209000000000015e+04 2.406799316406250000e+00
2.500217299999999886e+04 2.395014524459838867e+00
2.500225600000000122e+04 2.384355545043945312e+00
2.500233899999999994e+04 2.372926950454711914e+00
2.500242199999999866e+04 2.359632730484008789e+00
2.500250500000000102e+04 2.387233734130859375e+00
2.500258799999999974e+04 4.330416870117187500e+01
2.500267099999999846e+04 7.513740539550781250e+00
2.500275400000000081e+04 2.870235824584960938e+01
2.500283699999999953e+04 2.452764272689819336e+00
2.500291999999999825e+04 2.433319091796875000e+00
2.500300300000000061e+04 2.420752286911010742e+00
2.500308599999999933e+04 2.409076690673828125e+00
2.500316900000000169e+04 2.395978212356567383e+00
2.500325200000000041e+04 2.384023666381835938e+00
2.500333499999999913e+04 2.373296737670898438e+00
2.500341800000000148e+04 2.361122369766235352e+00
2.500350100000000020e+04 2.386247634887695312e+00
2.500358399999999892e+04 4.485239028930664062e+01
2.500366700000000128e+04 7.333009719848632812e+00
2.500375000000000000e+04 2.932771301269531250e+01
2.500383299999999872e+04 2.500547409057617188e+00
2.500391600000000108e+04 2.432559490203857422e+00
2.500399899999999980e+04 2.420029163360595703e+00
2.500408199999999852e+04 2.408316135406494141e+00
2.500416500000000087e+04 2.396781682968139648e+00
2.500424799999999959e+04 2.384463310241699219e+00
2.500433099999999831e+04 2.373315572738647461e+00
2.500441400000000067e+04 2.360978364944458008e+00
2.500449699999999939e+04 2.388563156127929688e+00
2.500458000000000175e+04 4.485634994506835938e+01
2.500466300000000047e+04 7.299031734466552734e+00
2.500474599999999919e+04 3.241194152832031250e+01
2.500482900000000154e+04 3.261612653732299805e+00
2.500491200000000026e+04 2.450141906738281250e+00
2.500499499999999898e+04 2.428979396820068359e+00
2.500507800000000134e+04 2.417110204696655273e+00
2.500516100000000006e+04 2.406090736389160156e+00
2.500524399999999878e+04 2.394119262695312500e+00
2.500532700000000114e+04 2.382928609848022461e+00
2.500540999999999985e+04 2.369949817657470703e+00
2.500549299999999857e+04 2.389969825744628906e+00
2.500557600000000093e+04 3.541061401367187500e+01
2.500565899999999965e+04 8.140553474426269531e+00
2.500574199999999837e+04 2.719324684143066406e+01
2.500582500000000073e+04 3.698486566543579102e+00
2.500590799999999945e+04 2.444016695022583008e+00
2.500599100000000180e+04 2.428589820861816406e+00
2.500607400000000052e+04 2.416601181030273438e+00
2.500615699999999924e+04 2.405494451522827148e+00
2.500624000000000160e+04 2.393622398376464844e+00
2.500632300000000032e+04 2.382277250289916992e+00
2.500640599999999904e+04 2.369404077529907227e+00
2.500648900000000140e+04 2.389184951782226562e+00
2.500657200000000012e+04 3.545046997070312500e+01
2.500665499999999884e+04 8.218896865844726562e+00
2.500673800000000119e+04 2.701331520080566406e+01
2.500682099999999991e+04 3.740425586700439453e+00
2.500690399999999863e+04 2.458847999572753906e+00
2.500698700000000099e+04 2.443097114562988281e+00
2.500706999999999971e+04 2.429698467254638672e+00
2.500715299999999843e+04 2.410883426666259766e+00
2.500723600000000079e+04 2.399245023727416992e+00
2.500731899999999951e+04 2.382504224777221680e+00
2.500740199999999822e+04 2.370325803756713867e+00
2.500748500000000058e+04 2.389818906784057617e+00
2.500756799999999930e+04 3.547316360473632812e+01
2.500765100000000166e+04 8.137252807617187500e+00
2.500773400000000038e+04 2.730563163757324219e+01
2.500781699999999910e+04 3.688929319381713867e+00
2.500790000000000146e+04 2.459232807159423828e+00
2.500798300000000017e+04 2.443881511688232422e+00
2.500806599999999889e+04 2.427792310714721680e+00
2.500814900000000125e+04 2.411179780960083008e+00
2.500823199999999997e+04 2.405994892120361328e+00
2.500831499999999869e+04 2.392797946929931641e+00
2.500839800000000105e+04 2.382630825042724609e+00
2.500848099999999977e+04 2.403232812881469727e+00
2.500856399999999849e+04 3.414465332031250000e+01
2.500864700000000084e+04 8.480520248413085938e+00
2.500872999999999956e+04 2.839286422729492188e+01
2.500881299999999828e+04 5.261314392089843750e+00
2.500889600000000064e+04 2.447625160217285156e+00
2.500897899999999936e+04 2.431108474731445312e+00
2.500906200000000172e+04 2.420041084289550781e+00
2.500914500000000044e+04 2.406921386718750000e+00
2.500922799999999916e+04 2.395731925964355469e+00
2.500931100000000151e+04 2.384557008743286133e+00
2.500939400000000023e+04 2.372852563858032227e+00
2.500947699999999895e+04 2.382204532623291016e+00
2.500956000000000131e+04 2.627488517761230469e+01
2.500964300000000003e+04 9.604626655578613281e+00
2.500972599999999875e+04 2.329870223999023438e+01
2.500980900000000111e+04 6.481637477874755859e+00
2.500989199999999983e+04 2.449247360229492188e+00
2.500997499999999854e+04 2.432209968566894531e+00
2.501005800000000090e+04 2.419853687286376953e+00
2.501014099999999962e+04 2.405753612518310547e+00
2.501022399999999834e+04 2.393735170364379883e+00
2.501030700000000070e+04 2.383379220962524414e+00
2.501038999999999942e+04 2.370862007141113281e+00
2.501047300000000178e+04 2.381209850311279297e+00
2.501055600000000049e+04 2.624448776245117188e+01
2.501063899999999921e+04 9.600158691406250000e+00
2.501072200000000157e+04 2.332506561279296875e+01
2.501080500000000029e+04 6.502642154693603516e+00
2.501088799999999901e+04 2.449053525924682617e+00
2.501097100000000137e+04 2.431239843368530273e+00
2.501105400000000009e+04 2.418772220611572266e+00
2.501113699999999881e+04 2.406131029129028320e+00
2.501122000000000116e+04 2.394442558288574219e+00
2.501130299999999988e+04 2.382683992385864258e+00
2.501138599999999860e+04 2.372390985488891602e+00
2.501146900000000096e+04 2.380532503128051758e+00
2.501155199999999968e+04 2.718713378906250000e+01
2.501163499999999840e+04 9.339965820312500000e+00
2.501171800000000076e+04 2.378544807434082031e+01
2.501180099999999948e+04 6.424170017242431641e+00
2.501188399999999820e+04 2.446377992630004883e+00
2.501196700000000055e+04 2.430547237396240234e+00
2.501204999999999927e+04 2.418238878250122070e+00
2.501213300000000163e+04 2.406798839569091797e+00
2.501221600000000035e+04 2.396054029464721680e+00
2.501229899999999907e+04 2.383590221405029297e+00
2.501238200000000143e+04 2.372105836868286133e+00
2.501246500000000015e+04 2.383119583129882812e+00
2.501254799999999886e+04 2.562547874450683594e+01
2.501263100000000122e+04 9.860282897949218750e+00
2.501271399999999994e+04 2.279502868652343750e+01
2.501279699999999866e+04 8.699021339416503906e+00
2.501288000000000102e+04 2.459625959396362305e+00
2.501296299999999974e+04 2.434953212738037109e+00
2.501304599999999846e+04 2.422879934310913086e+00
2.501312900000000081e+04 2.410958051681518555e+00
2.501321199999999953e+04 2.399668455123901367e+00
2.501329499999999825e+04 2.387730836868286133e+00
2.501337800000000061e+04 2.375694274902343750e+00
2.501346099999999933e+04 2.378220558166503906e+00
2.501354400000000169e+04 1.731045532226562500e+01
2.501362700000000041e+04 1.435715770721435547e+01
2.501370999999999913e+04 1.653273010253906250e+01
2.501379300000000148e+04 1.292696762084960938e+01
2.501387600000000020e+04 2.459348678588867188e+00
2.501395899999999892e+04 2.441239118576049805e+00
2.501404200000000128e+04 2.430112600326538086e+00
2.501412500000000000e+04 2.416469335556030273e+00
2.501420799999999872e+04 2.405068397521972656e+00
2.501429100000000108e+04 2.393454551696777344e+00
2.501437399999999980e+04 2.381152868270874023e+00
2.501445699999999852e+04 2.383963346481323242e+00
2.501454000000000087e+04 1.681047821044921875e+01
2.501462299999999959e+04 1.481579303741455078e+01
2.501470599999999831e+04 1.619729995727539062e+01
2.501478900000000067e+04 1.313657665252685547e+01
2.501487199999999939e+04 2.475208520889282227e+00
2.501495500000000175e+04 2.449298858642578125e+00
2.501503800000000047e+04 2.434101104736328125e+00
2.501512099999999919e+04 2.422770261764526367e+00
2.501520400000000154e+04 2.410756349563598633e+00
2.501528700000000026e+04 2.399458646774291992e+00
2.501536999999999898e+04 2.387336015701293945e+00
2.501545300000000134e+04 2.389291524887084961e+00
2.501553600000000006e+04 1.618676757812500000e+01
2.501561899999999878e+04 1.528694152832031250e+01
2.501570200000000114e+04 1.586320304870605469e+01
2.501578499999999985e+04 1.343494224548339844e+01
2.501586799999999857e+04 2.485809803009033203e+00
2.501595100000000093e+04 2.453292131423950195e+00
2.501603399999999965e+04 2.439640283584594727e+00
2.501611699999999837e+04 2.428032875061035156e+00
2.501620000000000073e+04 2.416188955307006836e+00
2.501628299999999945e+04 2.404440402984619141e+00
2.501636600000000180e+04 2.392916917800903320e+00
2.501644900000000052e+04 2.395651817321777344e+00
2.501653199999999924e+04 1.677653312683105469e+01
2.501661500000000160e+04 1.488604831695556641e+01
2.501669800000000032e+04 1.621959304809570312e+01
2.501678099999999904e+04 1.605788612365722656e+01
2.501686400000000140e+04 2.495365142822265625e+00
2.501694700000000012e+04 2.458714246749877930e+00
2.501702999999999884e+04 2.446315050125122070e+00
2.501711300000000119e+04 2.433760166168212891e+00
2.501719599999999991e+04 2.422588825225830078e+00
2.501727899999999863e+04 2.409983158111572266e+00
2.501736200000000099e+04 2.399800539016723633e+00
2.501744499999999971e+04 2.400495290756225586e+00
2.501752799999999843e+04 9.471679687500000000e+00
2.501761100000000079e+04 2.193497085571289062e+01
2.501769399999999951e+04 1.193570709228515625e+01
2.501777699999999822e+04 2.098532676696777344e+01
2.501786000000000058e+04 2.497230052947998047e+00
2.501794299999999930e+04 2.468482971191406250e+00
2.501802600000000166e+04 2.453669548034667969e+00
2.501810900000000038e+04 2.441245079040527344e+00
2.501819199999999910e+04 2.428569793701171875e+00
2.501827500000000146e+04 2.417267560958862305e+00
2.501835800000000017e+04 2.405199050903320312e+00
2.501844099999999889e+04 2.400021791458129883e+00
2.501852400000000125e+04 2.559036016464233398e+00
2.501860699999999997e+04 5.255723190307617188e+01
2.501868999999999869e+04 6.787743568420410156e+00
2.501877300000000105e+04 3.049235725402832031e+01
2.501885599999999977e+04 2.500505685806274414e+00
2.501893899999999849e+04 2.467775344848632812e+00
2.501902200000000084e+04 2.453598976135253906e+00
2.501910499999999956e+04 2.442199945449829102e+00
2.501918799999999828e+04 2.430548191070556641e+00
2.501927100000000064e+04 2.418640613555908203e+00
2.501935399999999936e+04 2.407491683959960938e+00
2.501943700000000172e+04 2.401223421096801758e+00
2.501952000000000044e+04 2.569238424301147461e+00
2.501960299999999916e+04 5.432252502441406250e+01
2.501968600000000151e+04 6.564323425292968750e+00
2.501976900000000023e+04 3.158931541442871094e+01
2.501985199999999895e+04 2.510491847991943359e+00
2.501993500000000131e+04 2.468962907791137695e+00
