2.500009800000000178e+04 1.102930068969726562e+01
2.500018100000000049e+04 1.082013416290283203e+01
2.500026399999999921e+04 1.063459873199462891e+01
2.500034700000000157e+04 1.043802165985107422e+01
2.500043000000000029e+04 1.044256973266601562e+01
2.500051299999999901e+04 1.096358680725097656e+01
2.500059600000000137e+04 1.208183860778808594e+01
2.500067900000000009e+04 1.645063400268554688e+01
2.500076199999999881e+04 1.213623809814453125e+01
2.500084500000000116e+04 1.204113197326660156e+01
2.500092799999999988e+04 1.169814014434814453e+01
2.500101099999999860e+04 1.133852481842041016e+01
2.500109400000000096e+04 1.103186321258544922e+01
2.500117699999999968e+04 1.078921890258789062e+01
2.500125999999999840e+04 1.060027503967285156e+01
2.500134300000000076e+04 1.040889835357666016e+01
2.500142599999999948e+04 1.027758598327636719e+01
2.500150899999999820e+04 1.082650089263916016e+01
2.500159200000000055e+04 1.207428836822509766e+01
2.500167499999999927e+04 1.588920211791992188e+01
2.500175800000000163e+04 1.217744064331054688e+01
2.500184100000000035e+04 1.205302429199218750e+01
2.500192399999999907e+04 1.170809173583984375e+01
2.500200700000000143e+04 1.131690025329589844e+01
2.500209000000000015e+04 1.104369449615478516e+01
2.500217299999999886e+04 1.079912185668945312e+01
2.500225600000000122e+04 1.062057971954345703e+01
2.500233899999999994e+04 1.044059658050537109e+01
2.500242199999999866e+04 1.027276134490966797e+01
2.500250500000000102e+04 1.082177925109863281e+01
2.500258799999999974e+04 1.203394031524658203e+01
2.500267099999999846e+04 1.589173698425292969e+01
2.500275400000000081e+04 1.217042064666748047e+01
2.500283699999999953e+04 1.204619789123535156e+01
2.500291999999999825e+04 1.173113441467285156e+01
2.500300300000000061e+04 1.137740898132324219e+01
2.500308599999999933e+04 1.109267997741699219e+01
2.500316900000000169e+04 1.081262111663818359e+01
2.500325200000000041e+04 1.061786842346191406e+01
2.500333499999999913e+04 1.045241928100585938e+01
2.500341800000000148e+04 1.030273151397705078e+01
2.500350100000000020e+04 1.081398487091064453e+01
2.500358399999999892e+04 1.204225158691406250e+01
2.500366700000000128e+04 1.594627094268798828e+01
2.500375000000000000e+04 1.221391868591308594e+01
2.500383299999999872e+04 1.206335735321044922e+01
2.500391600000000108e+04 1.167705535888671875e+01
2.500399899999999980e+04 1.133601284027099609e+01
2.500408199999999852e+04 1.107137012481689453e+01
2.500416500000000087e+04 1.080281543731689453e+01
2.500424799999999959e+04 1.060318756103515625e+01
2.500433099999999831e+04 1.044722557067871094e+01
2.500441400000000067e+04 1.030875301361083984e+01
2.500449699999999939e+04 1.082597637176513672e+01
2.500458000000000175e+04 1.208881282806396484e+01
2.500466300000000047e+04 1.590321350097656250e+01
2.500474599999999919e+04 1.224025726318359375e+01
2.500482900000000154e+04 1.219353580474853516e+01
2.500491200000000026e+04 1.170559406280517578e+01
2.500499499999999898e+04 1.137986183166503906e+01
2.500507800000000134e+04 1.108543777465820312e+01
2.500516100000000006e+04 1.081799983978271484e+01
2.500524399999999878e+04 1.062727165222167969e+01
2.500532700000000114e+04 1.043770694732666016e+01
2.500540999999999985e+04 1.027754974365234375e+01
2.500549299999999857e+04 1.066683673858642578e+01
2.500557600000000093e+04 1.207407379150390625e+01
2.500565899999999965e+04 1.445563983917236328e+01
2.500574199999999837e+04 1.264391994476318359e+01
2.500582500000000073e+04 1.213606739044189453e+01
2.500590799999999945e+04 1.169444561004638672e+01
2.500599100000000180e+04 1.136885833740234375e+01
2.500607400000000052e+04 1.106730270385742188e+01
2.500615699999999924e+04 1.085930156707763672e+01
2.500624000000000160e+04 1.061725807189941406e+01
2.500632300000000032e+04 1.044186973571777344e+01
2.500640599999999904e+04 1.027236080169677734e+01
2.500648900000000140e+04 1.066032123565673828e+01
2.500657200000000012e+04 1.207898902893066406e+01
2.500665499999999884e+04 1.441429615020751953e+01
2.500673800000000119e+04 1.274074554443359375e+01
2.500682099999999991e+04 1.212279701232910156e+01
2.500690399999999863e+04 1.171733665466308594e+01
2.500698700000000099e+04 1.137822532653808594e+01
2.500706999999999971e+04 1.110080337524414062e+01
2.500715299999999843e+04 1.084379482269287109e+01
2.500723600000000079e+04 1.064277458190917969e+01
2.500731899999999951e+04 1.043630218505859375e+01
2.500740199999999822e+04 1.031521606445312500e+01
2.500748500000000058e+04 1.071968460083007812e+01
2.500756799999999930e+04 1.203953361511230469e+01
2.500765100000000166e+04 1.449716377258300781e+01
2.500773400000000038e+04 1.269349575042724609e+01
2.500781699999999910e+04 1.211853122711181641e+01
2.500790000000000146e+04 1.172000408172607422e+01
2.500798300000000017e+04 1.142313671112060547e+01
2.500806599999999889e+04 1.108358860015869141e+01
2.500814900000000125e+04 1.085223293304443359e+01
2.500823199999999997e+04 1.061838340759277344e+01
2.500831499999999869e+04 1.044090652465820312e+01
2.500839800000000105e+04 1.029384136199951172e+01
2.500848099999999977e+04 1.073897075653076172e+01
2.500856399999999849e+04 1.209941387176513672e+01
2.500864700000000084e+04 1.490829753875732422e+01
2.500872999999999956e+04 1.396675586700439453e+01
2.500881299999999828e+04 1.249152088165283203e+01
2.500889600000000064e+04 1.187368106842041016e+01
2.500897899999999936e+04 1.157119941711425781e+01
2.500906200000000172e+04 1.124566364288330078e+01
2.500914500000000044e+04 1.094059753417968750e+01
2.500922799999999916e+04 1.075238990783691406e+01
2.500931100000000151e+04 1.056763362884521484e+01
2.500939400000000023e+04 1.040044498443603516e+01
2.500947699999999895e+04 1.065927028656005859e+01
2.500956000000000131e+04 1.203176593780517578e+01
2.500964300000000003e+04 1.275305366516113281e+01
2.500972599999999875e+04 1.471503067016601562e+01
2.500980900000000111e+04 1.220054149627685547e+01
2.500989199999999983e+04 1.187290954589843750e+01
2.500997499999999854e+04 1.154268169403076172e+01
2.501005800000000090e+04 1.122201251983642578e+01
2.501014099999999962e+04 1.093582820892333984e+01
2.501022399999999834e+04 1.073276901245117188e+01
2.501030700000000070e+04 1.057612133026123047e+01
2.501038999999999942e+04 1.041988372802734375e+01
2.501047300000000178e+04 1.067829418182373047e+01
2.501055600000000049e+04 1.203638172149658203e+01
2.501063899999999921e+04 1.273353862762451172e+01
2.501072200000000157e+04 1.473333263397216797e+01
2.501080500000000029e+04 1.216395664215087891e+01
2.501088799999999901e+04 1.185372352600097656e+01
2.501097100000000137e+04 1.152889633178710938e+01
2.501105400000000009e+04 1.125769329071044922e+01
2.501113699999999881e+04 1.095065021514892578e+01
2.501122000000000116e+04 1.073872756958007812e+01
2.501130299999999988e+04 1.057620525360107422e+01
2.501138599999999860e+04 1.043341732025146484e+01
2.501146900000000096e+04 1.068004703521728516e+01
2.501155199999999968e+04 1.208980655670166016e+01
2.501163499999999840e+04 1.272756195068359375e+01
2.501171800000000076e+04 1.472937870025634766e+01
2.501180099999999948e+04 1.224283123016357422e+01
2.501188399999999820e+04 1.186004257202148438e+01
2.501196700000000055e+04 1.152986621856689453e+01
2.501204999999999927e+04 1.123225498199462891e+01
2.501213300000000163e+04 1.095434761047363281e+01
2.501221600000000035e+04 1.075186634063720703e+01
2.501229899999999907e+04 1.055619525909423828e+01
2.501238200000000143e+04 1.041354465484619141e+01
2.501246500000000015e+04 1.068344974517822266e+01
2.501254799999999886e+04 1.205969238281250000e+01
2.501263100000000122e+04 1.274918746948242188e+01
2.501271399999999994e+04 1.479623985290527344e+01
2.501279699999999866e+04 1.219399070739746094e+01
2.501288000000000102e+04 1.199136066436767578e+01
2.501296299999999974e+04 1.163694286346435547e+01
2.501304599999999846e+04 1.134346866607666016e+01
2.501312900000000081e+04 1.106247806549072266e+01
2.501321199999999953e+04 1.082443141937255859e+01
2.501329499999999825e+04 1.066697978973388672e+01
2.501337800000000061e+04 1.047352504730224609e+01
2.501346099999999933e+04 1.057396602630615234e+01
2.501354400000000169e+04 1.199430656433105469e+01
2.501362700000000041e+04 1.232708454132080078e+01
2.501370999999999913e+04 1.559762477874755859e+01
2.501379300000000148e+04 1.218950653076171875e+01
2.501387600000000020e+04 1.204614925384521484e+01
2.501395899999999892e+04 1.165751934051513672e+01
2.501404200000000128e+04 1.134947967529296875e+01
2.501412500000000000e+04 1.106567096710205078e+01
2.501420799999999872e+04 1.083700847625732422e+01
2.501429100000000108e+04 1.066122245788574219e+01
2.501437399999999980e+04 1.048000621795654297e+01
2.501445699999999852e+04 1.057517814636230469e+01
2.501454000000000087e+04 1.196530437469482422e+01
2.501462299999999959e+04 1.232812118530273438e+01
2.501470599999999831e+04 1.561489105224609375e+01
2.501478900000000067e+04 1.219726085662841797e+01
2.501487199999999939e+04 1.201526451110839844e+01
2.501495500000000175e+04 1.170722675323486328e+01
2.501503800000000047e+04 1.135406112670898438e+01
2.501512099999999919e+04 1.106825923919677734e+01
2.501520400000000154e+04 1.085187435150146484e+01
2.501528700000000026e+04 1.064736270904541016e+01
2.501536999999999898e+04 1.048391151428222656e+01
2.501545300000000134e+04 1.058291912078857422e+01
2.501553600000000006e+04 1.192487049102783203e+01
2.501561899999999878e+04 1.236152172088623047e+01
2.501570200000000114e+04 1.619604110717773438e+01
2.501578499999999985e+04 1.247343349456787109e+01
2.501586799999999857e+04 1.246626377105712891e+01
2.501595100000000093e+04 1.197827625274658203e+01
2.501603399999999965e+04 1.135372161865234375e+01
2.501611699999999837e+04 1.107539939880371094e+01
2.501620000000000073e+04 1.084107780456542969e+01
2.501628299999999945e+04 1.067162036895751953e+01
2.501636600000000180e+04 1.053211498260498047e+01
2.501644900000000052e+04 1.064098930358886719e+01
2.501653199999999924e+04 1.197517585754394531e+01
2.501661500000000160e+04 1.242784404754638672e+01
2.501669800000000032e+04 1.560614109039306641e+01
2.501678099999999904e+04 1.224528789520263672e+01
2.501686400000000140e+04 1.208373546600341797e+01
2.501694700000000012e+04 1.173307037353515625e+01
2.501702999999999884e+04 1.139939212799072266e+01
2.501711300000000119e+04 1.113584899902343750e+01
2.501719599999999991e+04 1.088290023803710938e+01
2.501727899999999863e+04 1.068432712554931641e+01
2.501736200000000099e+04 1.051359939575195312e+01
2.501744499999999971e+04 1.066422843933105469e+01
2.501752799999999843e+04 1.182568836212158203e+01
2.501761100000000079e+04 1.221402359008789062e+01
2.501769399999999951e+04 1.609412002563476562e+01
2.501777699999999822e+04 1.228329277038574219e+01
2.501786000000000058e+04 1.210204887390136719e+01
2.501794299999999930e+04 1.180941581726074219e+01
2.501802600000000166e+04 1.145396327972412109e+01
2.501810900000000038e+04 1.115993309020996094e+01
2.501819199999999910e+04 1.087926101684570312e+01
2.501827500000000146e+04 1.073007678985595703e+01
2.501835800000000017e+04 1.055354690551757812e+01
2.501844099999999889e+04 1.051433467864990234e+01
2.501852400000000125e+04 1.163866329193115234e+01
2.501860699999999997e+04 1.227106571197509766e+01
2.501868999999999869e+04 1.602763366699218750e+01
2.501877300000000105e+04 1.226029396057128906e+01
2.501885599999999977e+04 1.212189769744873047e+01
2.501893899999999849e+04 1.175954532623291016e+01
2.501902200000000084e+04 1.142027854919433594e+01
2.501910499999999956e+04 1.114762687683105469e+01
2.501918799999999828e+04 1.092412471771240234e+01
2.501927100000000064e+04 1.070910644531250000e+01
2.501935399999999936e+04 1.053763294219970703e+01
2.501943700000000172e+04 1.050581359863281250e+01
2.501952000000000044e+04 1.173651409149169922e+01
2.501960299999999916e+04 1.221169471740722656e+01
2.501968600000000151e+04 1.599327278137207031e+01
2.501976900000000023e+04 1.229609012603759766e+01
2.501985199999999895e+04 1.211303806304931641e+01
2.501993500000000131e+04 1.173677349090576172e+01
