2.500009800000000178e+04 6.456196289062500000e+02
2.500018100000000049e+04 6.456289672851562500e+02
2.500026399999999921e+04 6.456397094726562500e+02
2.500034700000000157e+04 6.456503295898437500e+02
2.500043000000000029e+04 6.456586914062500000e+02
2.500051299999999901e+04 6.456503295898437500e+02
2.500059600000000137e+04 6.455936889648437500e+02
2.500067900000000009e+04 6.455587768554687500e+02
2.500076199999999881e+04 6.455652465820312500e+02
2.500084500000000116e+04 6.455737304687500000e+02
2.500092799999999988e+04 6.455812377929687500e+02
2.500101099999999860e+04 6.455897216796875000e+02
2.500109400000000096e+04 6.455982055664062500e+02
2.500117699999999968e+04 6.456072387695312500e+02
2.500125999999999840e+04 6.456177978515625000e+02
2.500134300000000076e+04 6.456290893554687500e+02
2.500142599999999948e+04 6.456375122070312500e+02
2.500150899999999820e+04 6.456314697265625000e+02
2.500159200000000055e+04 6.455793457031250000e+02
2.500167499999999927e+04 6.455447998046875000e+02
2.500175800000000163e+04 6.455513305664062500e+02
2.500184100000000035e+04 6.455597534179687500e+02
2.500192399999999907e+04 6.455673828125000000e+02
2.500200700000000143e+04 6.455759277343750000e+02
2.500209000000000015e+04 6.455844726562500000e+02
2.500217299999999886e+04 6.455933227539062500e+02
2.500225600000000122e+04 6.456038818359375000e+02
2.500233899999999994e+04 6.456151733398437500e+02
2.500242199999999866e+04 6.456236572265625000e+02
2.500250500000000102e+04 6.456176757812500000e+02
2.500258799999999974e+04 6.455653686523437500e+02
2.500267099999999846e+04 6.455305786132812500e+02
2.500275400000000081e+04 6.455368041992187500e+02
2.500283699999999953e+04 6.455450439453125000e+02
2.500291999999999825e+04 6.455527343750000000e+02
2.500300300000000061e+04 6.455610961914062500e+02
2.500308599999999933e+04 6.455697021484375000e+02
2.500316900000000169e+04 6.455786743164062500e+02
2.500325200000000041e+04 6.455893554687500000e+02
2.500333499999999913e+04 6.456004638671875000e+02
2.500341800000000148e+04 6.456089477539062500e+02
2.500350100000000020e+04 6.456029052734375000e+02
2.500358399999999892e+04 6.455505981445312500e+02
2.500366700000000128e+04 6.455158081054687500e+02
2.500375000000000000e+04 6.455221557617187500e+02
2.500383299999999872e+04 6.455303344726562500e+02
2.500391600000000108e+04 6.455379638671875000e+02
2.500399899999999980e+04 6.455465087890625000e+02
2.500408199999999852e+04 6.455550537109375000e+02
2.500416500000000087e+04 6.455639648437500000e+02
2.500424799999999959e+04 6.455746459960937500e+02
2.500433099999999831e+04 6.455858764648437500e+02
2.500441400000000067e+04 6.455942382812500000e+02
2.500449699999999939e+04 6.455882568359375000e+02
2.500458000000000175e+04 6.455359497070312500e+02
2.500466300000000047e+04 6.454963378906250000e+02
2.500474599999999919e+04 6.454947509765625000e+02
2.500482900000000154e+04 6.455020751953125000e+02
2.500491200000000026e+04 6.455090942382812500e+02
2.500499499999999898e+04 6.455173339843750000e+02
2.500507800000000134e+04 6.455256958007812500e+02
2.500516100000000006e+04 6.455345458984375000e+02
2.500524399999999878e+04 6.455446777343750000e+02
2.500532700000000114e+04 6.455556640625000000e+02
2.500540999999999985e+04 6.455646362304687500e+02
2.500549299999999857e+04 6.455614624023437500e+02
2.500557600000000093e+04 6.455167236328125000e+02
2.500565899999999965e+04 6.454770507812500000e+02
2.500574199999999837e+04 6.454750976562500000e+02
2.500582500000000073e+04 6.454835205078125000e+02
2.500590799999999945e+04 6.454911499023437500e+02
2.500599100000000180e+04 6.454993286132812500e+02
2.500607400000000052e+04 6.455075683593750000e+02
2.500615699999999924e+04 6.455163574218750000e+02
2.500624000000000160e+04 6.455265502929687500e+02
2.500632300000000032e+04 6.455375366210937500e+02
2.500640599999999904e+04 6.455462646484375000e+02
2.500648900000000140e+04 6.455429077148437500e+02
2.500657200000000012e+04 6.454984130859375000e+02
2.500665499999999884e+04 6.454586791992187500e+02
2.500673800000000119e+04 6.454569702148437500e+02
2.500682099999999991e+04 6.454655151367187500e+02
2.500690399999999863e+04 6.454731445312500000e+02
2.500698700000000099e+04 6.454813232421875000e+02
2.500706999999999971e+04 6.454896850585937500e+02
2.500715299999999843e+04 6.454984741210937500e+02
2.500723600000000079e+04 6.455085449218750000e+02
2.500731899999999951e+04 6.455195922851562500e+02
2.500740199999999822e+04 6.455284423828125000e+02
2.500748500000000058e+04 6.455252075195312500e+02
2.500756799999999930e+04 6.454805908203125000e+02
2.500765100000000166e+04 6.454408569335937500e+02
2.500773400000000038e+04 6.454390258789062500e+02
2.500781699999999910e+04 6.454475097656250000e+02
2.500790000000000146e+04 6.454552001953125000e+02
2.500798300000000017e+04 6.454633789062500000e+02
2.500806599999999889e+04 6.454716796875000000e+02
2.500814900000000125e+04 6.454802856445312500e+02
2.500823199999999997e+04 6.454904174804687500e+02
2.500831499999999869e+04 6.455014038085937500e+02
2.500839800000000105e+04 6.455103759765625000e+02
2.500848099999999977e+04 6.455072021484375000e+02
2.500856399999999849e+04 6.454625244140625000e+02
2.500864700000000084e+04 6.454176025390625000e+02
2.500872999999999956e+04 6.454075927734375000e+02
2.500881299999999828e+04 6.454156494140625000e+02
2.500889600000000064e+04 6.454235229492187500e+02
2.500897899999999936e+04 6.454316406250000000e+02
2.500906200000000172e+04 6.454400634765625000e+02
2.500914500000000044e+04 6.454487915039062500e+02
2.500922799999999916e+04 6.454586181640625000e+02
2.500931100000000151e+04 6.454694824218750000e+02
2.500939400000000023e+04 6.454790039062500000e+02
2.500947699999999895e+04 6.454786376953125000e+02
2.500956000000000131e+04 6.454455566406250000e+02
2.500964300000000003e+04 6.454009399414062500e+02
2.500972599999999875e+04 6.453909912109375000e+02
2.500980900000000111e+04 6.453989257812500000e+02
2.500989199999999983e+04 6.454068603515625000e+02
2.500997499999999854e+04 6.454147338867187500e+02
2.501005800000000090e+04 6.454230346679687500e+02
2.501014099999999962e+04 6.454317016601562500e+02
2.501022399999999834e+04 6.454415893554687500e+02
2.501030700000000070e+04 6.454525756835937500e+02
2.501038999999999942e+04 6.454620361328125000e+02
2.501047300000000178e+04 6.454617309570312500e+02
2.501055600000000049e+04 6.454287109375000000e+02
2.501063899999999921e+04 6.453839721679687500e+02
2.501072200000000157e+04 6.453737182617187500e+02
2.501080500000000029e+04 6.453817749023437500e+02
2.501088799999999901e+04 6.453896484375000000e+02
2.501097100000000137e+04 6.453976440429687500e+02
2.501105400000000009e+04 6.454060668945312500e+02
2.501113699999999881e+04 6.454148559570312500e+02
2.501122000000000116e+04 6.454246215820312500e+02
2.501130299999999988e+04 6.454355468750000000e+02
2.501138599999999860e+04 6.454450073242187500e+02
2.501146900000000096e+04 6.454447021484375000e+02
2.501155199999999968e+04 6.454113769531250000e+02
2.501163499999999840e+04 6.453667602539062500e+02
2.501171800000000076e+04 6.453562622070312500e+02
2.501180099999999948e+04 6.453630981445312500e+02
2.501188399999999820e+04 6.453709106445312500e+02
2.501196700000000055e+04 6.453790283203125000e+02
2.501204999999999927e+04 6.453873901367187500e+02
2.501213300000000163e+04 6.453959960937500000e+02
2.501221600000000035e+04 6.454058837890625000e+02
2.501229899999999907e+04 6.454168090820312500e+02
2.501238200000000143e+04 6.454262084960937500e+02
2.501246500000000015e+04 6.454258422851562500e+02
2.501254799999999886e+04 6.453926391601562500e+02
2.501263100000000122e+04 6.453479003906250000e+02
2.501271399999999994e+04 6.453295898437500000e+02
2.501279699999999866e+04 6.453370971679687500e+02
2.501288000000000102e+04 6.453452148437500000e+02
2.501296299999999974e+04 6.453532104492187500e+02
2.501304599999999846e+04 6.453616333007812500e+02
2.501312900000000081e+04 6.453703002929687500e+02
2.501321199999999953e+04 6.453802490234375000e+02
2.501329499999999825e+04 6.453910522460937500e+02
2.501337800000000061e+04 6.454011840820312500e+02
2.501346099999999933e+04 6.454038696289062500e+02
2.501354400000000169e+04 6.453820800781250000e+02
2.501362700000000041e+04 6.453322143554687500e+02
2.501370999999999913e+04 6.453128662109375000e+02
2.501379300000000148e+04 6.453186645507812500e+02
2.501387600000000020e+04 6.453267822265625000e+02
2.501395899999999892e+04 6.453346557617187500e+02
2.501404200000000128e+04 6.453430175781250000e+02
2.501412500000000000e+04 6.453516235351562500e+02
2.501420799999999872e+04 6.453612060546875000e+02
2.501429100000000108e+04 6.453720092773437500e+02
2.501437399999999980e+04 6.453822021484375000e+02
2.501445699999999852e+04 6.453848266601562500e+02
2.501454000000000087e+04 6.453627319335937500e+02
2.501462299999999959e+04 6.453129882812500000e+02
2.501470599999999831e+04 6.452946166992187500e+02
2.501478900000000067e+04 6.453020019531250000e+02
2.501487199999999939e+04 6.453100585937500000e+02
2.501495500000000175e+04 6.453179931640625000e+02
2.501503800000000047e+04 6.453264770507812500e+02
2.501512099999999919e+04 6.453350830078125000e+02
2.501520400000000154e+04 6.453447265625000000e+02
2.501528700000000026e+04 6.453554687500000000e+02
2.501536999999999898e+04 6.453654785156250000e+02
2.501545300000000134e+04 6.453681640625000000e+02
2.501553600000000006e+04 6.453460693359375000e+02
2.501561899999999878e+04 6.452963867187500000e+02
2.501570200000000114e+04 6.452778930664062500e+02
2.501578499999999985e+04 6.452853393554687500e+02
2.501586799999999857e+04 6.452934570312500000e+02
2.501595100000000093e+04 6.453013916015625000e+02
2.501603399999999965e+04 6.453099365234375000e+02
2.501611699999999837e+04 6.453185424804687500e+02
2.501620000000000073e+04 6.453281860351562500e+02
2.501628299999999945e+04 6.453389892578125000e+02
2.501636600000000180e+04 6.453491821289062500e+02
2.501644900000000052e+04 6.453517456054687500e+02
2.501653199999999924e+04 6.453294067382812500e+02
2.501661500000000160e+04 6.452795410156250000e+02
2.501669800000000032e+04 6.452528076171875000e+02
2.501678099999999904e+04 6.452598266601562500e+02
2.501686400000000140e+04 6.452681274414062500e+02
2.501694700000000012e+04 6.452759399414062500e+02
2.501702999999999884e+04 6.452843627929687500e+02
2.501711300000000119e+04 6.452929687500000000e+02
2.501719599999999991e+04 6.453026733398437500e+02
2.501727899999999863e+04 6.453132324218750000e+02
2.501736200000000099e+04 6.453234863281250000e+02
2.501744499999999971e+04 6.453287353515625000e+02
2.501752799999999843e+04 6.453172607421875000e+02
2.501761100000000079e+04 6.452625122070312500e+02
2.501769399999999951e+04 6.452358398437500000e+02
2.501777699999999822e+04 6.452426757812500000e+02
2.501786000000000058e+04 6.452509155273437500e+02
2.501794299999999930e+04 6.452587280273437500e+02
2.501802600000000166e+04 6.452672119140625000e+02
2.501810900000000038e+04 6.452758789062500000e+02
2.501819199999999910e+04 6.452850952148437500e+02
2.501827500000000146e+04 6.452956542968750000e+02
2.501835800000000017e+04 6.453063964843750000e+02
2.501844099999999889e+04 6.453117675781250000e+02
2.501852400000000125e+04 6.453009033203125000e+02
2.501860699999999997e+04 6.452462158203125000e+02
2.501868999999999869e+04 6.452196044921875000e+02
2.501877300000000105e+04 6.452265014648437500e+02
2.501885599999999977e+04 6.452344970703125000e+02
2.501893899999999849e+04 6.452423706054687500e+02
2.501902200000000084e+04 6.452507934570312500e+02
2.501910499999999956e+04 6.452594604492187500e+02
2.501918799999999828e+04 6.452687988281250000e+02
2.501927100000000064e+04 6.452794799804687500e+02
2.501935399999999936e+04 6.452902221679687500e+02
2.501943700000000172e+04 6.452957153320312500e+02
2.501952000000000044e+04 6.452849121093750000e+02
2.501960299999999916e+04 6.452302856445312500e+02
2.501968600000000151e+04 6.452036132812500000e+02
2.501976900000000023e+04 6.452098999023437500e+02
2.501985199999999895e+04 6.452172241210937500e+02
2.501993500000000131e+04 6.452243041992187500e+02
