2.500009800000000178e+04 1.453439208984375000e+03
2.500018100000000049e+04 1.453453125000000000e+03
2.500026399999999921e+04 1.453467895507812500e+03
2.500034700000000157e+04 1.453482910156250000e+03
2.500043000000000029e+04 1.453498046875000000e+03
2.500051299999999901e+04 1.453513305664062500e+03
2.500059600000000137e+04 1.453528442382812500e+03
2.500067900000000009e+04 1.453541992187500000e+03
2.500076199999999881e+04 1.453555419921875000e+03
2.500084500000000116e+04 1.453568115234375000e+03
2.500092799999999988e+04 1.453579833984375000e+03
2.500101099999999860e+04 1.453591918945312500e+03
2.500109400000000096e+04 1.453603881835937500e+03
2.500117699999999968e+04 1.453616088867187500e+03
2.500125999999999840e+04 1.453629272460937500e+03
2.500134300000000076e+04 1.453642944335937500e+03
2.500142599999999948e+04 1.453656616210937500e+03
2.500150899999999820e+04 1.453670654296875000e+03
2.500159200000000055e+04 1.453684570312500000e+03
2.500167499999999927e+04 1.453697631835937500e+03
2.500175800000000163e+04 1.453709472656250000e+03
2.500184100000000035e+04 1.453720947265625000e+03
2.500192399999999907e+04 1.453731567382812500e+03
2.500200700000000143e+04 1.453742553710937500e+03
2.500209000000000015e+04 1.453753417968750000e+03
2.500217299999999886e+04 1.453764526367187500e+03
2.500225600000000122e+04 1.453776733398437500e+03
2.500233899999999994e+04 1.453789306640625000e+03
2.500242199999999866e+04 1.453802124023437500e+03
2.500250500000000102e+04 1.453815063476562500e+03
2.500258799999999974e+04 1.453828125000000000e+03
2.500267099999999846e+04 1.453838256835937500e+03
2.500275400000000081e+04 1.453849487304687500e+03
2.500283699999999953e+04 1.453859985351562500e+03
2.500291999999999825e+04 1.453869750976562500e+03
2.500300300000000061e+04 1.453879882812500000e+03
2.500308599999999933e+04 1.453890014648437500e+03
2.500316900000000169e+04 1.453900268554687500e+03
2.500325200000000041e+04 1.453911621093750000e+03
2.500333499999999913e+04 1.453923461914062500e+03
2.500341800000000148e+04 1.453935546875000000e+03
2.500350100000000020e+04 1.453947753906250000e+03
2.500358399999999892e+04 1.453959960937500000e+03
2.500366700000000128e+04 1.453968750000000000e+03
2.500375000000000000e+04 1.453979248046875000e+03
2.500383299999999872e+04 1.453989135742187500e+03
2.500391600000000108e+04 1.453998168945312500e+03
2.500399899999999980e+04 1.454007690429687500e+03
2.500408199999999852e+04 1.454017089843750000e+03
2.500416500000000087e+04 1.454026733398437500e+03
2.500424799999999959e+04 1.454037475585937500e+03
2.500433099999999831e+04 1.454048706054687500e+03
2.500441400000000067e+04 1.454060058593750000e+03
2.500449699999999939e+04 1.454071777343750000e+03
2.500458000000000175e+04 1.454083374023437500e+03
2.500466300000000047e+04 1.454091674804687500e+03
2.500474599999999919e+04 1.454101684570312500e+03
2.500482900000000154e+04 1.454111206054687500e+03
2.500491200000000026e+04 1.454119873046875000e+03
2.500499499999999898e+04 1.454128784179687500e+03
2.500507800000000134e+04 1.454137573242187500e+03
2.500516100000000006e+04 1.454146728515625000e+03
2.500524399999999878e+04 1.454156738281250000e+03
2.500532700000000114e+04 1.454167358398437500e+03
2.500540999999999985e+04 1.454178222656250000e+03
2.500549299999999857e+04 1.454189453125000000e+03
2.500557600000000093e+04 1.454200561523437500e+03
2.500565899999999965e+04 1.454208251953125000e+03
2.500574199999999837e+04 1.454218139648437500e+03
2.500582500000000073e+04 1.454227172851562500e+03
2.500590799999999945e+04 1.454235351562500000e+03
2.500599100000000180e+04 1.454243774414062500e+03
2.500607400000000052e+04 1.454252319335937500e+03
2.500615699999999924e+04 1.454260986328125000e+03
2.500624000000000160e+04 1.454270629882812500e+03
2.500632300000000032e+04 1.454280761718750000e+03
2.500640599999999904e+04 1.454291259765625000e+03
2.500648900000000140e+04 1.454302001953125000e+03
2.500657200000000012e+04 1.454312866210937500e+03
2.500665499999999884e+04 1.454322143554687500e+03
2.500673800000000119e+04 1.454331420898437500e+03
2.500682099999999991e+04 1.454339965820312500e+03
2.500690399999999863e+04 1.454347900390625000e+03
2.500698700000000099e+04 1.454355957031250000e+03
2.500706999999999971e+04 1.454364135742187500e+03
2.500715299999999843e+04 1.454372436523437500e+03
2.500723600000000079e+04 1.454381713867187500e+03
2.500731899999999951e+04 1.454391601562500000e+03
2.500740199999999822e+04 1.454401733398437500e+03
2.500748500000000058e+04 1.454412109375000000e+03
2.500756799999999930e+04 1.454422607421875000e+03
2.500765100000000166e+04 1.454431640625000000e+03
2.500773400000000038e+04 1.454440551757812500e+03
2.500781699999999910e+04 1.454448852539062500e+03
2.500790000000000146e+04 1.454456420898437500e+03
2.500798300000000017e+04 1.454464233398437500e+03
2.500806599999999889e+04 1.454472045898437500e+03
2.500814900000000125e+04 1.454479980468750000e+03
2.500823199999999997e+04 1.454489013671875000e+03
2.500831499999999869e+04 1.454498535156250000e+03
2.500839800000000105e+04 1.454508422851562500e+03
2.500848099999999977e+04 1.454518554687500000e+03
2.500856399999999849e+04 1.454528808593750000e+03
2.500864700000000084e+04 1.454537719726562500e+03
2.500872999999999956e+04 1.454546630859375000e+03
2.500881299999999828e+04 1.454554565429687500e+03
2.500889600000000064e+04 1.454562133789062500e+03
2.500897899999999936e+04 1.454569458007812500e+03
2.500906200000000172e+04 1.454577148437500000e+03
2.500914500000000044e+04 1.454584838867187500e+03
2.500922799999999916e+04 1.454593383789062500e+03
2.500931100000000151e+04 1.454602539062500000e+03
2.500939400000000023e+04 1.454612182617187500e+03
2.500947699999999895e+04 1.454622070312500000e+03
2.500956000000000131e+04 1.454631958007812500e+03
2.500964300000000003e+04 1.454640502929687500e+03
2.500972599999999875e+04 1.454649291992187500e+03
2.500980900000000111e+04 1.454656982421875000e+03
2.500989199999999983e+04 1.454664306640625000e+03
2.500997499999999854e+04 1.454671508789062500e+03
2.501005800000000090e+04 1.454678833007812500e+03
2.501014099999999962e+04 1.454686401367187500e+03
2.501022399999999834e+04 1.454694702148437500e+03
2.501030700000000070e+04 1.454703735351562500e+03
2.501038999999999942e+04 1.454713012695312500e+03
2.501047300000000178e+04 1.454722656250000000e+03
2.501055600000000049e+04 1.454732421875000000e+03
2.501063899999999921e+04 1.454740844726562500e+03
2.501072200000000157e+04 1.454749389648437500e+03
2.501080500000000029e+04 1.454756958007812500e+03
2.501088799999999901e+04 1.454764038085937500e+03
2.501097100000000137e+04 1.454770996093750000e+03
2.501105400000000009e+04 1.454778198242187500e+03
2.501113699999999881e+04 1.454785522460937500e+03
2.501122000000000116e+04 1.454793701171875000e+03
2.501130299999999988e+04 1.454802490234375000e+03
2.501138599999999860e+04 1.454811645507812500e+03
2.501146900000000096e+04 1.454821166992187500e+03
2.501155199999999968e+04 1.454830810546875000e+03
2.501163499999999840e+04 1.454839477539062500e+03
2.501171800000000076e+04 1.454847778320312500e+03
2.501180099999999948e+04 1.454855224609375000e+03
2.501188399999999820e+04 1.454862182617187500e+03
2.501196700000000055e+04 1.454869018554687500e+03
2.501204999999999927e+04 1.454875976562500000e+03
2.501213300000000163e+04 1.454883178710937500e+03
2.501221600000000035e+04 1.454891113281250000e+03
2.501229899999999907e+04 1.454899780273437500e+03
2.501238200000000143e+04 1.454908813476562500e+03
2.501246500000000015e+04 1.454918090820312500e+03
2.501254799999999886e+04 1.454927612304687500e+03
2.501263100000000122e+04 1.454936157226562500e+03
2.501271399999999994e+04 1.454944580078125000e+03
2.501279699999999866e+04 1.454951904296875000e+03
2.501288000000000102e+04 1.454958862304687500e+03
2.501296299999999974e+04 1.454965454101562500e+03
2.501304599999999846e+04 1.454972290039062500e+03
2.501312900000000081e+04 1.454979370117187500e+03
2.501321199999999953e+04 1.454987182617187500e+03
2.501329499999999825e+04 1.454995605468750000e+03
2.501337800000000061e+04 1.455004516601562500e+03
2.501346099999999933e+04 1.455013549804687500e+03
2.501354400000000169e+04 1.455022827148437500e+03
2.501362700000000041e+04 1.455028686523437500e+03
2.501370999999999913e+04 1.455037597656250000e+03
2.501379300000000148e+04 1.455044799804687500e+03
2.501387600000000020e+04 1.455051513671875000e+03
2.501395899999999892e+04 1.455057983398437500e+03
2.501404200000000128e+04 1.455064819335937500e+03
2.501412500000000000e+04 1.455071655273437500e+03
2.501420799999999872e+04 1.455079101562500000e+03
2.501429100000000108e+04 1.455087402343750000e+03
2.501437399999999980e+04 1.455096191406250000e+03
2.501445699999999852e+04 1.455105224609375000e+03
2.501454000000000087e+04 1.455114379882812500e+03
2.501462299999999959e+04 1.455120117187500000e+03
2.501470599999999831e+04 1.455128662109375000e+03
2.501478900000000067e+04 1.455135742187500000e+03
2.501487199999999939e+04 1.455142333984375000e+03
2.501495500000000175e+04 1.455148803710937500e+03
2.501503800000000047e+04 1.455155395507812500e+03
2.501512099999999919e+04 1.455162109375000000e+03
2.501520400000000154e+04 1.455169555664062500e+03
2.501528700000000026e+04 1.455177734375000000e+03
2.501536999999999898e+04 1.455186401367187500e+03
2.501545300000000134e+04 1.455195312500000000e+03
2.501553600000000006e+04 1.455204345703125000e+03
2.501561899999999878e+04 1.455212036132812500e+03
2.501570200000000114e+04 1.455220336914062500e+03
2.501578499999999985e+04 1.455227294921875000e+03
2.501586799999999857e+04 1.455233886718750000e+03
2.501595100000000093e+04 1.455240112304687500e+03
2.501603399999999965e+04 1.455246704101562500e+03
2.501611699999999837e+04 1.455253295898437500e+03
2.501620000000000073e+04 1.455260498046875000e+03
2.501628299999999945e+04 1.455268676757812500e+03
2.501636600000000180e+04 1.455277221679687500e+03
2.501644900000000052e+04 1.455286010742187500e+03
2.501653199999999924e+04 1.455295043945312500e+03
2.501661500000000160e+04 1.455302612304687500e+03
2.501669800000000032e+04 1.455310913085937500e+03
2.501678099999999904e+04 1.455317871093750000e+03
2.501686400000000140e+04 1.455324584960937500e+03
2.501694700000000012e+04 1.455330688476562500e+03
2.501702999999999884e+04 1.455337036132812500e+03
2.501711300000000119e+04 1.455343627929687500e+03
2.501719599999999991e+04 1.455350830078125000e+03
2.501727899999999863e+04 1.455358764648437500e+03
2.501736200000000099e+04 1.455367187500000000e+03
2.501744499999999971e+04 1.455375854492187500e+03
2.501752799999999843e+04 1.455384765625000000e+03
2.501761100000000079e+04 1.455393432617187500e+03
2.501769399999999951e+04 1.455401733398437500e+03
2.501777699999999822e+04 1.455408813476562500e+03
2.501786000000000058e+04 1.455415405273437500e+03
2.501794299999999930e+04 1.455421386718750000e+03
2.501802600000000166e+04 1.455427734375000000e+03
2.501810900000000038e+04 1.455434204101562500e+03
2.501819199999999910e+04 1.455441162109375000e+03
2.501827500000000146e+04 1.455448974609375000e+03
2.501835800000000017e+04 1.455457275390625000e+03
2.501844099999999889e+04 1.455465942382812500e+03
2.501852400000000125e+04 1.455474731445312500e+03
2.501860699999999997e+04 1.455480957031250000e+03
2.501868999999999869e+04 1.455489868164062500e+03
2.501877300000000105e+04 1.455496826171875000e+03
2.501885599999999977e+04 1.455503295898437500e+03
2.501893899999999849e+04 1.455509277343750000e+03
2.501902200000000084e+04 1.455515502929687500e+03
2.501910499999999956e+04 1.455521850585937500e+03
2.501918799999999828e+04 1.455528686523437500e+03
2.501927100000000064e+04 1.455536499023437500e+03
2.501935399999999936e+04 1.455544799804687500e+03
2.501943700000000172e+04 1.455553344726562500e+03
2.501952000000000044e+04 1.455562011718750000e+03
2.501960299999999916e+04 1.455568237304687500e+03
2.501968600000000151e+04 1.455577026367187500e+03
2.501976900000000023e+04 1.455583984375000000e+03
2.501985199999999895e+04 1.455590332031250000e+03
2.501993500000000131e+04 1.455596313476562500e+03
