2.500009800000000178e+04 7.280061035156250000e+02
2.500018100000000049e+04 7.280131225585937500e+02
2.500026399999999921e+04 7.280216064453125000e+02
2.500034700000000157e+04 7.280301513671875000e+02
2.500043000000000029e+04 7.280366210937500000e+02
2.500051299999999901e+04 7.280269775390625000e+02
2.500059600000000137e+04 7.279708251953125000e+02
2.500067900000000009e+04 7.279349365234375000e+02
2.500076199999999881e+04 7.279412231445312500e+02
2.500084500000000116e+04 7.279477539062500000e+02
2.500092799999999988e+04 7.279531250000000000e+02
2.500101099999999860e+04 7.279592285156250000e+02
2.500109400000000096e+04 7.279653930664062500e+02
2.500117699999999968e+04 7.279720458984375000e+02
2.500125999999999840e+04 7.279803466796875000e+02
2.500134300000000076e+04 7.279895019531250000e+02
2.500142599999999948e+04 7.279959716796875000e+02
2.500150899999999820e+04 7.279886474609375000e+02
2.500159200000000055e+04 7.279363403320312500e+02
2.500167499999999927e+04 7.279008178710937500e+02
2.500175800000000163e+04 7.279066772460937500e+02
2.500184100000000035e+04 7.279131469726562500e+02
2.500192399999999907e+04 7.279185180664062500e+02
2.500200700000000143e+04 7.279246215820312500e+02
2.500209000000000015e+04 7.279307861328125000e+02
2.500217299999999886e+04 7.279375000000000000e+02
2.500225600000000122e+04 7.279458007812500000e+02
2.500233899999999994e+04 7.279549560546875000e+02
2.500242199999999866e+04 7.279614257812500000e+02
2.500250500000000102e+04 7.279541015625000000e+02
2.500258799999999974e+04 7.279019165039062500e+02
2.500267099999999846e+04 7.278662719726562500e+02
2.500275400000000081e+04 7.278721923828125000e+02
2.500283699999999953e+04 7.278786621093750000e+02
2.500291999999999825e+04 7.278840942382812500e+02
2.500300300000000061e+04 7.278901977539062500e+02
2.500308599999999933e+04 7.278963012695312500e+02
2.500316900000000169e+04 7.279030151367187500e+02
2.500325200000000041e+04 7.279113159179687500e+02
2.500333499999999913e+04 7.279204711914062500e+02
2.500341800000000148e+04 7.279269409179687500e+02
2.500350100000000020e+04 7.279196166992187500e+02
2.500358399999999892e+04 7.278673095703125000e+02
2.500366700000000128e+04 7.278316650390625000e+02
2.500375000000000000e+04 7.278375854492187500e+02
2.500383299999999872e+04 7.278440551757812500e+02
2.500391600000000108e+04 7.278494262695312500e+02
2.500399899999999980e+04 7.278555297851562500e+02
2.500408199999999852e+04 7.278616943359375000e+02
2.500416500000000087e+04 7.278682861328125000e+02
2.500424799999999959e+04 7.278766479492187500e+02
2.500433099999999831e+04 7.278857421875000000e+02
2.500441400000000067e+04 7.278922729492187500e+02
2.500449699999999939e+04 7.278848876953125000e+02
2.500458000000000175e+04 7.278324584960937500e+02
2.500466300000000047e+04 7.277919311523437500e+02
2.500474599999999919e+04 7.277898559570312500e+02
2.500482900000000154e+04 7.277963256835937500e+02
2.500491200000000026e+04 7.278019409179687500e+02
2.500499499999999898e+04 7.278078613281250000e+02
2.500507800000000134e+04 7.278139648437500000e+02
2.500516100000000006e+04 7.278205566406250000e+02
2.500524399999999878e+04 7.278284912109375000e+02
2.500532700000000114e+04 7.278374633789062500e+02
2.500540999999999985e+04 7.278444824218750000e+02
2.500549299999999857e+04 7.278398437500000000e+02
2.500557600000000093e+04 7.277946166992187500e+02
2.500565899999999965e+04 7.277547607421875000e+02
2.500574199999999837e+04 7.277521362304687500e+02
2.500582500000000073e+04 7.277586669921875000e+02
2.500590799999999945e+04 7.277642822265625000e+02
2.500599100000000180e+04 7.277702026367187500e+02
2.500607400000000052e+04 7.277763671875000000e+02
2.500615699999999924e+04 7.277828979492187500e+02
2.500624000000000160e+04 7.277908935546875000e+02
2.500632300000000032e+04 7.277998046875000000e+02
2.500640599999999904e+04 7.278068237304687500e+02
2.500648900000000140e+04 7.278022460937500000e+02
2.500657200000000012e+04 7.277570190429687500e+02
2.500665499999999884e+04 7.277170410156250000e+02
2.500673800000000119e+04 7.277144775390625000e+02
2.500682099999999991e+04 7.277210083007812500e+02
2.500690399999999863e+04 7.277266235351562500e+02
2.500698700000000099e+04 7.277325439453125000e+02
2.500706999999999971e+04 7.277386474609375000e+02
2.500715299999999843e+04 7.277452392578125000e+02
2.500723600000000079e+04 7.277531738281250000e+02
2.500731899999999951e+04 7.277621459960937500e+02
2.500740199999999822e+04 7.277691650390625000e+02
2.500748500000000058e+04 7.277645263671875000e+02
2.500756799999999930e+04 7.277192993164062500e+02
2.500765100000000166e+04 7.276793212890625000e+02
2.500773400000000038e+04 7.276767578125000000e+02
2.500781699999999910e+04 7.276832885742187500e+02
2.500790000000000146e+04 7.276888427734375000e+02
2.500798300000000017e+04 7.276948242187500000e+02
2.500806599999999889e+04 7.277009277343750000e+02
2.500814900000000125e+04 7.277073974609375000e+02
2.500823199999999997e+04 7.277153930664062500e+02
2.500831499999999869e+04 7.277243041992187500e+02
2.500839800000000105e+04 7.277313232421875000e+02
2.500848099999999977e+04 7.277267456054687500e+02
2.500856399999999849e+04 7.276813964843750000e+02
2.500864700000000084e+04 7.276364746093750000e+02
2.500872999999999956e+04 7.276258544921875000e+02
2.500881299999999828e+04 7.276326293945312500e+02
2.500889600000000064e+04 7.276384277343750000e+02
2.500897899999999936e+04 7.276442260742187500e+02
2.500906200000000172e+04 7.276503906250000000e+02
2.500914500000000044e+04 7.276568603515625000e+02
2.500922799999999916e+04 7.276644897460937500e+02
2.500931100000000151e+04 7.276732788085937500e+02
2.500939400000000023e+04 7.276807861328125000e+02
2.500947699999999895e+04 7.276789550781250000e+02
2.500956000000000131e+04 7.276445312500000000e+02
2.500964300000000003e+04 7.276006469726562500e+02
2.500972599999999875e+04 7.275892944335937500e+02
2.500980900000000111e+04 7.275964355468750000e+02
2.500989199999999983e+04 7.276022949218750000e+02
2.500997499999999854e+04 7.276080932617187500e+02
2.501005800000000090e+04 7.277202758789062500e+02
2.501014099999999962e+04 7.277267456054687500e+02
2.501022399999999834e+04 7.277343750000000000e+02
2.501030700000000070e+04 7.277431640625000000e+02
2.501038999999999942e+04 7.277506713867187500e+02
2.501047300000000178e+04 7.277488403320312500e+02
2.501055600000000049e+04 7.277143554687500000e+02
2.501063899999999921e+04 7.276704711914062500e+02
2.501072200000000157e+04 7.276591186523437500e+02
2.501080500000000029e+04 7.276663208007812500e+02
2.501088799999999901e+04 7.276721191406250000e+02
2.501097100000000137e+04 7.276779174804687500e+02
2.501105400000000009e+04 7.276840820312500000e+02
2.501113699999999881e+04 7.276904907226562500e+02
2.501122000000000116e+04 7.276981811523437500e+02
2.501130299999999988e+04 7.277069702148437500e+02
2.501138599999999860e+04 7.277144775390625000e+02
2.501146900000000096e+04 7.277126464843750000e+02
2.501155199999999968e+04 7.276781005859375000e+02
2.501163499999999840e+04 7.276342163085937500e+02
2.501171800000000076e+04 7.276228637695312500e+02
2.501180099999999948e+04 7.276300048828125000e+02
2.501188399999999820e+04 7.276358642578125000e+02
2.501196700000000055e+04 7.276416625976562500e+02
2.501204999999999927e+04 7.276477661132812500e+02
2.501213300000000163e+04 7.276541748046875000e+02
2.501221600000000035e+04 7.276618041992187500e+02
2.501229899999999907e+04 7.276705932617187500e+02
2.501238200000000143e+04 7.276781616210937500e+02
2.501246500000000015e+04 7.276763305664062500e+02
2.501254799999999886e+04 7.276416625976562500e+02
2.501263100000000122e+04 7.275977783203125000e+02
2.501271399999999994e+04 7.275781250000000000e+02
2.501279699999999866e+04 7.275852050781250000e+02
2.501288000000000102e+04 7.275912475585937500e+02
2.501296299999999974e+04 7.275969238281250000e+02
2.501304599999999846e+04 7.276030883789062500e+02
2.501312900000000081e+04 7.276094360351562500e+02
2.501321199999999953e+04 7.276171264648437500e+02
2.501329499999999825e+04 7.276257934570312500e+02
2.501337800000000061e+04 7.276338500976562500e+02
2.501346099999999933e+04 7.276347656250000000e+02
2.501354400000000169e+04 7.276108398437500000e+02
2.501362700000000041e+04 7.275622558593750000e+02
2.501370999999999913e+04 7.275425415039062500e+02
2.501379300000000148e+04 7.275494995117187500e+02
2.501387600000000020e+04 7.275555419921875000e+02
2.501395899999999892e+04 7.275612182617187500e+02
2.501404200000000128e+04 7.275673828125000000e+02
2.501412500000000000e+04 7.275737304687500000e+02
2.501420799999999872e+04 7.275811157226562500e+02
2.501429100000000108e+04 7.275897216796875000e+02
2.501437399999999980e+04 7.275978393554687500e+02
2.501445699999999852e+04 7.275987548828125000e+02
2.501454000000000087e+04 7.275745849609375000e+02
2.501462299999999959e+04 7.275260620117187500e+02
2.501470599999999831e+04 7.275062866210937500e+02
2.501478900000000067e+04 7.275132446289062500e+02
2.501487199999999939e+04 7.275193481445312500e+02
2.501495500000000175e+04 7.275250244140625000e+02
2.501503800000000047e+04 7.275311279296875000e+02
2.501512099999999919e+04 7.275375366210937500e+02
2.501520400000000154e+04 7.275448608398437500e+02
2.501528700000000026e+04 7.275535278320312500e+02
2.501536999999999898e+04 7.275615844726562500e+02
2.501545300000000134e+04 7.275625000000000000e+02
2.501553600000000006e+04 7.275382690429687500e+02
2.501561899999999878e+04 7.274896850585937500e+02
2.501570200000000114e+04 7.274699096679687500e+02
2.501578499999999985e+04 7.274768676757812500e+02
2.501586799999999857e+04 7.274829711914062500e+02
2.501595100000000093e+04 7.274886474609375000e+02
2.501603399999999965e+04 7.274947509765625000e+02
2.501611699999999837e+04 7.275010375976562500e+02
2.501620000000000073e+04 7.275083618164062500e+02
2.501628299999999945e+04 7.275170288085937500e+02
2.501636600000000180e+04 7.275251464843750000e+02
2.501644900000000052e+04 7.275260620117187500e+02
2.501653199999999924e+04 7.275017700195312500e+02
2.501661500000000160e+04 7.274531860351562500e+02
2.501669800000000032e+04 7.274251098632812500e+02
2.501678099999999904e+04 7.274319458007812500e+02
2.501686400000000140e+04 7.274382324218750000e+02
2.501694700000000012e+04 7.274437866210937500e+02
2.501702999999999884e+04 7.274499511718750000e+02
2.501711300000000119e+04 7.274562377929687500e+02
2.501719599999999991e+04 7.274635620117187500e+02
2.501727899999999863e+04 7.274720458984375000e+02
2.501736200000000099e+04 7.274801635742187500e+02
2.501744499999999971e+04 7.274838256835937500e+02
2.501752799999999843e+04 7.274704589843750000e+02
2.501761100000000079e+04 7.274165649414062500e+02
2.501769399999999951e+04 7.273886108398437500e+02
2.501777699999999822e+04 7.273951416015625000e+02
2.501786000000000058e+04 7.274014282226562500e+02
2.501794299999999930e+04 7.274069824218750000e+02
2.501802600000000166e+04 7.274131469726562500e+02
2.501810900000000038e+04 7.274194335937500000e+02
2.501819199999999910e+04 7.274264526367187500e+02
2.501827500000000146e+04 7.274349365234375000e+02
2.501835800000000017e+04 7.274435424804687500e+02
2.501844099999999889e+04 7.274472656250000000e+02
2.501852400000000125e+04 7.274345703125000000e+02
2.501860699999999997e+04 7.273806762695312500e+02
2.501868999999999869e+04 7.273527221679687500e+02
2.501877300000000105e+04 7.273592529296875000e+02
2.501885599999999977e+04 7.273656005859375000e+02
2.501893899999999849e+04 7.273710937500000000e+02
2.501902200000000084e+04 7.273772583007812500e+02
2.501910499999999956e+04 7.273835449218750000e+02
2.501918799999999828e+04 7.273905639648437500e+02
2.501927100000000064e+04 7.273991088867187500e+02
2.501935399999999936e+04 7.274077148437500000e+02
2.501943700000000172e+04 7.274114379882812500e+02
2.501952000000000044e+04 7.273987426757812500e+02
2.501960299999999916e+04 7.273447875976562500e+02
2.501968600000000151e+04 7.273167724609375000e+02
2.501976900000000023e+04 7.273233642578125000e+02
2.501985199999999895e+04 7.273296508789062500e+02
2.501993500000000131e+04 7.273352050781250000e+02
