2.500009800000000178e+04 7.175703735351562500e+02
2.500018100000000049e+04 7.175797119140625000e+02
2.500026399999999921e+04 7.175904541015625000e+02
2.500034700000000157e+04 7.176010742187500000e+02
2.500043000000000029e+04 7.176094360351562500e+02
2.500051299999999901e+04 7.176010742187500000e+02
2.500059600000000137e+04 7.175444335937500000e+02
2.500067900000000009e+04 7.175095214843750000e+02
2.500076199999999881e+04 7.175159912109375000e+02
2.500084500000000116e+04 7.175244750976562500e+02
2.500092799999999988e+04 7.175319824218750000e+02
2.500101099999999860e+04 7.175404663085937500e+02
2.500109400000000096e+04 7.175489501953125000e+02
2.500117699999999968e+04 7.175579833984375000e+02
2.500125999999999840e+04 7.175685424804687500e+02
2.500134300000000076e+04 7.175798339843750000e+02
2.500142599999999948e+04 7.175882568359375000e+02
2.500150899999999820e+04 7.175822143554687500e+02
2.500159200000000055e+04 7.175300903320312500e+02
2.500167499999999927e+04 7.174955444335937500e+02
2.500175800000000163e+04 7.175020751953125000e+02
2.500184100000000035e+04 7.175104980468750000e+02
2.500192399999999907e+04 7.175181274414062500e+02
2.500200700000000143e+04 7.175266723632812500e+02
2.500209000000000015e+04 7.175352172851562500e+02
2.500217299999999886e+04 7.175440673828125000e+02
2.500225600000000122e+04 7.175546875000000000e+02
2.500233899999999994e+04 7.175659179687500000e+02
2.500242199999999866e+04 7.175744018554687500e+02
2.500250500000000102e+04 7.175684204101562500e+02
2.500258799999999974e+04 7.175161132812500000e+02
2.500267099999999846e+04 7.174813232421875000e+02
2.500275400000000081e+04 7.174875488281250000e+02
2.500283699999999953e+04 7.174958496093750000e+02
2.500291999999999825e+04 7.175034790039062500e+02
2.500300300000000061e+04 7.175118408203125000e+02
2.500308599999999933e+04 7.175204467773437500e+02
2.500316900000000169e+04 7.175294189453125000e+02
2.500325200000000041e+04 7.175401000976562500e+02
2.500333499999999913e+04 7.175512084960937500e+02
2.500341800000000148e+04 7.175596923828125000e+02
2.500350100000000020e+04 7.175536499023437500e+02
2.500358399999999892e+04 7.175013427734375000e+02
2.500366700000000128e+04 7.174665527343750000e+02
2.500375000000000000e+04 7.174729003906250000e+02
2.500383299999999872e+04 7.174810791015625000e+02
2.500391600000000108e+04 7.174887084960937500e+02
2.500399899999999980e+04 7.174972534179687500e+02
2.500408199999999852e+04 7.175057983398437500e+02
2.500416500000000087e+04 7.175147094726562500e+02
2.500424799999999959e+04 7.175253906250000000e+02
2.500433099999999831e+04 7.175366210937500000e+02
2.500441400000000067e+04 7.175450439453125000e+02
2.500449699999999939e+04 7.175390014648437500e+02
2.500458000000000175e+04 7.174866943359375000e+02
2.500466300000000047e+04 7.174470825195312500e+02
2.500474599999999919e+04 7.174454956054687500e+02
2.500482900000000154e+04 7.174528198242187500e+02
2.500491200000000026e+04 7.174598999023437500e+02
2.500499499999999898e+04 7.174680786132812500e+02
2.500507800000000134e+04 7.174764404296875000e+02
2.500516100000000006e+04 7.174852905273437500e+02
2.500524399999999878e+04 7.174954223632812500e+02
2.500532700000000114e+04 7.175064086914062500e+02
2.500540999999999985e+04 7.175153808593750000e+02
2.500549299999999857e+04 7.175122070312500000e+02
2.500557600000000093e+04 7.174674682617187500e+02
2.500565899999999965e+04 7.174277954101562500e+02
2.500574199999999837e+04 7.174258422851562500e+02
2.500582500000000073e+04 7.174342651367187500e+02
2.500590799999999945e+04 7.174418945312500000e+02
2.500599100000000180e+04 7.174500732421875000e+02
2.500607400000000052e+04 7.174583129882812500e+02
2.500615699999999924e+04 7.174671020507812500e+02
2.500624000000000160e+04 7.174772949218750000e+02
2.500632300000000032e+04 7.174882812500000000e+02
2.500640599999999904e+04 7.174970092773437500e+02
2.500648900000000140e+04 7.174937133789062500e+02
2.500657200000000012e+04 7.174491577148437500e+02
2.500665499999999884e+04 7.174094238281250000e+02
2.500673800000000119e+04 7.174077148437500000e+02
2.500682099999999991e+04 7.174162597656250000e+02
2.500690399999999863e+04 7.174238891601562500e+02
2.500698700000000099e+04 7.174320678710937500e+02
2.500706999999999971e+04 7.174404907226562500e+02
2.500715299999999843e+04 7.174492187500000000e+02
2.500723600000000079e+04 7.174592895507812500e+02
2.500731899999999951e+04 7.174703369140625000e+02
2.500740199999999822e+04 7.174791870117187500e+02
2.500748500000000058e+04 7.174759521484375000e+02
2.500756799999999930e+04 7.174313354492187500e+02
2.500765100000000166e+04 7.173916015625000000e+02
2.500773400000000038e+04 7.173897705078125000e+02
2.500781699999999910e+04 7.173983154296875000e+02
2.500790000000000146e+04 7.174059448242187500e+02
2.500798300000000017e+04 7.174141235351562500e+02
2.500806599999999889e+04 7.174224243164062500e+02
2.500814900000000125e+04 7.174310302734375000e+02
2.500823199999999997e+04 7.174411621093750000e+02
2.500831499999999869e+04 7.174521484375000000e+02
2.500839800000000105e+04 7.174611206054687500e+02
2.500848099999999977e+04 7.174579467773437500e+02
2.500856399999999849e+04 7.174132690429687500e+02
2.500864700000000084e+04 7.173683471679687500e+02
2.500872999999999956e+04 7.173583374023437500e+02
2.500881299999999828e+04 7.173663940429687500e+02
2.500889600000000064e+04 7.173743286132812500e+02
2.500897899999999936e+04 7.173823852539062500e+02
2.500906200000000172e+04 7.173908081054687500e+02
2.500914500000000044e+04 7.173995361328125000e+02
2.500922799999999916e+04 7.174093627929687500e+02
2.500931100000000151e+04 7.174202270507812500e+02
2.500939400000000023e+04 7.174297485351562500e+02
2.500947699999999895e+04 7.174293823242187500e+02
2.500956000000000131e+04 7.173963012695312500e+02
2.500964300000000003e+04 7.173516845703125000e+02
2.500972599999999875e+04 7.173417358398437500e+02
2.500980900000000111e+04 7.173496704101562500e+02
2.500989199999999983e+04 7.173576049804687500e+02
2.500997499999999854e+04 7.173654785156250000e+02
2.501005800000000090e+04 7.174252929687500000e+02
2.501014099999999962e+04 7.174338989257812500e+02
2.501022399999999834e+04 7.174437866210937500e+02
2.501030700000000070e+04 7.174547729492187500e+02
2.501038999999999942e+04 7.174642333984375000e+02
2.501047300000000178e+04 7.174639282226562500e+02
2.501055600000000049e+04 7.174309082031250000e+02
2.501063899999999921e+04 7.173862304687500000e+02
2.501072200000000157e+04 7.173759155273437500e+02
2.501080500000000029e+04 7.173839721679687500e+02
2.501088799999999901e+04 7.173918457031250000e+02
2.501097100000000137e+04 7.173998413085937500e+02
2.501105400000000009e+04 7.174082641601562500e+02
2.501113699999999881e+04 7.174170532226562500e+02
2.501122000000000116e+04 7.174268188476562500e+02
2.501130299999999988e+04 7.174377441406250000e+02
2.501138599999999860e+04 7.174472045898437500e+02
2.501146900000000096e+04 7.174468994140625000e+02
2.501155199999999968e+04 7.174135742187500000e+02
2.501163499999999840e+04 7.173689575195312500e+02
2.501171800000000076e+04 7.173584594726562500e+02
2.501180099999999948e+04 7.173652954101562500e+02
2.501188399999999820e+04 7.173731079101562500e+02
2.501196700000000055e+04 7.173812255859375000e+02
2.501204999999999927e+04 7.173895874023437500e+02
2.501213300000000163e+04 7.173981933593750000e+02
2.501221600000000035e+04 7.174080810546875000e+02
2.501229899999999907e+04 7.174190063476562500e+02
2.501238200000000143e+04 7.174284057617187500e+02
2.501246500000000015e+04 7.174280395507812500e+02
2.501254799999999886e+04 7.173948364257812500e+02
2.501263100000000122e+04 7.173500976562500000e+02
2.501271399999999994e+04 7.173317871093750000e+02
2.501279699999999866e+04 7.173393554687500000e+02
2.501288000000000102e+04 7.173474121093750000e+02
2.501296299999999974e+04 7.173554077148437500e+02
2.501304599999999846e+04 7.173638305664062500e+02
2.501312900000000081e+04 7.173724975585937500e+02
2.501321199999999953e+04 7.173824462890625000e+02
2.501329499999999825e+04 7.173932495117187500e+02
2.501337800000000061e+04 7.174033813476562500e+02
2.501346099999999933e+04 7.174060668945312500e+02
2.501354400000000169e+04 7.173842773437500000e+02
2.501362700000000041e+04 7.173344116210937500e+02
2.501370999999999913e+04 7.173150634765625000e+02
2.501379300000000148e+04 7.173208618164062500e+02
2.501387600000000020e+04 7.173289794921875000e+02
2.501395899999999892e+04 7.173368530273437500e+02
2.501404200000000128e+04 7.173452148437500000e+02
2.501412500000000000e+04 7.173538208007812500e+02
2.501420799999999872e+04 7.173634033203125000e+02
2.501429100000000108e+04 7.173742065429687500e+02
2.501437399999999980e+04 7.173843994140625000e+02
2.501445699999999852e+04 7.173870239257812500e+02
2.501454000000000087e+04 7.173649291992187500e+02
2.501462299999999959e+04 7.173151855468750000e+02
2.501470599999999831e+04 7.172968139648437500e+02
2.501478900000000067e+04 7.173041992187500000e+02
2.501487199999999939e+04 7.173122558593750000e+02
2.501495500000000175e+04 7.173201904296875000e+02
2.501503800000000047e+04 7.173286743164062500e+02
2.501512099999999919e+04 7.173373413085937500e+02
2.501520400000000154e+04 7.173469238281250000e+02
2.501528700000000026e+04 7.173576660156250000e+02
2.501536999999999898e+04 7.173676757812500000e+02
2.501545300000000134e+04 7.173704223632812500e+02
2.501553600000000006e+04 7.173482666015625000e+02
2.501561899999999878e+04 7.172985839843750000e+02
2.501570200000000114e+04 7.172800903320312500e+02
2.501578499999999985e+04 7.172875366210937500e+02
2.501586799999999857e+04 7.172956542968750000e+02
2.501595100000000093e+04 7.173035888671875000e+02
2.501603399999999965e+04 7.173121337890625000e+02
2.501611699999999837e+04 7.173207397460937500e+02
2.501620000000000073e+04 7.173303833007812500e+02
2.501628299999999945e+04 7.173412475585937500e+02
2.501636600000000180e+04 7.173513793945312500e+02
2.501644900000000052e+04 7.173539428710937500e+02
2.501653199999999924e+04 7.173316040039062500e+02
2.501661500000000160e+04 7.172817382812500000e+02
2.501669800000000032e+04 7.172550048828125000e+02
2.501678099999999904e+04 7.172620239257812500e+02
2.501686400000000140e+04 7.172703247070312500e+02
2.501694700000000012e+04 7.172781372070312500e+02
2.501702999999999884e+04 7.172865600585937500e+02
2.501711300000000119e+04 7.172951660156250000e+02
2.501719599999999991e+04 7.173048706054687500e+02
2.501727899999999863e+04 7.173154296875000000e+02
2.501736200000000099e+04 7.173256835937500000e+02
2.501744499999999971e+04 7.173309326171875000e+02
2.501752799999999843e+04 7.173194580078125000e+02
2.501761100000000079e+04 7.172647094726562500e+02
2.501769399999999951e+04 7.172380371093750000e+02
2.501777699999999822e+04 7.172448730468750000e+02
2.501786000000000058e+04 7.172531127929687500e+02
2.501794299999999930e+04 7.172609252929687500e+02
2.501802600000000166e+04 7.172694091796875000e+02
2.501810900000000038e+04 7.172780761718750000e+02
2.501819199999999910e+04 7.172872924804687500e+02
2.501827500000000146e+04 7.172979125976562500e+02
2.501835800000000017e+04 7.173085937500000000e+02
2.501844099999999889e+04 7.173139648437500000e+02
2.501852400000000125e+04 7.173031616210937500e+02
2.501860699999999997e+04 7.172484130859375000e+02
2.501868999999999869e+04 7.172218017578125000e+02
2.501877300000000105e+04 7.172286987304687500e+02
2.501885599999999977e+04 7.172366943359375000e+02
2.501893899999999849e+04 7.172445678710937500e+02
2.501902200000000084e+04 7.172529907226562500e+02
2.501910499999999956e+04 7.172617187500000000e+02
2.501918799999999828e+04 7.172709960937500000e+02
2.501927100000000064e+04 7.172816772460937500e+02
2.501935399999999936e+04 7.172924194335937500e+02
2.501943700000000172e+04 7.172979125976562500e+02
2.501952000000000044e+04 7.172871093750000000e+02
2.501960299999999916e+04 7.172324829101562500e+02
2.501968600000000151e+04 7.172058105468750000e+02
2.501976900000000023e+04 7.172120971679687500e+02
2.501985199999999895e+04 7.172194213867187500e+02
2.501993500000000131e+04 7.172265014648437500e+02
