2.500009800000000178e+04 3.789236307144165039e+00
2.500018100000000049e+04 3.769414186477661133e+00
2.500026399999999921e+04 3.753031015396118164e+00
2.500034700000000157e+04 3.735799312591552734e+00
2.500043000000000029e+04 3.725671291351318359e+00
2.500051299999999901e+04 3.762287855148315430e+00
2.500059600000000137e+04 8.215036392211914062e+00
2.500067900000000009e+04 7.376513957977294922e+00
2.500076199999999881e+04 7.042220592498779297e+00
2.500084500000000116e+04 3.905685663223266602e+00
2.500092799999999988e+04 3.838141441345214844e+00
2.500101099999999860e+04 3.810051202774047852e+00
2.500109400000000096e+04 3.788615942001342773e+00
2.500117699999999968e+04 3.768059253692626953e+00
2.500125999999999840e+04 3.749099731445312500e+00
2.500134300000000076e+04 3.730361938476562500e+00
2.500142599999999948e+04 3.712999105453491211e+00
2.500150899999999820e+04 3.748837471008300781e+00
2.500159200000000055e+04 7.250472068786621094e+00
2.500167499999999927e+04 7.850636482238769531e+00
2.500175800000000163e+04 6.655741691589355469e+00
2.500184100000000035e+04 3.948065996170043945e+00
2.500192399999999907e+04 3.846667528152465820e+00
2.500200700000000143e+04 3.812577962875366211e+00
2.500209000000000015e+04 3.790930032730102539e+00
2.500217299999999886e+04 3.774347782135009766e+00
2.500225600000000122e+04 3.757017612457275391e+00
2.500233899999999994e+04 3.735602617263793945e+00
2.500242199999999866e+04 3.715433120727539062e+00
2.500250500000000102e+04 3.749222040176391602e+00
2.500258799999999974e+04 7.501537322998046875e+00
2.500267099999999846e+04 7.688346862792968750e+00
2.500275400000000081e+04 6.757673263549804688e+00
2.500283699999999953e+04 3.989514827728271484e+00
2.500291999999999825e+04 3.864380836486816406e+00
2.500300300000000061e+04 3.818760156631469727e+00
2.500308599999999933e+04 3.796980857849121094e+00
2.500316900000000169e+04 3.775466442108154297e+00
2.500325200000000041e+04 3.755093812942504883e+00
2.500333499999999913e+04 3.734965324401855469e+00
2.500341800000000148e+04 3.716503620147705078e+00
2.500350100000000020e+04 3.753174066543579102e+00
2.500358399999999892e+04 7.361354351043701172e+00
2.500366700000000128e+04 7.782930850982666016e+00
2.500375000000000000e+04 6.703803539276123047e+00
2.500383299999999872e+04 3.989250659942626953e+00
2.500391600000000108e+04 3.849290847778320312e+00
2.500399899999999980e+04 3.819784879684448242e+00
2.500408199999999852e+04 3.793826103210449219e+00
2.500416500000000087e+04 3.776154994964599609e+00
2.500424799999999959e+04 3.756619453430175781e+00
2.500433099999999831e+04 3.736499309539794922e+00
2.500441400000000067e+04 3.719901561737060547e+00
2.500449699999999939e+04 3.752609968185424805e+00
2.500458000000000175e+04 7.367899894714355469e+00
2.500466300000000047e+04 7.786647319793701172e+00
2.500474599999999919e+04 7.119343280792236328e+00
2.500482900000000154e+04 3.900811672210693359e+00
2.500491200000000026e+04 3.831679582595825195e+00
2.500499499999999898e+04 3.814386844635009766e+00
2.500507800000000134e+04 3.797310829162597656e+00
2.500516100000000006e+04 3.775938510894775391e+00
2.500524399999999878e+04 3.756770133972167969e+00
2.500532700000000114e+04 3.738209724426269531e+00
2.500540999999999985e+04 3.720579624176025391e+00
2.500549299999999857e+04 3.741598844528198242e+00
2.500557600000000093e+04 6.368144512176513672e+00
2.500565899999999965e+04 8.251308441162109375e+00
2.500574199999999837e+04 6.798180103302001953e+00
2.500582500000000073e+04 3.935450792312622070e+00
2.500590799999999945e+04 3.838197708129882812e+00
2.500599100000000180e+04 3.814886808395385742e+00
2.500607400000000052e+04 3.795722007751464844e+00
2.500615699999999924e+04 3.778129339218139648e+00
2.500624000000000160e+04 3.759925127029418945e+00
2.500632300000000032e+04 3.740215301513671875e+00
2.500640599999999904e+04 3.720329523086547852e+00
2.500648900000000140e+04 3.741822481155395508e+00
2.500657200000000012e+04 6.445178031921386719e+00
2.500665499999999884e+04 8.181625366210937500e+00
2.500673800000000119e+04 6.841695785522460938e+00
2.500682099999999991e+04 3.937574863433837891e+00
2.500690399999999863e+04 3.842527866363525391e+00
2.500698700000000099e+04 3.817825555801391602e+00
2.500706999999999971e+04 3.800702810287475586e+00
2.500715299999999843e+04 3.781881570816040039e+00
2.500723600000000079e+04 3.760573148727416992e+00
2.500731899999999951e+04 3.743552207946777344e+00
2.500740199999999822e+04 3.724488496780395508e+00
2.500748500000000058e+04 3.745016098022460938e+00
2.500756799999999930e+04 6.444329261779785156e+00
2.500765100000000166e+04 8.198388099670410156e+00
2.500773400000000038e+04 6.841467380523681641e+00
2.500781699999999910e+04 3.939376592636108398e+00
2.500790000000000146e+04 3.844267606735229492e+00
2.500798300000000017e+04 3.820840120315551758e+00
2.500806599999999889e+04 3.801275730133056641e+00
2.500814900000000125e+04 3.781847953796386719e+00
2.500823199999999997e+04 3.762046337127685547e+00
2.500831499999999869e+04 3.741802453994750977e+00
2.500839800000000105e+04 3.725087642669677734e+00
2.500848099999999977e+04 3.746553659439086914e+00
2.500856399999999849e+04 6.446279048919677734e+00
2.500864700000000084e+04 8.206248283386230469e+00
2.500872999999999956e+04 7.191256999969482422e+00
2.500881299999999828e+04 4.863800525665283203e+00
2.500889600000000064e+04 3.863353013992309570e+00
2.500897899999999936e+04 3.836356878280639648e+00
2.500906200000000172e+04 3.815216541290283203e+00
2.500914500000000044e+04 3.796746969223022461e+00
2.500922799999999916e+04 3.776050567626953125e+00
2.500931100000000151e+04 3.756831645965576172e+00
2.500939400000000023e+04 3.740214586257934570e+00
2.500947699999999895e+04 3.749872446060180664e+00
2.500956000000000131e+04 5.364117622375488281e+00
2.500964300000000003e+04 8.731826782226562500e+00
2.500972599999999875e+04 6.766968727111816406e+00
2.500980900000000111e+04 5.093738555908203125e+00
2.500989199999999983e+04 3.863608121871948242e+00
2.500997499999999854e+04 3.835446119308471680e+00
2.501005800000000090e+04 3.817669153213500977e+00
2.501014099999999962e+04 3.790570497512817383e+00
2.501022399999999834e+04 3.773292779922485352e+00
2.501030700000000070e+04 3.755779743194580078e+00
2.501038999999999942e+04 3.734377861022949219e+00
2.501047300000000178e+04 3.744857549667358398e+00
2.501055600000000049e+04 5.297410488128662109e+00
2.501063899999999921e+04 8.789646148681640625e+00
2.501072200000000157e+04 6.739278793334960938e+00
2.501080500000000029e+04 5.113872528076171875e+00
2.501088799999999901e+04 3.863229751586914062e+00
2.501097100000000137e+04 3.832075357437133789e+00
2.501105400000000009e+04 3.812942028045654297e+00
2.501113699999999881e+04 3.793739080429077148e+00
2.501122000000000116e+04 3.773966550827026367e+00
2.501130299999999988e+04 3.757181167602539062e+00
2.501138599999999860e+04 3.738158464431762695e+00
2.501146900000000096e+04 3.746949911117553711e+00
2.501155199999999968e+04 5.298493862152099609e+00
2.501163499999999840e+04 8.794383049011230469e+00
2.501171800000000076e+04 6.733240127563476562e+00
2.501180099999999948e+04 5.121958255767822266e+00
2.501188399999999820e+04 3.860574960708618164e+00
2.501196700000000055e+04 3.832188606262207031e+00
2.501204999999999927e+04 3.813409805297851562e+00
2.501213300000000163e+04 3.794256210327148438e+00
2.501221600000000035e+04 3.774589776992797852e+00
2.501229899999999907e+04 3.758533477783203125e+00
2.501238200000000143e+04 3.739750385284423828e+00
2.501246500000000015e+04 3.748660087585449219e+00
2.501254799999999886e+04 5.300003051757812500e+00
2.501263100000000122e+04 8.802289009094238281e+00
2.501271399999999994e+04 6.741058826446533203e+00
2.501279699999999866e+04 6.180142402648925781e+00
2.501288000000000102e+04 3.876775026321411133e+00
2.501296299999999974e+04 3.844315767288208008e+00
2.501304599999999846e+04 3.820729732513427734e+00
2.501312900000000081e+04 3.802544593811035156e+00
2.501321199999999953e+04 3.783031225204467773e+00
2.501329499999999825e+04 3.766988754272460938e+00
2.501337800000000061e+04 3.748305320739746094e+00
2.501346099999999933e+04 3.746586561203002930e+00
2.501354400000000169e+04 4.119381427764892578e+00
2.501362700000000041e+04 9.060976028442382812e+00
2.501370999999999913e+04 6.796768188476562500e+00
2.501379300000000148e+04 6.073553562164306641e+00
2.501387600000000020e+04 3.893910408020019531e+00
2.501395899999999892e+04 3.846254587173461914e+00
2.501404200000000128e+04 3.824018239974975586e+00
2.501412500000000000e+04 3.803717851638793945e+00
2.501420799999999872e+04 3.783001899719238281e+00
2.501429100000000108e+04 3.765374660491943359e+00
2.501437399999999980e+04 3.748957395553588867e+00
2.501445699999999852e+04 3.748046159744262695e+00
2.501454000000000087e+04 4.120883464813232422e+00
2.501462299999999959e+04 9.168642997741699219e+00
2.501470599999999831e+04 6.769793510437011719e+00
2.501478900000000067e+04 6.100420475006103516e+00
2.501487199999999939e+04 3.895927667617797852e+00
2.501495500000000175e+04 3.850455045700073242e+00
2.501503800000000047e+04 3.826051712036132812e+00
2.501512099999999919e+04 3.806224346160888672e+00
2.501520400000000154e+04 3.787478208541870117e+00
2.501528700000000026e+04 3.766506671905517578e+00
2.501536999999999898e+04 3.746341228485107422e+00
2.501545300000000134e+04 3.748766660690307617e+00
2.501553600000000006e+04 4.133494377136230469e+00
2.501561899999999878e+04 9.065936088562011719e+00
2.501570200000000114e+04 6.810528755187988281e+00
2.501578499999999985e+04 6.075172424316406250e+00
2.501586799999999857e+04 3.897323846817016602e+00
2.501595100000000093e+04 3.849665880203247070e+00
2.501603399999999965e+04 3.828594684600830078e+00
2.501611699999999837e+04 3.809115409851074219e+00
2.501620000000000073e+04 3.789495468139648438e+00
2.501628299999999945e+04 3.769272327423095703e+00
2.501636600000000180e+04 3.752483844757080078e+00
2.501644900000000052e+04 3.751478433609008789e+00
2.501653199999999924e+04 4.134022235870361328e+00
2.501661500000000160e+04 9.166190147399902344e+00
2.501669800000000032e+04 6.773841381072998047e+00
2.501678099999999904e+04 6.941580772399902344e+00
2.501686400000000140e+04 3.897821426391601562e+00
2.501694700000000012e+04 3.854244947433471680e+00
2.501702999999999884e+04 3.831545829772949219e+00
2.501711300000000119e+04 3.811856031417846680e+00
2.501719599999999991e+04 3.792207002639770508e+00
2.501727899999999863e+04 3.770901203155517578e+00
2.501736200000000099e+04 3.754937171936035156e+00
2.501744499999999971e+04 3.753976821899414062e+00
2.501752799999999843e+04 3.849681377410888672e+00
2.501761100000000079e+04 8.373473167419433594e+00
2.501769399999999951e+04 7.254356861114501953e+00
2.501777699999999822e+04 6.554613590240478516e+00
2.501786000000000058e+04 3.921439647674560547e+00
2.501794299999999930e+04 3.859780550003051758e+00
2.501802600000000166e+04 3.831471681594848633e+00
2.501810900000000038e+04 3.812280893325805664e+00
2.501819199999999910e+04 3.795059204101562500e+00
2.501827500000000146e+04 3.772935628890991211e+00
2.501835800000000017e+04 3.753552198410034180e+00
2.501844099999999889e+04 3.744575262069702148e+00
2.501852400000000125e+04 3.844107866287231445e+00
2.501860699999999997e+04 8.362788200378417969e+00
2.501868999999999869e+04 7.259761810302734375e+00
2.501877300000000105e+04 6.561244010925292969e+00
2.501885599999999977e+04 3.942475318908691406e+00
2.501893899999999849e+04 3.870280981063842773e+00
2.501902200000000084e+04 3.835361003875732422e+00
2.501910499999999956e+04 3.814225196838378906e+00
2.501918799999999828e+04 3.795414209365844727e+00
2.501927100000000064e+04 3.778733730316162109e+00
2.501935399999999936e+04 3.759634494781494141e+00
2.501943700000000172e+04 3.747822999954223633e+00
2.501952000000000044e+04 3.845961332321166992e+00
2.501960299999999916e+04 8.365213394165039062e+00
2.501968600000000151e+04 7.257196426391601562e+00
2.501976900000000023e+04 6.565766811370849609e+00
2.501985199999999895e+04 3.924877166748046875e+00
2.501993500000000131e+04 3.867522001266479492e+00
