2.500009800000000178e+04 1.176431846618652344e+01
2.500018100000000049e+04 1.150276184082031250e+01
2.500026399999999921e+04 1.132989025115966797e+01
2.500034700000000157e+04 1.119587326049804688e+01
2.500043000000000029e+04 1.113210964202880859e+01
2.500051299999999901e+04 1.168129062652587891e+01
2.500059600000000137e+04 1.283091545104980469e+01
2.500067900000000009e+04 1.294807815551757812e+01
2.500076199999999881e+04 1.290875816345214844e+01
2.500084500000000116e+04 1.276124000549316406e+01
2.500092799999999988e+04 1.248788833618164062e+01
2.500101099999999860e+04 1.206402206420898438e+01
2.500109400000000096e+04 1.175166988372802734e+01
2.500117699999999968e+04 1.145436668395996094e+01
2.500125999999999840e+04 1.126674747467041016e+01
2.500134300000000076e+04 1.108463001251220703e+01
2.500142599999999948e+04 1.095380401611328125e+01
2.500150899999999820e+04 1.153599166870117188e+01
2.500159200000000055e+04 1.276534843444824219e+01
2.500167499999999927e+04 1.288448047637939453e+01
2.500175800000000163e+04 1.290367889404296875e+01
2.500184100000000035e+04 1.279178714752197266e+01
2.500192399999999907e+04 1.243060779571533203e+01
2.500200700000000143e+04 1.204437828063964844e+01
2.500209000000000015e+04 1.174988651275634766e+01
2.500217299999999886e+04 1.155406856536865234e+01
2.500225600000000122e+04 1.134353733062744141e+01
2.500233899999999994e+04 1.114199256896972656e+01
2.500242199999999866e+04 1.096643638610839844e+01
2.500250500000000102e+04 1.148901653289794922e+01
2.500258799999999974e+04 1.283209800720214844e+01
2.500267099999999846e+04 1.293988132476806641e+01
2.500275400000000081e+04 1.296527004241943359e+01
2.500283699999999953e+04 1.283873271942138672e+01
2.500291999999999825e+04 1.246028232574462891e+01
2.500300300000000061e+04 1.212012386322021484e+01
2.500308599999999933e+04 1.179371070861816406e+01
2.500316900000000169e+04 1.152618598937988281e+01
2.500325200000000041e+04 1.129143238067626953e+01
2.500333499999999913e+04 1.114311599731445312e+01
2.500341800000000148e+04 1.096231651306152344e+01
2.500350100000000020e+04 1.153521156311035156e+01
2.500358399999999892e+04 1.279534721374511719e+01
2.500366700000000128e+04 1.293570804595947266e+01
2.500375000000000000e+04 1.295275878906250000e+01
2.500383299999999872e+04 1.284718227386474609e+01
2.500391600000000108e+04 1.244483184814453125e+01
2.500399899999999980e+04 1.209867095947265625e+01
2.500408199999999852e+04 1.174394035339355469e+01
2.500416500000000087e+04 1.150260353088378906e+01
2.500424799999999959e+04 1.129326057434082031e+01
2.500433099999999831e+04 1.112054634094238281e+01
2.500441400000000067e+04 1.099667739868164062e+01
2.500449699999999939e+04 1.150577259063720703e+01
2.500458000000000175e+04 1.279804706573486328e+01
2.500466300000000047e+04 1.293782138824462891e+01
2.500474599999999919e+04 1.298593521118164062e+01
2.500482900000000154e+04 1.321341228485107422e+01
2.500491200000000026e+04 1.259895420074462891e+01
2.500499499999999898e+04 1.212244033813476562e+01
2.500507800000000134e+04 1.183516311645507812e+01
2.500516100000000006e+04 1.150763320922851562e+01
2.500524399999999878e+04 1.131471443176269531e+01
2.500532700000000114e+04 1.114579296112060547e+01
2.500540999999999985e+04 1.096205902099609375e+01
2.500549299999999857e+04 1.131897068023681641e+01
2.500557600000000093e+04 1.278215026855468750e+01
2.500565899999999965e+04 1.293438434600830078e+01
2.500574199999999837e+04 1.297440147399902344e+01
2.500582500000000073e+04 1.285804080963134766e+01
2.500590799999999945e+04 1.246543502807617188e+01
2.500599100000000180e+04 1.210533714294433594e+01
2.500607400000000052e+04 1.181336307525634766e+01
2.500615699999999924e+04 1.152872657775878906e+01
2.500624000000000160e+04 1.132323265075683594e+01
2.500632300000000032e+04 1.114838409423828125e+01
2.500640599999999904e+04 1.099450302124023438e+01
2.500648900000000140e+04 1.134709548950195312e+01
2.500657200000000012e+04 1.275791740417480469e+01
2.500665499999999884e+04 1.295144557952880859e+01
2.500673800000000119e+04 1.293292808532714844e+01
2.500682099999999991e+04 1.282946491241455078e+01
2.500690399999999863e+04 1.245672512054443359e+01
2.500698700000000099e+04 1.209953022003173828e+01
2.500706999999999971e+04 1.183206844329833984e+01
2.500715299999999843e+04 1.159309768676757812e+01
2.500723600000000079e+04 1.134578418731689453e+01
2.500731899999999951e+04 1.115507888793945312e+01
2.500740199999999822e+04 1.100695514678955078e+01
2.500748500000000058e+04 1.133229827880859375e+01
2.500756799999999930e+04 1.279021644592285156e+01
2.500765100000000166e+04 1.293801403045654297e+01
2.500773400000000038e+04 1.298696613311767578e+01
2.500781699999999910e+04 1.283882427215576172e+01
2.500790000000000146e+04 1.245957469940185547e+01
2.500798300000000017e+04 1.212602043151855469e+01
2.500806599999999889e+04 1.185166740417480469e+01
2.500814900000000125e+04 1.157942390441894531e+01
2.500823199999999997e+04 1.133798503875732422e+01
2.500831499999999869e+04 1.114147663116455078e+01
2.500839800000000105e+04 1.096745586395263672e+01
2.500848099999999977e+04 1.132889652252197266e+01
2.500856399999999849e+04 1.276573276519775391e+01
2.500864700000000084e+04 1.297937965393066406e+01
2.500872999999999956e+04 1.296987247467041016e+01
2.500881299999999828e+04 1.286515140533447266e+01
2.500889600000000064e+04 1.259959125518798828e+01
2.500897899999999936e+04 1.225977516174316406e+01
2.500906200000000172e+04 1.194737529754638672e+01
2.500914500000000044e+04 1.167783260345458984e+01
2.500922799999999916e+04 1.144372749328613281e+01
2.500931100000000151e+04 1.124400043487548828e+01
2.500939400000000023e+04 1.110068607330322266e+01
2.500947699999999895e+04 1.132678794860839844e+01
2.500956000000000131e+04 1.279442787170410156e+01
2.500964300000000003e+04 1.294640159606933594e+01
2.500972599999999875e+04 1.293878078460693359e+01
2.500980900000000111e+04 1.289032840728759766e+01
2.500989199999999983e+04 1.260383415222167969e+01
2.500997499999999854e+04 1.229890441894531250e+01
2.501005800000000090e+04 1.199658966064453125e+01
2.501014099999999962e+04 1.166701507568359375e+01
2.501022399999999834e+04 1.144285202026367188e+01
2.501030700000000070e+04 1.126809883117675781e+01
2.501038999999999942e+04 1.108808994293212891e+01
2.501047300000000178e+04 1.131334304809570312e+01
2.501055600000000049e+04 1.270299434661865234e+01
2.501063899999999921e+04 1.294134902954101562e+01
2.501072200000000157e+04 1.299538230895996094e+01
2.501080500000000029e+04 1.287661838531494141e+01
2.501088799999999901e+04 1.258536434173583984e+01
2.501097100000000137e+04 1.227032279968261719e+01
2.501105400000000009e+04 1.195553779602050781e+01
2.501113699999999881e+04 1.167322731018066406e+01
2.501122000000000116e+04 1.146130180358886719e+01
2.501130299999999988e+04 1.126936149597167969e+01
2.501138599999999860e+04 1.111765193939208984e+01
2.501146900000000096e+04 1.132349681854248047e+01
2.501155199999999968e+04 1.278793048858642578e+01
2.501163499999999840e+04 1.291924858093261719e+01
2.501171800000000076e+04 1.321395587921142578e+01
2.501180099999999948e+04 1.323489379882812500e+01
2.501188399999999820e+04 1.261518859863281250e+01
2.501196700000000055e+04 1.225170612335205078e+01
2.501204999999999927e+04 1.197838115692138672e+01
2.501213300000000163e+04 1.167029094696044922e+01
2.501221600000000035e+04 1.143975543975830078e+01
2.501229899999999907e+04 1.126265907287597656e+01
2.501238200000000143e+04 1.113484382629394531e+01
2.501246500000000015e+04 1.132496643066406250e+01
2.501254799999999886e+04 1.273961067199707031e+01
2.501263100000000122e+04 1.295373535156250000e+01
2.501271399999999994e+04 1.296483612060546875e+01
2.501279699999999866e+04 1.289951896667480469e+01
2.501288000000000102e+04 1.273167037963867188e+01
2.501296299999999974e+04 1.237850952148437500e+01
2.501304599999999846e+04 1.205069923400878906e+01
2.501312900000000081e+04 1.177070999145507812e+01
2.501321199999999953e+04 1.151385116577148438e+01
2.501329499999999825e+04 1.134560966491699219e+01
2.501337800000000061e+04 1.119517421722412109e+01
2.501346099999999933e+04 1.125519561767578125e+01
2.501354400000000169e+04 1.260642147064208984e+01
2.501362700000000041e+04 1.307623767852783203e+01
2.501370999999999913e+04 1.323980522155761719e+01
2.501379300000000148e+04 1.323696231842041016e+01
2.501387600000000020e+04 1.272972202301025391e+01
2.501395899999999892e+04 1.240783977508544922e+01
2.501404200000000128e+04 1.208356761932373047e+01
2.501412500000000000e+04 1.177070999145507812e+01
2.501420799999999872e+04 1.149930667877197266e+01
2.501429100000000108e+04 1.132871246337890625e+01
2.501437399999999980e+04 1.116774272918701172e+01
2.501445699999999852e+04 1.125317573547363281e+01
2.501454000000000087e+04 1.263559246063232422e+01
2.501462299999999959e+04 1.295556259155273438e+01
2.501470599999999831e+04 1.296863746643066406e+01
2.501478900000000067e+04 1.292646408081054688e+01
2.501487199999999939e+04 1.276778984069824219e+01
2.501495500000000175e+04 1.240485477447509766e+01
2.501503800000000047e+04 1.205720329284667969e+01
2.501512099999999919e+04 1.178457355499267578e+01
2.501520400000000154e+04 1.153647613525390625e+01
2.501528700000000026e+04 1.134258365631103516e+01
2.501536999999999898e+04 1.116517925262451172e+01
2.501545300000000134e+04 1.123976802825927734e+01
2.501553600000000006e+04 1.267253398895263672e+01
2.501561899999999878e+04 1.292564964294433594e+01
2.501570200000000114e+04 1.300128459930419922e+01
2.501578499999999985e+04 1.294947719573974609e+01
2.501586799999999857e+04 1.273057937622070312e+01
2.501595100000000093e+04 1.238853359222412109e+01
2.501603399999999965e+04 1.205835056304931641e+01
2.501611699999999837e+04 1.178848075866699219e+01
2.501620000000000073e+04 1.152837657928466797e+01
2.501628299999999945e+04 1.133190345764160156e+01
2.501636600000000180e+04 1.118714523315429688e+01
2.501644900000000052e+04 1.128583431243896484e+01
2.501653199999999924e+04 1.270241737365722656e+01
2.501661500000000160e+04 1.297659587860107422e+01
2.501669800000000032e+04 1.298850440979003906e+01
2.501678099999999904e+04 1.294824790954589844e+01
2.501686400000000140e+04 1.283292198181152344e+01
2.501694700000000012e+04 1.247796916961669922e+01
2.501702999999999884e+04 1.213253307342529297e+01
2.501711300000000119e+04 1.185885429382324219e+01
2.501719599999999991e+04 1.158159351348876953e+01
2.501727899999999863e+04 1.138755607604980469e+01
2.501736200000000099e+04 1.120855998992919922e+01
2.501744499999999971e+04 1.133130168914794922e+01
2.501752799999999843e+04 1.246331119537353516e+01
2.501761100000000079e+04 1.294310760498046875e+01
2.501769399999999951e+04 1.300927734375000000e+01
2.501777699999999822e+04 1.298915386199951172e+01
2.501786000000000058e+04 1.283757972717285156e+01
2.501794299999999930e+04 1.247493648529052734e+01
2.501802600000000166e+04 1.210558795928955078e+01
2.501810900000000038e+04 1.180810642242431641e+01
2.501819199999999910e+04 1.164066314697265625e+01
2.501827500000000146e+04 1.139847564697265625e+01
2.501835800000000017e+04 1.120042419433593750e+01
2.501844099999999889e+04 1.119511127471923828e+01
2.501852400000000125e+04 1.239220714569091797e+01
2.501860699999999997e+04 1.291437625885009766e+01
2.501868999999999869e+04 1.298985099792480469e+01
2.501877300000000105e+04 1.298641300201416016e+01
2.501885599999999977e+04 1.287980365753173828e+01
2.501893899999999849e+04 1.249681663513183594e+01
2.501902200000000084e+04 1.213622093200683594e+01
2.501910499999999956e+04 1.181202030181884766e+01
2.501918799999999828e+04 1.160282516479492188e+01
2.501927100000000064e+04 1.142387866973876953e+01
2.501935399999999936e+04 1.122823047637939453e+01
2.501943700000000172e+04 1.120656204223632812e+01
2.501952000000000044e+04 1.238218879699707031e+01
2.501960299999999916e+04 1.291342353820800781e+01
2.501968600000000151e+04 1.302782344818115234e+01
2.501976900000000023e+04 1.336469459533691406e+01
2.501985199999999895e+04 1.329170703887939453e+01
2.501993500000000131e+04 1.292019367218017578e+01
