2.998009800000000178e+04 6.600567016601562500e+02
2.998018100000000049e+04 6.600648193359375000e+02
2.998026399999999921e+04 6.600741577148437500e+02
2.998034700000000157e+04 6.600768432617187500e+02
2.998043000000000029e+04 6.600259399414062500e+02
2.998051299999999901e+04 6.597094116210937500e+02
2.998059600000000137e+04 6.592902832031250000e+02
2.998067900000000009e+04 6.589610595703125000e+02
2.998076199999999881e+04 6.588681030273437500e+02
2.998084500000000116e+04 6.588769531250000000e+02
2.998092799999999988e+04 6.588834838867187500e+02
2.998101099999999860e+04 6.588907470703125000e+02
2.998109400000000096e+04 6.588980102539062500e+02
2.998117699999999968e+04 6.589058227539062500e+02
2.998125999999999840e+04 6.589152221679687500e+02
2.998134300000000076e+04 6.589241333007812500e+02
2.998142599999999948e+04 6.588840332031250000e+02
2.998150899999999820e+04 6.585928955078125000e+02
2.998159200000000055e+04 6.581734619140625000e+02
2.998167499999999927e+04 6.578442382812500000e+02
2.998175800000000163e+04 6.577513427734375000e+02
2.998184100000000035e+04 6.577603759765625000e+02
2.998192399999999907e+04 6.577669067382812500e+02
2.998200700000000143e+04 6.577741699218750000e+02
2.998209000000000015e+04 6.577814941406250000e+02
2.998217299999999886e+04 6.577893066406250000e+02
2.998225600000000122e+04 6.577987670898437500e+02
2.998233899999999994e+04 6.578077392578125000e+02
2.998242199999999866e+04 6.577676391601562500e+02
2.998250500000000102e+04 6.574763183593750000e+02
2.998258799999999974e+04 6.570569458007812500e+02
2.998267099999999846e+04 6.567276000976562500e+02
2.998275400000000081e+04 6.566348266601562500e+02
2.998283699999999953e+04 6.566439208984375000e+02
2.998291999999999825e+04 6.566505126953125000e+02
2.998300300000000061e+04 6.566577758789062500e+02
2.998308599999999933e+04 6.566651000976562500e+02
2.998316900000000169e+04 6.566729736328125000e+02
2.998325200000000041e+04 6.566824340820312500e+02
2.998333499999999913e+04 6.566914062500000000e+02
2.998341800000000148e+04 6.566513671875000000e+02
2.998350100000000020e+04 6.563599243164062500e+02
2.998358399999999892e+04 6.559405517578125000e+02
2.998366700000000128e+04 6.556110839843750000e+02
2.998375000000000000e+04 6.555182495117187500e+02
2.998383299999999872e+04 6.555274047851562500e+02
2.998391600000000108e+04 6.555339965820312500e+02
2.998399899999999980e+04 6.555413208007812500e+02
2.998408199999999852e+04 6.555486450195312500e+02
2.998416500000000087e+04 6.555564575195312500e+02
2.998424799999999959e+04 6.555659790039062500e+02
2.998433099999999831e+04 6.555749511718750000e+02
2.998441400000000067e+04 6.555348510742187500e+02
2.998449699999999939e+04 6.552433471679687500e+02
2.998458000000000175e+04 6.548238525390625000e+02
2.998466300000000047e+04 6.544764404296875000e+02
2.998474599999999919e+04 6.543362426757812500e+02
2.998482900000000154e+04 6.543257446289062500e+02
2.998491200000000026e+04 6.543334960937500000e+02
2.998499499999999898e+04 6.543407592773437500e+02
2.998507800000000134e+04 6.543481445312500000e+02
2.998516100000000006e+04 6.543559570312500000e+02
2.998524399999999878e+04 6.543651733398437500e+02
2.998532700000000114e+04 6.543743286132812500e+02
2.998540999999999985e+04 6.543479003906250000e+02
2.998549299999999857e+04 6.541010131835937500e+02
2.998557600000000093e+04 6.537068481445312500e+02
2.998565899999999965e+04 6.533593139648437500e+02
2.998574199999999837e+04 6.532191162109375000e+02
2.998582500000000073e+04 6.532085571289062500e+02
2.998590799999999945e+04 6.532163696289062500e+02
2.998599100000000180e+04 6.532236328125000000e+02
2.998607400000000052e+04 6.532310180664062500e+02
2.998615699999999924e+04 6.532388305664062500e+02
2.998624000000000160e+04 6.532481079101562500e+02
2.998632300000000032e+04 6.532572631835937500e+02
2.998640599999999904e+04 6.532308959960937500e+02
2.998648900000000140e+04 6.529838867187500000e+02
2.998657200000000012e+04 6.525896606445312500e+02
2.998665499999999884e+04 6.522420043945312500e+02
2.998673800000000119e+04 6.521017456054687500e+02
2.998682099999999991e+04 6.520912475585937500e+02
2.998690399999999863e+04 6.520990600585937500e+02
2.998698700000000099e+04 6.521063232421875000e+02
2.998706999999999971e+04 6.521137695312500000e+02
2.998715299999999843e+04 6.521215820312500000e+02
2.998723600000000079e+04 6.521309204101562500e+02
2.998731899999999951e+04 6.521400756835937500e+02
2.998740199999999822e+04 6.521137084960937500e+02
2.998748500000000058e+04 6.518666381835937500e+02
2.998756799999999930e+04 6.514723510742187500e+02
2.998765100000000166e+04 6.511245727539062500e+02
2.998773400000000038e+04 6.509842529296875000e+02
2.998781699999999910e+04 6.509737548828125000e+02
2.998790000000000146e+04 6.509815673828125000e+02
2.998798300000000017e+04 6.509888916015625000e+02
2.998806599999999889e+04 6.509963378906250000e+02
2.998814900000000125e+04 6.510040893554687500e+02
2.998823199999999997e+04 6.510134277343750000e+02
2.998831499999999869e+04 6.510226440429687500e+02
2.998839800000000105e+04 6.509962158203125000e+02
2.998848099999999977e+04 6.507490844726562500e+02
2.998856399999999849e+04 6.503546142578125000e+02
2.998864700000000084e+04 6.499889526367187500e+02
2.998872999999999956e+04 6.498011474609375000e+02
2.998881299999999828e+04 6.497703247070312500e+02
2.998889600000000064e+04 6.497783813476562500e+02
2.998897899999999936e+04 6.497855224609375000e+02
2.998906200000000172e+04 6.497930297851562500e+02
2.998914500000000044e+04 6.498008422851562500e+02
2.998922799999999916e+04 6.498098144531250000e+02
2.998931100000000151e+04 6.498191528320312500e+02
2.998939400000000023e+04 6.498092041015625000e+02
2.998947699999999895e+04 6.496066284179687500e+02
2.998956000000000131e+04 6.492376098632812500e+02
2.998964300000000003e+04 6.488717041015625000e+02
2.998972599999999875e+04 6.486838378906250000e+02
2.998980900000000111e+04 6.486530151367187500e+02
2.998989199999999983e+04 6.486611328125000000e+02
2.998997499999999854e+04 6.486682739257812500e+02
2.999005800000000090e+04 6.486757812500000000e+02
2.999014099999999962e+04 6.486835937500000000e+02
2.999022399999999834e+04 6.486926269531250000e+02
2.999030700000000070e+04 6.487019653320312500e+02
2.999038999999999942e+04 6.486919555664062500e+02
2.999047300000000178e+04 6.484893188476562500e+02
2.999055600000000049e+04 6.481202392578125000e+02
2.999063899999999921e+04 6.477542724609375000e+02
2.999072200000000157e+04 6.475664062500000000e+02
2.999080500000000029e+04 6.475355224609375000e+02
2.999088799999999901e+04 6.475436401367187500e+02
2.999097100000000137e+04 6.475508422851562500e+02
2.999105400000000009e+04 6.475583496093750000e+02
2.999113699999999881e+04 6.475662231445312500e+02
2.999122000000000116e+04 6.475752563476562500e+02
2.999130299999999988e+04 6.475845947265625000e+02
2.999138599999999860e+04 6.475745849609375000e+02
2.999146900000000096e+04 6.473718872070312500e+02
2.999155199999999968e+04 6.470026855468750000e+02
2.999163499999999840e+04 6.466365966796875000e+02
2.999171800000000076e+04 6.464486694335937500e+02
2.999180099999999948e+04 6.464178466796875000e+02
2.999188399999999820e+04 6.464259643554687500e+02
2.999196700000000055e+04 6.464331665039062500e+02
2.999204999999999927e+04 6.464407348632812500e+02
2.999213300000000163e+04 6.464484863281250000e+02
2.999221600000000035e+04 6.464575195312500000e+02
2.999229899999999907e+04 6.464669189453125000e+02
2.999238200000000143e+04 6.464569091796875000e+02
2.999246500000000015e+04 6.462541503906250000e+02
2.999254799999999886e+04 6.458848266601562500e+02
2.999263100000000122e+04 6.455186767578125000e+02
2.999271399999999994e+04 6.452831420898437500e+02
2.999279699999999866e+04 6.452316894531250000e+02
2.999288000000000102e+04 6.452402343750000000e+02
2.999296299999999974e+04 6.452473144531250000e+02
2.999304599999999846e+04 6.452548828125000000e+02
2.999312900000000081e+04 6.452626342773437500e+02
2.999321199999999953e+04 6.452717285156250000e+02
2.999329499999999825e+04 6.452812500000000000e+02
2.999337800000000061e+04 6.452779541015625000e+02
2.999346099999999933e+04 6.451296997070312500e+02
2.999354400000000169e+04 6.447861328125000000e+02
2.999362700000000041e+04 6.444017944335937500e+02
2.999370999999999913e+04 6.441663208007812500e+02
2.999379300000000148e+04 6.441148071289062500e+02
2.999387600000000020e+04 6.441233520507812500e+02
2.999395899999999892e+04 6.441304931640625000e+02
2.999404200000000128e+04 6.441380615234375000e+02
2.999412500000000000e+04 6.441458740234375000e+02
2.999420799999999872e+04 6.441546630859375000e+02
2.999429100000000108e+04 6.441641845703125000e+02
2.999437399999999980e+04 6.441609497070312500e+02
2.999445699999999852e+04 6.440124511718750000e+02
2.999454000000000087e+04 6.436687622070312500e+02
2.999462299999999959e+04 6.432843017578125000e+02
2.999470599999999831e+04 6.430487670898437500e+02
2.999478900000000067e+04 6.429972534179687500e+02
2.999487199999999939e+04 6.430057983398437500e+02
2.999495500000000175e+04 6.430130004882812500e+02
2.999503800000000047e+04 6.430205688476562500e+02
2.999512099999999919e+04 6.430283813476562500e+02
2.999520400000000154e+04 6.430371704101562500e+02
2.999528700000000026e+04 6.430467529296875000e+02
2.999536999999999898e+04 6.430435180664062500e+02
2.999545300000000134e+04 6.428950195312500000e+02
2.999553600000000006e+04 6.425512695312500000e+02
2.999561899999999878e+04 6.421666870117187500e+02
2.999570200000000114e+04 6.419310302734375000e+02
2.999578499999999985e+04 6.418795166015625000e+02
2.999586799999999857e+04 6.418881225585937500e+02
2.999595100000000093e+04 6.418952636718750000e+02
2.999603399999999965e+04 6.419028930664062500e+02
2.999611699999999837e+04 6.419106445312500000e+02
2.999620000000000073e+04 6.419194946289062500e+02
2.999628299999999945e+04 6.419290771484375000e+02
2.999636600000000180e+04 6.419258422851562500e+02
2.999644900000000052e+04 6.417772216796875000e+02
2.999653199999999924e+04 6.414333496093750000e+02
2.999661500000000160e+04 6.410487060546875000e+02
2.999669800000000032e+04 6.407654418945312500e+02
2.999678099999999904e+04 6.406930541992187500e+02
2.999686400000000140e+04 6.407020874023437500e+02
2.999694700000000012e+04 6.407091674804687500e+02
2.999702999999999884e+04 6.407167968750000000e+02
2.999711300000000119e+04 6.407245483398437500e+02
2.999719599999999991e+04 6.407333984375000000e+02
2.999727899999999863e+04 6.407431030273437500e+02
2.999736200000000099e+04 6.407399291992187500e+02
2.999744499999999971e+04 6.406368408203125000e+02
2.999752799999999843e+04 6.403173828125000000e+02
2.999761100000000079e+04 6.399148559570312500e+02
2.999769399999999951e+04 6.396314697265625000e+02
2.999777699999999822e+04 6.395590820312500000e+02
2.999786000000000058e+04 6.395681762695312500e+02
2.999794299999999930e+04 6.395751953125000000e+02
2.999802600000000166e+04 6.395828857421875000e+02
2.999810900000000038e+04 6.395906372070312500e+02
2.999819199999999910e+04 6.395991821289062500e+02
2.999827500000000146e+04 6.396089477539062500e+02
2.999835800000000017e+04 6.396119995117187500e+02
2.999844099999999889e+04 6.395163574218750000e+02
2.999852400000000125e+04 6.391998291015625000e+02
2.999860699999999997e+04 6.387965087890625000e+02
2.999868999999999869e+04 6.385131835937500000e+02
2.999877300000000105e+04 6.384407348632812500e+02
2.999885599999999977e+04 6.384498291015625000e+02
2.999893899999999849e+04 6.384569091796875000e+02
2.999902200000000084e+04 6.384645996093750000e+02
2.999910499999999956e+04 6.384724121093750000e+02
2.999918799999999828e+04 6.384809570312500000e+02
2.999927100000000064e+04 6.384907226562500000e+02
2.999935399999999936e+04 6.384938354492187500e+02
2.999943700000000172e+04 6.383981323242187500e+02
2.999952000000000044e+04 6.380815429687500000e+02
2.999960299999999916e+04 6.376781005859375000e+02
2.999968600000000151e+04 6.373947143554687500e+02
2.999976900000000023e+04 6.373222656250000000e+02
2.999985199999999895e+04 6.373313598632812500e+02
2.999993500000000131e+04 6.373385009765625000e+02
