2.998009800000000178e+04 7.280074462890625000e+02
2.998018100000000049e+04 7.280155639648437500e+02
2.998026399999999921e+04 7.280249023437500000e+02
2.998034700000000157e+04 7.280275878906250000e+02
2.998043000000000029e+04 7.279766845703125000e+02
2.998051299999999901e+04 7.276601562500000000e+02
2.998059600000000137e+04 7.272410278320312500e+02
2.998067900000000009e+04 7.269118041992187500e+02
2.998076199999999881e+04 7.268188476562500000e+02
2.998084500000000116e+04 7.268276977539062500e+02
2.998092799999999988e+04 7.268342285156250000e+02
2.998101099999999860e+04 7.268414916992187500e+02
2.998109400000000096e+04 7.268487548828125000e+02
2.998117699999999968e+04 7.268565673828125000e+02
2.998125999999999840e+04 7.268660278320312500e+02
2.998134300000000076e+04 7.268748779296875000e+02
2.998142599999999948e+04 7.268347778320312500e+02
2.998150899999999820e+04 7.265436401367187500e+02
2.998159200000000055e+04 7.261242065429687500e+02
2.998167499999999927e+04 7.257949829101562500e+02
2.998175800000000163e+04 7.257020874023437500e+02
2.998184100000000035e+04 7.257111206054687500e+02
2.998192399999999907e+04 7.257176513671875000e+02
2.998200700000000143e+04 7.257249145507812500e+02
2.998209000000000015e+04 7.257322387695312500e+02
2.998217299999999886e+04 7.257400512695312500e+02
2.998225600000000122e+04 7.257495117187500000e+02
2.998233899999999994e+04 7.257584838867187500e+02
2.998242199999999866e+04 7.257183837890625000e+02
2.998250500000000102e+04 7.254270629882812500e+02
2.998258799999999974e+04 7.250076904296875000e+02
2.998267099999999846e+04 7.246783447265625000e+02
2.998275400000000081e+04 7.245855712890625000e+02
2.998283699999999953e+04 7.245946655273437500e+02
2.998291999999999825e+04 7.246012573242187500e+02
2.998300300000000061e+04 7.246085205078125000e+02
2.998308599999999933e+04 7.246158447265625000e+02
2.998316900000000169e+04 7.246237182617187500e+02
2.998325200000000041e+04 7.246331787109375000e+02
2.998333499999999913e+04 7.246421508789062500e+02
2.998341800000000148e+04 7.246021118164062500e+02
2.998350100000000020e+04 7.243106689453125000e+02
2.998358399999999892e+04 7.238912963867187500e+02
2.998366700000000128e+04 7.235618286132812500e+02
2.998375000000000000e+04 7.234689941406250000e+02
2.998383299999999872e+04 7.234781494140625000e+02
2.998391600000000108e+04 7.234847412109375000e+02
2.998399899999999980e+04 7.234920654296875000e+02
2.998408199999999852e+04 7.234993896484375000e+02
2.998416500000000087e+04 7.235072021484375000e+02
2.998424799999999959e+04 7.235167236328125000e+02
2.998433099999999831e+04 7.235256958007812500e+02
2.998441400000000067e+04 7.234855957031250000e+02
2.998449699999999939e+04 7.231940917968750000e+02
2.998458000000000175e+04 7.227745971679687500e+02
2.998466300000000047e+04 7.224271850585937500e+02
2.998474599999999919e+04 7.222869873046875000e+02
2.998482900000000154e+04 7.222764892578125000e+02
2.998491200000000026e+04 7.222842407226562500e+02
2.998499499999999898e+04 7.222915039062500000e+02
2.998507800000000134e+04 7.222988891601562500e+02
2.998516100000000006e+04 7.223067016601562500e+02
2.998524399999999878e+04 7.223159179687500000e+02
2.998532700000000114e+04 7.223250732421875000e+02
2.998540999999999985e+04 7.222986450195312500e+02
2.998549299999999857e+04 7.220517578125000000e+02
2.998557600000000093e+04 7.216576538085937500e+02
2.998565899999999965e+04 7.213100585937500000e+02
2.998574199999999837e+04 7.211698608398437500e+02
2.998582500000000073e+04 7.211593017578125000e+02
2.998590799999999945e+04 7.211671142578125000e+02
2.998599100000000180e+04 7.211743774414062500e+02
2.998607400000000052e+04 7.211817626953125000e+02
2.998615699999999924e+04 7.211895751953125000e+02
2.998624000000000160e+04 7.211988525390625000e+02
2.998632300000000032e+04 7.212080078125000000e+02
2.998640599999999904e+04 7.211816406250000000e+02
2.998648900000000140e+04 7.209346313476562500e+02
2.998657200000000012e+04 7.205404052734375000e+02
2.998665499999999884e+04 7.201927490234375000e+02
2.998673800000000119e+04 7.200524902343750000e+02
2.998682099999999991e+04 7.200419921875000000e+02
2.998690399999999863e+04 7.200498046875000000e+02
2.998698700000000099e+04 7.200570678710937500e+02
2.998706999999999971e+04 7.200645141601562500e+02
2.998715299999999843e+04 7.200723266601562500e+02
2.998723600000000079e+04 7.200816650390625000e+02
2.998731899999999951e+04 7.200908203125000000e+02
2.998740199999999822e+04 7.200644531250000000e+02
2.998748500000000058e+04 7.198173828125000000e+02
2.998756799999999930e+04 7.194230957031250000e+02
2.998765100000000166e+04 7.190753173828125000e+02
2.998773400000000038e+04 7.189349975585937500e+02
2.998781699999999910e+04 7.189244995117187500e+02
2.998790000000000146e+04 7.189323120117187500e+02
2.998798300000000017e+04 7.189396362304687500e+02
2.998806599999999889e+04 7.189470825195312500e+02
2.998814900000000125e+04 7.189548339843750000e+02
2.998823199999999997e+04 7.189641723632812500e+02
2.998831499999999869e+04 7.189733886718750000e+02
2.998839800000000105e+04 7.189469604492187500e+02
2.998848099999999977e+04 7.186998291015625000e+02
2.998856399999999849e+04 7.183053588867187500e+02
2.998864700000000084e+04 7.179396972656250000e+02
2.998872999999999956e+04 7.177518920898437500e+02
2.998881299999999828e+04 7.177210693359375000e+02
2.998889600000000064e+04 7.177291259765625000e+02
2.998897899999999936e+04 7.177362670898437500e+02
2.998906200000000172e+04 7.177437744140625000e+02
2.998914500000000044e+04 7.177515869140625000e+02
2.998922799999999916e+04 7.177605590820312500e+02
2.998931100000000151e+04 7.177698974609375000e+02
2.998939400000000023e+04 7.177599487304687500e+02
2.998947699999999895e+04 7.175573730468750000e+02
2.998956000000000131e+04 7.171883544921875000e+02
2.998964300000000003e+04 7.168224487304687500e+02
2.998972599999999875e+04 7.166345825195312500e+02
2.998980900000000111e+04 7.166037597656250000e+02
2.998989199999999983e+04 7.166118774414062500e+02
2.998997499999999854e+04 7.166190185546875000e+02
2.999005800000000090e+04 7.197625122070312500e+02
2.999014099999999962e+04 7.197703247070312500e+02
2.999022399999999834e+04 7.197793579101562500e+02
2.999030700000000070e+04 7.197886962890625000e+02
2.999038999999999942e+04 7.197786865234375000e+02
2.999047300000000178e+04 7.195760498046875000e+02
2.999055600000000049e+04 7.192069702148437500e+02
2.999063899999999921e+04 7.188410034179687500e+02
2.999072200000000157e+04 7.186531372070312500e+02
2.999080500000000029e+04 7.186223144531250000e+02
2.999088799999999901e+04 7.186304321289062500e+02
2.999097100000000137e+04 7.186375732421875000e+02
2.999105400000000009e+04 7.186450805664062500e+02
2.999113699999999881e+04 7.186529541015625000e+02
2.999122000000000116e+04 7.186619873046875000e+02
2.999130299999999988e+04 7.186713256835937500e+02
2.999138599999999860e+04 7.186613159179687500e+02
2.999146900000000096e+04 7.184586181640625000e+02
2.999155199999999968e+04 7.180894775390625000e+02
2.999163499999999840e+04 7.177233276367187500e+02
2.999171800000000076e+04 7.175354003906250000e+02
2.999180099999999948e+04 7.175045776367187500e+02
2.999188399999999820e+04 7.175126953125000000e+02
2.999196700000000055e+04 7.175198974609375000e+02
2.999204999999999927e+04 7.175274658203125000e+02
2.999213300000000163e+04 7.175352172851562500e+02
2.999221600000000035e+04 7.175442504882812500e+02
2.999229899999999907e+04 7.175536499023437500e+02
2.999238200000000143e+04 7.175436401367187500e+02
2.999246500000000015e+04 7.173408813476562500e+02
2.999254799999999886e+04 7.169715576171875000e+02
2.999263100000000122e+04 7.166054077148437500e+02
2.999271399999999994e+04 7.163698730468750000e+02
2.999279699999999866e+04 7.163184204101562500e+02
2.999288000000000102e+04 7.163269653320312500e+02
2.999296299999999974e+04 7.163340454101562500e+02
2.999304599999999846e+04 7.163416137695312500e+02
2.999312900000000081e+04 7.163493652343750000e+02
2.999321199999999953e+04 7.163584594726562500e+02
2.999329499999999825e+04 7.163679809570312500e+02
2.999337800000000061e+04 7.163646850585937500e+02
2.999346099999999933e+04 7.162164306640625000e+02
2.999354400000000169e+04 7.158728637695312500e+02
2.999362700000000041e+04 7.154885253906250000e+02
2.999370999999999913e+04 7.152530517578125000e+02
2.999379300000000148e+04 7.152015380859375000e+02
2.999387600000000020e+04 7.152100830078125000e+02
2.999395899999999892e+04 7.152172241210937500e+02
2.999404200000000128e+04 7.152247924804687500e+02
2.999412500000000000e+04 7.152326049804687500e+02
2.999420799999999872e+04 7.152413940429687500e+02
2.999429100000000108e+04 7.152509155273437500e+02
2.999437399999999980e+04 7.152476806640625000e+02
2.999445699999999852e+04 7.150991821289062500e+02
2.999454000000000087e+04 7.147555541992187500e+02
2.999462299999999959e+04 7.143710937500000000e+02
2.999470599999999831e+04 7.141354980468750000e+02
2.999478900000000067e+04 7.140839843750000000e+02
2.999487199999999939e+04 7.140925903320312500e+02
2.999495500000000175e+04 7.140997314453125000e+02
2.999503800000000047e+04 7.141072998046875000e+02
2.999512099999999919e+04 7.141151123046875000e+02
2.999520400000000154e+04 7.141239013671875000e+02
2.999528700000000026e+04 7.141334838867187500e+02
2.999536999999999898e+04 7.141303100585937500e+02
2.999545300000000134e+04 7.139817504882812500e+02
2.999553600000000006e+04 7.136380004882812500e+02
2.999561899999999878e+04 7.132534179687500000e+02
2.999570200000000114e+04 7.130177612304687500e+02
2.999578499999999985e+04 7.129662475585937500e+02
2.999586799999999857e+04 7.129748535156250000e+02
2.999595100000000093e+04 7.129819946289062500e+02
2.999603399999999965e+04 7.129896240234375000e+02
2.999611699999999837e+04 7.129973754882812500e+02
2.999620000000000073e+04 7.130062255859375000e+02
2.999628299999999945e+04 7.130158081054687500e+02
2.999636600000000180e+04 7.130126342773437500e+02
2.999644900000000052e+04 7.128639526367187500e+02
2.999653199999999924e+04 7.125201416015625000e+02
2.999661500000000160e+04 7.121354370117187500e+02
2.999669800000000032e+04 7.118521728515625000e+02
2.999678099999999904e+04 7.117797851562500000e+02
2.999686400000000140e+04 7.117888793945312500e+02
2.999694700000000012e+04 7.117958984375000000e+02
2.999702999999999884e+04 7.118035278320312500e+02
2.999711300000000119e+04 7.118112792968750000e+02
2.999719599999999991e+04 7.118201293945312500e+02
2.999727899999999863e+04 7.118298339843750000e+02
2.999736200000000099e+04 7.118266601562500000e+02
2.999744499999999971e+04 7.117235717773437500e+02
2.999752799999999843e+04 7.114041137695312500e+02
2.999761100000000079e+04 7.110015869140625000e+02
2.999769399999999951e+04 7.107182006835937500e+02
2.999777699999999822e+04 7.106458129882812500e+02
2.999786000000000058e+04 7.106549072265625000e+02
2.999794299999999930e+04 7.106619262695312500e+02
2.999802600000000166e+04 7.106696166992187500e+02
2.999810900000000038e+04 7.106773681640625000e+02
2.999819199999999910e+04 7.106859130859375000e+02
2.999827500000000146e+04 7.106956787109375000e+02
2.999835800000000017e+04 7.106987304687500000e+02
2.999844099999999889e+04 7.106030883789062500e+02
2.999852400000000125e+04 7.102865600585937500e+02
2.999860699999999997e+04 7.098832397460937500e+02
2.999868999999999869e+04 7.095999145507812500e+02
2.999877300000000105e+04 7.095274658203125000e+02
2.999885599999999977e+04 7.095365600585937500e+02
2.999893899999999849e+04 7.095436401367187500e+02
2.999902200000000084e+04 7.095513305664062500e+02
2.999910499999999956e+04 7.095591430664062500e+02
2.999918799999999828e+04 7.095676879882812500e+02
2.999927100000000064e+04 7.095774536132812500e+02
2.999935399999999936e+04 7.095805664062500000e+02
2.999943700000000172e+04 7.094848632812500000e+02
2.999952000000000044e+04 7.091682739257812500e+02
2.999960299999999916e+04 7.087648925781250000e+02
2.999968600000000151e+04 7.084814453125000000e+02
2.999976900000000023e+04 7.084089965820312500e+02
2.999985199999999895e+04 7.084180908203125000e+02
2.999993500000000131e+04 7.084252319335937500e+02
