2.998009800000000178e+04 7.175717773437500000e+02
2.998018100000000049e+04 7.175821533203125000e+02
2.998026399999999921e+04 7.175936889648437500e+02
2.998034700000000157e+04 7.175984497070312500e+02
2.998043000000000029e+04 7.175499267578125000e+02
2.998051299999999901e+04 7.172300415039062500e+02
2.998059600000000137e+04 7.168084106445312500e+02
2.998067900000000009e+04 7.164761352539062500e+02
2.998076199999999881e+04 7.163806152343750000e+02
2.998084500000000116e+04 7.163889160156250000e+02
2.998092799999999988e+04 7.163973999023437500e+02
2.998101099999999860e+04 7.164067993164062500e+02
2.998109400000000096e+04 7.164162597656250000e+02
2.998117699999999968e+04 7.164262695312500000e+02
2.998125999999999840e+04 7.164379272460937500e+02
2.998134300000000076e+04 7.164487304687500000e+02
2.998142599999999948e+04 7.164104614257812500e+02
2.998150899999999820e+04 7.161157836914062500e+02
2.998159200000000055e+04 7.156941528320312500e+02
2.998167499999999927e+04 7.153626708984375000e+02
2.998175800000000163e+04 7.152668457031250000e+02
2.998184100000000035e+04 7.152753295898437500e+02
2.998192399999999907e+04 7.152837524414062500e+02
2.998200700000000143e+04 7.152932739257812500e+02
2.998209000000000015e+04 7.153027343750000000e+02
2.998217299999999886e+04 7.153128051757812500e+02
2.998225600000000122e+04 7.153244628906250000e+02
2.998233899999999994e+04 7.153353271484375000e+02
2.998242199999999866e+04 7.152970581054687500e+02
2.998250500000000102e+04 7.150026245117187500e+02
2.998258799999999974e+04 7.145812988281250000e+02
2.998267099999999846e+04 7.142489624023437500e+02
2.998275400000000081e+04 7.141536254882812500e+02
2.998283699999999953e+04 7.141622314453125000e+02
2.998291999999999825e+04 7.141707153320312500e+02
2.998300300000000061e+04 7.141801757812500000e+02
2.998308599999999933e+04 7.141897583007812500e+02
2.998316900000000169e+04 7.141998291015625000e+02
2.998325200000000041e+04 7.142114257812500000e+02
2.998333499999999913e+04 7.142222900390625000e+02
2.998341800000000148e+04 7.141837768554687500e+02
2.998350100000000020e+04 7.138887939453125000e+02
2.998358399999999892e+04 7.134652709960937500e+02
2.998366700000000128e+04 7.131328125000000000e+02
2.998375000000000000e+04 7.130370483398437500e+02
2.998383299999999872e+04 7.130427856445312500e+02
2.998391600000000108e+04 7.130510253906250000e+02
2.998399899999999980e+04 7.130603027343750000e+02
2.998408199999999852e+04 7.130698852539062500e+02
2.998416500000000087e+04 7.130797119140625000e+02
2.998424799999999959e+04 7.130913696289062500e+02
2.998433099999999831e+04 7.131022338867187500e+02
2.998441400000000067e+04 7.130637207031250000e+02
2.998449699999999939e+04 7.127687377929687500e+02
2.998458000000000175e+04 7.123468627929687500e+02
2.998466300000000047e+04 7.119963989257812500e+02
2.998474599999999919e+04 7.118508300781250000e+02
2.998482900000000154e+04 7.118353271484375000e+02
2.998491200000000026e+04 7.118423461914062500e+02
2.998499499999999898e+04 7.118518066406250000e+02
2.998507800000000134e+04 7.118613891601562500e+02
2.998516100000000006e+04 7.118713989257812500e+02
2.998524399999999878e+04 7.118827514648437500e+02
2.998532700000000114e+04 7.118940429687500000e+02
2.998540999999999985e+04 7.118695678710937500e+02
2.998549299999999857e+04 7.116200561523437500e+02
2.998557600000000093e+04 7.112241821289062500e+02
2.998565899999999965e+04 7.108743286132812500e+02
2.998574199999999837e+04 7.107302856445312500e+02
2.998582500000000073e+04 7.107165527343750000e+02
2.998590799999999945e+04 7.107224731445312500e+02
2.998599100000000180e+04 7.107316894531250000e+02
2.998607400000000052e+04 7.107412719726562500e+02
2.998615699999999924e+04 7.107514038085937500e+02
2.998624000000000160e+04 7.107628173828125000e+02
2.998632300000000032e+04 7.107738647460937500e+02
2.998640599999999904e+04 7.107491455078125000e+02
2.998648900000000140e+04 7.104997558593750000e+02
2.998657200000000012e+04 7.101037597656250000e+02
2.998665499999999884e+04 7.097537231445312500e+02
2.998673800000000119e+04 7.096111450195312500e+02
2.998682099999999991e+04 7.095988159179687500e+02
2.998690399999999863e+04 7.096079101562500000e+02
2.998698700000000099e+04 7.096174316406250000e+02
2.998706999999999971e+04 7.096271362304687500e+02
2.998715299999999843e+04 7.096371459960937500e+02
2.998723600000000079e+04 7.096486206054687500e+02
2.998731899999999951e+04 7.096599121093750000e+02
2.998740199999999822e+04 7.096352539062500000e+02
2.998748500000000058e+04 7.093858032226562500e+02
2.998756799999999930e+04 7.089880981445312500e+02
2.998765100000000166e+04 7.086333007812500000e+02
2.998773400000000038e+04 7.084862060546875000e+02
2.998781699999999910e+04 7.084697265625000000e+02
2.998790000000000146e+04 7.084765625000000000e+02
2.998798300000000017e+04 7.084861450195312500e+02
2.998806599999999889e+04 7.084959106445312500e+02
2.998814900000000125e+04 7.085059204101562500e+02
2.998823199999999997e+04 7.085174560546875000e+02
2.998831499999999869e+04 7.085286254882812500e+02
2.998839800000000105e+04 7.085040283203125000e+02
2.998848099999999977e+04 7.082543945312500000e+02
2.998856399999999849e+04 7.078583374023437500e+02
2.998864700000000084e+04 7.074903564453125000e+02
2.998872999999999956e+04 7.073002929687500000e+02
2.998881299999999828e+04 7.072628784179687500e+02
2.998889600000000064e+04 7.072671508789062500e+02
2.998897899999999936e+04 7.072738647460937500e+02
2.998906200000000172e+04 7.072830200195312500e+02
2.998914500000000044e+04 7.072930908203125000e+02
2.998922799999999916e+04 7.073043212890625000e+02
2.998931100000000151e+04 7.073156738281250000e+02
2.998939400000000023e+04 7.073075561523437500e+02
2.998947699999999895e+04 7.071034545898437500e+02
2.998956000000000131e+04 7.067319946289062500e+02
2.998964300000000003e+04 7.063640747070312500e+02
2.998972599999999875e+04 7.061737670898437500e+02
2.998980900000000111e+04 7.061403808593750000e+02
2.998989199999999983e+04 7.061494140625000000e+02
2.998997499999999854e+04 7.061587524414062500e+02
2.999005800000000090e+04 7.093098754882812500e+02
2.999014099999999962e+04 7.093198852539062500e+02
2.999022399999999834e+04 7.093311157226562500e+02
2.999030700000000070e+04 7.093424072265625000e+02
2.999038999999999942e+04 7.093344116210937500e+02
2.999047300000000178e+04 7.091301879882812500e+02
2.999055600000000049e+04 7.087588500976562500e+02
2.999063899999999921e+04 7.083901977539062500e+02
2.999072200000000157e+04 7.081990966796875000e+02
2.999080500000000029e+04 7.081649780273437500e+02
2.999088799999999901e+04 7.081730346679687500e+02
2.999097100000000137e+04 7.081823120117187500e+02
2.999105400000000009e+04 7.081920776367187500e+02
2.999113699999999881e+04 7.082020874023437500e+02
2.999122000000000116e+04 7.082132568359375000e+02
2.999130299999999988e+04 7.082246093750000000e+02
2.999138599999999860e+04 7.082165527343750000e+02
2.999146900000000096e+04 7.080120849609375000e+02
2.999155199999999968e+04 7.076403198242187500e+02
2.999163499999999840e+04 7.072722167968750000e+02
2.999171800000000076e+04 7.070819091796875000e+02
2.999180099999999948e+04 7.070486450195312500e+02
2.999188399999999820e+04 7.070577392578125000e+02
2.999196700000000055e+04 7.070670776367187500e+02
2.999204999999999927e+04 7.070768432617187500e+02
2.999213300000000163e+04 7.070867919921875000e+02
2.999221600000000035e+04 7.070979003906250000e+02
2.999229899999999907e+04 7.071093139648437500e+02
2.999238200000000143e+04 7.071013183593750000e+02
2.999246500000000015e+04 7.068969116210937500e+02
2.999254799999999886e+04 7.065254516601562500e+02
2.999263100000000122e+04 7.061565551757812500e+02
2.999271399999999994e+04 7.059178466796875000e+02
2.999279699999999866e+04 7.058629760742187500e+02
2.999288000000000102e+04 7.058706665039062500e+02
2.999296299999999974e+04 7.058796997070312500e+02
2.999304599999999846e+04 7.058894042968750000e+02
2.999312900000000081e+04 7.058992309570312500e+02
2.999321199999999953e+04 7.059104003906250000e+02
2.999329499999999825e+04 7.059218139648437500e+02
2.999337800000000061e+04 7.059201660156250000e+02
2.999346099999999933e+04 7.057717285156250000e+02
2.999354400000000169e+04 7.054234008789062500e+02
2.999362700000000041e+04 7.050369873046875000e+02
2.999370999999999913e+04 7.047988281250000000e+02
2.999379300000000148e+04 7.047445678710937500e+02
2.999387600000000020e+04 7.047534790039062500e+02
2.999395899999999892e+04 7.047623291015625000e+02
2.999404200000000128e+04 7.047720947265625000e+02
2.999412500000000000e+04 7.047820434570312500e+02
2.999420799999999872e+04 7.047927856445312500e+02
2.999429100000000108e+04 7.048043823242187500e+02
2.999437399999999980e+04 7.048028564453125000e+02
2.999445699999999852e+04 7.046541748046875000e+02
2.999454000000000087e+04 7.043074951171875000e+02
2.999462299999999959e+04 7.039215087890625000e+02
2.999470599999999831e+04 7.036831054687500000e+02
2.999478900000000067e+04 7.036284179687500000e+02
2.999487199999999939e+04 7.036368408203125000e+02
2.999495500000000175e+04 7.036456909179687500e+02
2.999503800000000047e+04 7.036550903320312500e+02
2.999512099999999919e+04 7.036651000976562500e+02
2.999520400000000154e+04 7.036760253906250000e+02
2.999528700000000026e+04 7.036876220703125000e+02
2.999536999999999898e+04 7.036861572265625000e+02
2.999545300000000134e+04 7.035372924804687500e+02
2.999553600000000006e+04 7.031903686523437500e+02
2.999561899999999878e+04 7.028026733398437500e+02
2.999570200000000114e+04 7.025612792968750000e+02
2.999578499999999985e+04 7.025030517578125000e+02
2.999586799999999857e+04 7.025076293945312500e+02
2.999595100000000093e+04 7.025163574218750000e+02
2.999603399999999965e+04 7.025261230468750000e+02
2.999611699999999837e+04 7.025360107421875000e+02
2.999620000000000073e+04 7.025470581054687500e+02
2.999628299999999945e+04 7.025587158203125000e+02
2.999636600000000180e+04 7.025572509765625000e+02
2.999644900000000052e+04 7.024083862304687500e+02
2.999653199999999924e+04 7.020587768554687500e+02
2.999661500000000160e+04 7.016701660156250000e+02
2.999669800000000032e+04 7.013815917968750000e+02
2.999678099999999904e+04 7.013040161132812500e+02
2.999686400000000140e+04 7.013110961914062500e+02
2.999694700000000012e+04 7.013187866210937500e+02
2.999702999999999884e+04 7.013284301757812500e+02
2.999711300000000119e+04 7.013384399414062500e+02
2.999719599999999991e+04 7.013494262695312500e+02
2.999727899999999863e+04 7.013610839843750000e+02
2.999736200000000099e+04 7.013596801757812500e+02
2.999744499999999971e+04 7.012562866210937500e+02
2.999752799999999843e+04 7.009348144531250000e+02
2.999761100000000079e+04 7.005304565429687500e+02
2.999769399999999951e+04 7.002443847656250000e+02
2.999777699999999822e+04 7.001691284179687500e+02
2.999786000000000058e+04 7.001777954101562500e+02
2.999794299999999930e+04 7.001867065429687500e+02
2.999802600000000166e+04 7.001965332031250000e+02
2.999810900000000038e+04 7.002064819335937500e+02
2.999819199999999910e+04 7.002172241210937500e+02
2.999827500000000146e+04 7.002290649414062500e+02
2.999835800000000017e+04 7.002337646484375000e+02
2.999844099999999889e+04 7.001403198242187500e+02
2.999852400000000125e+04 6.998186035156250000e+02
2.999860699999999997e+04 6.994141845703125000e+02
2.999868999999999869e+04 6.991274414062500000e+02
2.999877300000000105e+04 6.990513305664062500e+02
2.999885599999999977e+04 6.990584106445312500e+02
2.999893899999999849e+04 6.990674438476562500e+02
2.999902200000000084e+04 6.990772705078125000e+02
2.999910499999999956e+04 6.990873413085937500e+02
2.999918799999999828e+04 6.990980834960937500e+02
2.999927100000000064e+04 6.991099243164062500e+02
2.999935399999999936e+04 6.991148681640625000e+02
2.999943700000000172e+04 6.990213623046875000e+02
2.999952000000000044e+04 6.986996459960937500e+02
2.999960299999999916e+04 6.982951049804687500e+02
2.999968600000000151e+04 6.980087890625000000e+02
2.999976900000000023e+04 6.979336547851562500e+02
2.999985199999999895e+04 6.979424438476562500e+02
2.999993500000000131e+04 6.979513549804687500e+02
