2.998009800000000178e+04 0.000000000000000000e+00
2.998018100000000049e+04 0.000000000000000000e+00
2.998026399999999921e+04 0.000000000000000000e+00
2.998034700000000157e+04 1.649983525276184082e+00
2.998043000000000029e+04 2.711259460449218750e+01
2.998051299999999901e+04 2.540006561279296875e+02
2.998059600000000137e+04 3.623456726074218750e+02
2.998067900000000009e+04 2.671271972656250000e+02
2.998076199999999881e+04 6.800085449218750000e+01
2.998084500000000116e+04 0.000000000000000000e+00
2.998092799999999988e+04 0.000000000000000000e+00
2.998101099999999860e+04 0.000000000000000000e+00
2.998109400000000096e+04 0.000000000000000000e+00
2.998117699999999968e+04 0.000000000000000000e+00
2.998125999999999840e+04 0.000000000000000000e+00
2.998134300000000076e+04 0.000000000000000000e+00
2.998142599999999948e+04 2.341065406799316406e+01
2.998150899999999820e+04 2.262036437988281250e+02
2.998159200000000055e+04 3.772106018066406250e+02
2.998167499999999927e+04 2.933086853027343750e+02
2.998175800000000163e+04 7.184420776367187500e+01
2.998184100000000035e+04 0.000000000000000000e+00
2.998192399999999907e+04 0.000000000000000000e+00
2.998200700000000143e+04 0.000000000000000000e+00
2.998209000000000015e+04 0.000000000000000000e+00
2.998217299999999886e+04 0.000000000000000000e+00
2.998225600000000122e+04 0.000000000000000000e+00
2.998233899999999994e+04 0.000000000000000000e+00
2.998242199999999866e+04 2.341681861877441406e+01
2.998250500000000102e+04 2.467721557617187500e+02
2.998258799999999974e+04 4.313093261718750000e+02
2.998267099999999846e+04 3.202575683593750000e+02
2.998275400000000081e+04 7.472527313232421875e+01
2.998283699999999953e+04 0.000000000000000000e+00
2.998291999999999825e+04 0.000000000000000000e+00
2.998300300000000061e+04 0.000000000000000000e+00
2.998308599999999933e+04 0.000000000000000000e+00
2.998316900000000169e+04 0.000000000000000000e+00
2.998325200000000041e+04 0.000000000000000000e+00
2.998333499999999913e+04 0.000000000000000000e+00
2.998341800000000148e+04 2.342326927185058594e+01
2.998350100000000020e+04 2.578777160644531250e+02
2.998358399999999892e+04 4.575668945312500000e+02
2.998366700000000128e+04 3.302068786621093750e+02
2.998375000000000000e+04 7.539392089843750000e+01
2.998383299999999872e+04 0.000000000000000000e+00
2.998391600000000108e+04 0.000000000000000000e+00
2.998399899999999980e+04 0.000000000000000000e+00
2.998408199999999852e+04 0.000000000000000000e+00
2.998416500000000087e+04 0.000000000000000000e+00
2.998424799999999959e+04 0.000000000000000000e+00
2.998433099999999831e+04 0.000000000000000000e+00
2.998441400000000067e+04 2.345514106750488281e+01
2.998449699999999939e+04 2.622992858886718750e+02
2.998458000000000175e+04 4.712095031738281250e+02
2.998466300000000047e+04 3.646919250488281250e+02
2.998474599999999919e+04 1.279513778686523438e+02
2.998482900000000154e+04 1.358971118927001953e+01
2.998491200000000026e+04 0.000000000000000000e+00
2.998499499999999898e+04 0.000000000000000000e+00
2.998507800000000134e+04 0.000000000000000000e+00
2.998516100000000006e+04 0.000000000000000000e+00
2.998524399999999878e+04 0.000000000000000000e+00
2.998532700000000114e+04 0.000000000000000000e+00
2.998540999999999985e+04 1.709704589843750000e+01
2.998549299999999857e+04 2.175782470703125000e+02
2.998557600000000093e+04 4.407559814453125000e+02
2.998565899999999965e+04 3.687403869628906250e+02
2.998574199999999837e+04 1.287088470458984375e+02
2.998582500000000073e+04 1.360119724273681641e+01
2.998590799999999945e+04 0.000000000000000000e+00
2.998599100000000180e+04 0.000000000000000000e+00
2.998607400000000052e+04 0.000000000000000000e+00
2.998615699999999924e+04 0.000000000000000000e+00
2.998624000000000160e+04 0.000000000000000000e+00
2.998632300000000032e+04 0.000000000000000000e+00
2.998640599999999904e+04 1.710180282592773438e+01
2.998648900000000140e+04 2.185634155273437500e+02
2.998657200000000012e+04 4.442283630371093750e+02
2.998665499999999884e+04 3.705229187011718750e+02
2.998673800000000119e+04 1.290497741699218750e+02
2.998682099999999991e+04 1.361258792877197266e+01
2.998690399999999863e+04 0.000000000000000000e+00
2.998698700000000099e+04 0.000000000000000000e+00
2.998706999999999971e+04 0.000000000000000000e+00
2.998715299999999843e+04 0.000000000000000000e+00
2.998723600000000079e+04 0.000000000000000000e+00
2.998731899999999951e+04 0.000000000000000000e+00
2.998740199999999822e+04 1.710669708251953125e+01
2.998748500000000058e+04 2.190314178466796875e+02
2.998756799999999930e+04 4.453435058593750000e+02
2.998765100000000166e+04 3.706871032714843750e+02
2.998773400000000038e+04 1.291226196289062500e+02
2.998781699999999910e+04 1.362354469299316406e+01
2.998790000000000146e+04 0.000000000000000000e+00
2.998798300000000017e+04 0.000000000000000000e+00
2.998806599999999889e+04 0.000000000000000000e+00
2.998814900000000125e+04 0.000000000000000000e+00
2.998823199999999997e+04 0.000000000000000000e+00
2.998831499999999869e+04 0.000000000000000000e+00
2.998839800000000105e+04 1.712947082519531250e+01
2.998848099999999977e+04 2.192183227539062500e+02
2.998856399999999849e+04 4.455444335937500000e+02
2.998864700000000084e+04 3.992648010253906250e+02
2.998872999999999956e+04 1.825069122314453125e+02
2.998881299999999828e+04 2.910476303100585938e+01
2.998889600000000064e+04 0.000000000000000000e+00
2.998897899999999936e+04 0.000000000000000000e+00
2.998906200000000172e+04 0.000000000000000000e+00
2.998914500000000044e+04 0.000000000000000000e+00
2.998922799999999916e+04 0.000000000000000000e+00
2.998931100000000151e+04 0.000000000000000000e+00
2.998939400000000023e+04 1.061652755737304688e+01
2.998947699999999895e+04 1.661460571289062500e+02
2.998956000000000131e+04 4.062226562500000000e+02
2.998964300000000003e+04 3.994419250488281250e+02
2.998972599999999875e+04 1.826050720214843750e+02
2.998980900000000111e+04 2.912456893920898438e+01
2.998989199999999983e+04 0.000000000000000000e+00
2.998997499999999854e+04 0.000000000000000000e+00
2.999005800000000090e+04 0.000000000000000000e+00
2.999014099999999962e+04 0.000000000000000000e+00
2.999022399999999834e+04 0.000000000000000000e+00
2.999030700000000070e+04 0.000000000000000000e+00
2.999038999999999942e+04 1.062648010253906250e+01
2.999047300000000178e+04 1.662560577392578125e+02
2.999055600000000049e+04 4.063708801269531250e+02
2.999063899999999921e+04 3.995789794921875000e+02
2.999072200000000157e+04 1.826887054443359375e+02
2.999080500000000029e+04 2.914645576477050781e+01
2.999088799999999901e+04 0.000000000000000000e+00
2.999097100000000137e+04 0.000000000000000000e+00
2.999105400000000009e+04 0.000000000000000000e+00
2.999113699999999881e+04 0.000000000000000000e+00
2.999122000000000116e+04 0.000000000000000000e+00
2.999130299999999988e+04 0.000000000000000000e+00
2.999138599999999860e+04 1.063400077819824219e+01
2.999146900000000096e+04 1.663508453369140625e+02
2.999155199999999968e+04 4.065499572753906250e+02
2.999163499999999840e+04 3.997490539550781250e+02
2.999171800000000076e+04 1.827799072265625000e+02
2.999180099999999948e+04 2.916685485839843750e+01
2.999188399999999820e+04 0.000000000000000000e+00
2.999196700000000055e+04 0.000000000000000000e+00
2.999204999999999927e+04 0.000000000000000000e+00
2.999213300000000163e+04 0.000000000000000000e+00
2.999221600000000035e+04 0.000000000000000000e+00
2.999229899999999907e+04 0.000000000000000000e+00
2.999238200000000143e+04 1.064677238464355469e+01
2.999246500000000015e+04 1.665102233886718750e+02
2.999254799999999886e+04 4.067481079101562500e+02
2.999263100000000122e+04 3.999191894531250000e+02
2.999271399999999994e+04 2.362668914794921875e+02
2.999279699999999866e+04 4.479376602172851562e+01
2.999288000000000102e+04 0.000000000000000000e+00
2.999296299999999974e+04 0.000000000000000000e+00
2.999304599999999846e+04 0.000000000000000000e+00
2.999312900000000081e+04 0.000000000000000000e+00
2.999321199999999953e+04 0.000000000000000000e+00
2.999329499999999825e+04 0.000000000000000000e+00
2.999337800000000061e+04 6.278602600097656250e+00
2.999346099999999933e+04 1.132616500854492188e+02
2.999354400000000169e+04 3.655246276855468750e+02
2.999362700000000041e+04 4.285478820800781250e+02
2.999370999999999913e+04 2.363818511962890625e+02
2.999379300000000148e+04 4.482125854492187500e+01
2.999387600000000020e+04 0.000000000000000000e+00
2.999395899999999892e+04 0.000000000000000000e+00
2.999404200000000128e+04 0.000000000000000000e+00
2.999412500000000000e+04 0.000000000000000000e+00
2.999420799999999872e+04 0.000000000000000000e+00
2.999429100000000108e+04 0.000000000000000000e+00
2.999437399999999980e+04 6.281802654266357422e+00
2.999445699999999852e+04 1.135722808837890625e+02
2.999454000000000087e+04 3.658009338378906250e+02
2.999462299999999959e+04 4.287256164550781250e+02
2.999470599999999831e+04 2.365058593750000000e+02
2.999478900000000067e+04 4.485081863403320312e+01
2.999487199999999939e+04 0.000000000000000000e+00
2.999495500000000175e+04 0.000000000000000000e+00
2.999503800000000047e+04 0.000000000000000000e+00
2.999512099999999919e+04 0.000000000000000000e+00
2.999520400000000154e+04 0.000000000000000000e+00
2.999528700000000026e+04 0.000000000000000000e+00
2.999536999999999898e+04 6.285016059875488281e+00
2.999545300000000134e+04 1.136211929321289062e+02
2.999553600000000006e+04 3.659822692871093750e+02
2.999561899999999878e+04 4.289374694824218750e+02
2.999570200000000114e+04 2.366165618896484375e+02
2.999578499999999985e+04 4.488012695312500000e+01
2.999586799999999857e+04 0.000000000000000000e+00
2.999595100000000093e+04 0.000000000000000000e+00
2.999603399999999965e+04 0.000000000000000000e+00
2.999611699999999837e+04 0.000000000000000000e+00
2.999620000000000073e+04 0.000000000000000000e+00
2.999628299999999945e+04 0.000000000000000000e+00
2.999636600000000180e+04 6.288240432739257812e+00
2.999644900000000052e+04 1.137491073608398438e+02
2.999653199999999924e+04 3.662185668945312500e+02
2.999661500000000160e+04 4.291949768066406250e+02
2.999669800000000032e+04 2.902481384277343750e+02
2.999678099999999904e+04 6.058863830566406250e+01
2.999686400000000140e+04 0.000000000000000000e+00
2.999694700000000012e+04 0.000000000000000000e+00
2.999702999999999884e+04 0.000000000000000000e+00
2.999711300000000119e+04 0.000000000000000000e+00
2.999719599999999991e+04 0.000000000000000000e+00
2.999727899999999863e+04 0.000000000000000000e+00
2.999736200000000099e+04 6.291433811187744141e+00
2.999744499999999971e+04 6.989827728271484375e+01
2.999752799999999843e+04 3.221788024902343750e+02
2.999761100000000079e+04 4.580586547851562500e+02
2.999769399999999951e+04 2.912763366699218750e+02
2.999777699999999822e+04 6.062786865234375000e+01
2.999786000000000058e+04 0.000000000000000000e+00
2.999794299999999930e+04 0.000000000000000000e+00
2.999802600000000166e+04 0.000000000000000000e+00
2.999810900000000038e+04 0.000000000000000000e+00
2.999819199999999910e+04 0.000000000000000000e+00
2.999827500000000146e+04 0.000000000000000000e+00
2.999835800000000017e+04 1.662334561347961426e+00
2.999844099999999889e+04 6.405052185058593750e+01
2.999852400000000125e+04 3.217998352050781250e+02
2.999860699999999997e+04 4.600010375976562500e+02
2.999868999999999869e+04 2.914127807617187500e+02
2.999877300000000105e+04 6.066595840454101562e+01
2.999885599999999977e+04 0.000000000000000000e+00
2.999893899999999849e+04 0.000000000000000000e+00
2.999902200000000084e+04 0.000000000000000000e+00
2.999910499999999956e+04 0.000000000000000000e+00
2.999918799999999828e+04 0.000000000000000000e+00
2.999927100000000064e+04 0.000000000000000000e+00
2.999935399999999936e+04 1.663244009017944336e+00
2.999943700000000172e+04 6.407537841796875000e+01
2.999952000000000044e+04 3.219519958496093750e+02
2.999960299999999916e+04 4.601900939941406250e+02
2.999968600000000151e+04 2.915453796386718750e+02
2.999976900000000023e+04 6.070503234863281250e+01
2.999985199999999895e+04 0.000000000000000000e+00
2.999993500000000131e+04 0.000000000000000000e+00
