2.998009800000000178e+04 1.178680801391601562e+01
2.998018100000000049e+04 1.157612609863281250e+01
2.998026399999999921e+04 1.140250110626220703e+01
2.998034700000000157e+04 1.127283859252929688e+01
2.998043000000000029e+04 1.256937026977539062e+01
2.998051299999999901e+04 1.292872428894042969e+01
2.998059600000000137e+04 1.312257957458496094e+01
2.998067900000000009e+04 1.324185657501220703e+01
2.998076199999999881e+04 1.330903530120849609e+01
2.998084500000000116e+04 1.312802410125732422e+01
2.998092799999999988e+04 1.272152233123779297e+01
2.998101099999999860e+04 1.237994956970214844e+01
2.998109400000000096e+04 1.210207080841064453e+01
2.998117699999999968e+04 1.180722045898437500e+01
2.998125999999999840e+04 1.158102703094482422e+01
2.998134300000000076e+04 1.138258457183837891e+01
2.998142599999999948e+04 1.155588817596435547e+01
2.998150899999999820e+04 1.309493923187255859e+01
2.998159200000000055e+04 1.332056045532226562e+01
2.998167499999999927e+04 1.406820678710937500e+01
2.998175800000000163e+04 1.326404857635498047e+01
2.998184100000000035e+04 1.323874473571777344e+01
2.998192399999999907e+04 1.288165092468261719e+01
2.998200700000000143e+04 1.249842739105224609e+01
2.998209000000000015e+04 1.221822834014892578e+01
2.998217299999999886e+04 1.190395736694335938e+01
2.998225600000000122e+04 1.170499134063720703e+01
2.998233899999999994e+04 1.152569770812988281e+01
2.998242199999999866e+04 1.169447040557861328e+01
2.998250500000000102e+04 1.317650508880615234e+01
2.998258799999999974e+04 1.393751335144042969e+01
2.998267099999999846e+04 1.367007255554199219e+01
2.998275400000000081e+04 1.379366588592529297e+01
2.998283699999999953e+04 1.336942958831787109e+01
2.998291999999999825e+04 1.302535629272460938e+01
2.998300300000000061e+04 1.263663291931152344e+01
2.998308599999999933e+04 1.236806011199951172e+01
2.998316900000000169e+04 1.205386447906494141e+01
2.998325200000000041e+04 1.183575344085693359e+01
2.998333499999999913e+04 1.169390392303466797e+01
2.998341800000000148e+04 1.186278629302978516e+01
2.998350100000000020e+04 1.339328861236572266e+01
2.998358399999999892e+04 1.444443321228027344e+01
2.998366700000000128e+04 1.423697376251220703e+01
2.998375000000000000e+04 1.401232719421386719e+01
2.998383299999999872e+04 1.395251941680908203e+01
2.998391600000000108e+04 1.324077892303466797e+01
2.998399899999999980e+04 1.283215427398681641e+01
2.998408199999999852e+04 1.246401977539062500e+01
2.998416500000000087e+04 1.221601486206054688e+01
2.998424799999999959e+04 1.195619964599609375e+01
2.998433099999999831e+04 1.178528881072998047e+01
2.998441400000000067e+04 1.199628067016601562e+01
2.998449699999999939e+04 1.357944011688232422e+01
2.998458000000000175e+04 1.460066413879394531e+01
2.998466300000000047e+04 1.447193717956542969e+01
2.998474599999999919e+04 1.469464874267578125e+01
2.998482900000000154e+04 1.419599628448486328e+01
2.998491200000000026e+04 1.392177295684814453e+01
2.998499499999999898e+04 1.292358493804931641e+01
2.998507800000000134e+04 1.262988567352294922e+01
2.998516100000000006e+04 1.233858203887939453e+01
2.998524399999999878e+04 1.208303546905517578e+01
2.998532700000000114e+04 1.187626457214355469e+01
2.998540999999999985e+04 1.200244808197021484e+01
2.998549299999999857e+04 1.366215801239013672e+01
2.998557600000000093e+04 1.441932106018066406e+01
2.998565899999999965e+04 1.453134155273437500e+01
2.998574199999999837e+04 1.474659729003906250e+01
2.998582500000000073e+04 1.409893703460693359e+01
2.998590799999999945e+04 1.419861030578613281e+01
2.998599100000000180e+04 1.313168716430664062e+01
2.998607400000000052e+04 1.276898002624511719e+01
2.998615699999999924e+04 1.245629978179931641e+01
2.998624000000000160e+04 1.223583984375000000e+01
2.998632300000000032e+04 1.205895805358886719e+01
2.998640599999999904e+04 1.218376255035400391e+01
2.998648900000000140e+04 1.378043651580810547e+01
2.998657200000000012e+04 1.459964561462402344e+01
2.998665499999999884e+04 1.471033763885498047e+01
2.998673800000000119e+04 1.466884803771972656e+01
2.998682099999999991e+04 1.397471427917480469e+01
2.998690399999999863e+04 1.382376194000244141e+01
2.998698700000000099e+04 1.319101524353027344e+01
2.998706999999999971e+04 1.289479637145996094e+01
2.998715299999999843e+04 1.261241912841796875e+01
2.998723600000000079e+04 1.234029769897460938e+01
2.998731899999999951e+04 1.214518833160400391e+01
2.998740199999999822e+04 1.230848026275634766e+01
2.998748500000000058e+04 1.394460773468017578e+01
2.998756799999999930e+04 1.504281997680664062e+01
2.998765100000000166e+04 1.547402763366699219e+01
2.998773400000000038e+04 1.536987209320068359e+01
2.998781699999999910e+04 1.474604797363281250e+01
2.998790000000000146e+04 1.442261314392089844e+01
2.998798300000000017e+04 1.333127975463867188e+01
2.998806599999999889e+04 1.302775192260742188e+01
2.998814900000000125e+04 1.273622703552246094e+01
2.998823199999999997e+04 1.248694419860839844e+01
2.998831499999999869e+04 1.229866886138916016e+01
2.998839800000000105e+04 1.244560813903808594e+01
2.998848099999999977e+04 1.407846736907958984e+01
2.998856399999999849e+04 1.490149784088134766e+01
2.998864700000000084e+04 1.500580501556396484e+01
2.998872999999999956e+04 1.505932712554931641e+01
2.998881299999999828e+04 1.485334968566894531e+01
2.998889600000000064e+04 1.488396167755126953e+01
2.998897899999999936e+04 1.409561824798583984e+01
2.998906200000000172e+04 1.347301292419433594e+01
2.998914500000000044e+04 1.298082351684570312e+01
2.998922799999999916e+04 1.269203376770019531e+01
2.998931100000000151e+04 1.249466514587402344e+01
2.998939400000000023e+04 1.255789184570312500e+01
2.998947699999999895e+04 1.417564487457275391e+01
2.998956000000000131e+04 1.470105457305908203e+01
2.998964300000000003e+04 1.533415317535400391e+01
2.998972599999999875e+04 1.516624259948730469e+01
2.998980900000000111e+04 1.450066471099853516e+01
2.998989199999999983e+04 1.432917690277099609e+01
2.998997499999999854e+04 1.373241043090820312e+01
2.999005800000000090e+04 1.342607402801513672e+01
2.999014099999999962e+04 1.270824527740478516e+01
2.999022399999999834e+04 1.243953132629394531e+01
2.999030700000000070e+04 1.223920249938964844e+01
2.999038999999999942e+04 1.225698184967041016e+01
2.999047300000000178e+04 1.392112636566162109e+01
2.999055600000000049e+04 1.440190982818603516e+01
2.999063899999999921e+04 1.542579078674316406e+01
2.999072200000000157e+04 1.522982025146484375e+01
2.999080500000000029e+04 1.461084461212158203e+01
2.999088799999999901e+04 1.450335693359375000e+01
2.999097100000000137e+04 1.349809074401855469e+01
2.999105400000000009e+04 1.314971160888671875e+01
2.999113699999999881e+04 1.285019874572753906e+01
2.999122000000000116e+04 1.259904861450195312e+01
2.999130299999999988e+04 1.235667514801025391e+01
2.999138599999999860e+04 1.239873790740966797e+01
2.999146900000000096e+04 1.408116340637207031e+01
2.999155199999999968e+04 1.459154605865478516e+01
2.999163499999999840e+04 1.522799015045166016e+01
2.999171800000000076e+04 1.500639915466308594e+01
2.999180099999999948e+04 1.432376003265380859e+01
2.999188399999999820e+04 1.417735862731933594e+01
2.999196700000000055e+04 1.361697578430175781e+01
2.999204999999999927e+04 1.327164363861083984e+01
2.999213300000000163e+04 1.297979736328125000e+01
2.999221600000000035e+04 1.273618793487548828e+01
2.999229899999999907e+04 1.247165679931640625e+01
2.999238200000000143e+04 1.250327396392822266e+01
2.999246500000000015e+04 1.422372817993164062e+01
2.999254799999999886e+04 1.469845581054687500e+01
2.999263100000000122e+04 1.562695693969726562e+01
2.999271399999999994e+04 1.540131092071533203e+01
2.999279699999999866e+04 1.486186504364013672e+01
2.999288000000000102e+04 1.464233970642089844e+01
2.999296299999999974e+04 1.390473365783691406e+01
2.999304599999999846e+04 1.352897357940673828e+01
2.999312900000000081e+04 1.323687171936035156e+01
2.999321199999999953e+04 1.293447399139404297e+01
2.999329499999999825e+04 1.272925090789794922e+01
2.999337800000000061e+04 1.266854572296142578e+01
2.999346099999999933e+04 1.426671981811523438e+01
2.999354400000000169e+04 1.486048126220703125e+01
2.999362700000000041e+04 1.584719753265380859e+01
2.999370999999999913e+04 1.524434375762939453e+01
2.999379300000000148e+04 1.476813411712646484e+01
2.999387600000000020e+04 1.452746486663818359e+01
2.999395899999999892e+04 1.407226467132568359e+01
2.999404200000000128e+04 1.366492176055908203e+01
2.999412500000000000e+04 1.333418464660644531e+01
2.999420799999999872e+04 1.309869289398193359e+01
2.999429100000000108e+04 1.280992794036865234e+01
2.999437399999999980e+04 1.278575801849365234e+01
2.999445699999999852e+04 1.438881587982177734e+01
2.999454000000000087e+04 1.470174407958984375e+01
2.999462299999999959e+04 1.584919548034667969e+01
2.999470599999999831e+04 1.537125301361083984e+01
2.999478900000000067e+04 1.510504722595214844e+01
2.999487199999999939e+04 1.500972080230712891e+01
2.999495500000000175e+04 1.440680503845214844e+01
2.999503800000000047e+04 1.391980648040771484e+01
2.999512099999999919e+04 1.347087955474853516e+01
2.999520400000000154e+04 1.320690155029296875e+01
2.999528700000000026e+04 1.295487499237060547e+01
2.999536999999999898e+04 1.288761615753173828e+01
2.999545300000000134e+04 1.457851982116699219e+01
2.999553600000000006e+04 1.483903884887695312e+01
2.999561899999999878e+04 1.624932479858398438e+01
2.999570200000000114e+04 1.592453479766845703e+01
2.999578499999999985e+04 1.561935043334960938e+01
2.999586799999999857e+04 1.549475574493408203e+01
2.999595100000000093e+04 1.443838787078857422e+01
2.999603399999999965e+04 1.394996452331542969e+01
2.999611699999999837e+04 1.361410236358642578e+01
2.999620000000000073e+04 1.331011486053466797e+01
2.999628299999999945e+04 1.308056449890136719e+01
2.999636600000000180e+04 1.302959728240966797e+01
2.999644900000000052e+04 1.470099639892578125e+01
2.999653199999999924e+04 1.542058086395263672e+01
2.999661500000000160e+04 1.648635673522949219e+01
2.999669800000000032e+04 1.602229499816894531e+01
2.999678099999999904e+04 1.577707195281982422e+01
2.999686400000000140e+04 1.536117553710937500e+01
2.999694700000000012e+04 1.484327030181884766e+01
2.999702999999999884e+04 1.423677349090576172e+01
2.999711300000000119e+04 1.384577369689941406e+01
2.999719599999999991e+04 1.354702854156494141e+01
2.999727899999999863e+04 1.331225204467773438e+01
2.999736200000000099e+04 1.315506267547607422e+01
2.999744499999999971e+04 1.490559577941894531e+01
2.999752799999999843e+04 1.509301662445068359e+01
2.999761100000000079e+04 1.629371452331542969e+01
2.999769399999999951e+04 1.577537345886230469e+01
2.999777699999999822e+04 1.555432415008544922e+01
2.999786000000000058e+04 1.522799968719482422e+01
2.999794299999999930e+04 1.474908447265625000e+01
2.999802600000000166e+04 1.431489753723144531e+01
2.999810900000000038e+04 1.396981048583984375e+01
2.999819199999999910e+04 1.367700576782226562e+01
2.999827500000000146e+04 1.341156768798828125e+01
2.999835800000000017e+04 1.333004665374755859e+01
2.999844099999999889e+04 1.485558223724365234e+01
2.999852400000000125e+04 1.524178981781005859e+01
2.999860699999999997e+04 1.640519714355468750e+01
2.999868999999999869e+04 1.611722183227539062e+01
2.999877300000000105e+04 1.603070831298828125e+01
2.999885599999999977e+04 1.569654750823974609e+01
2.999893899999999849e+04 1.486394882202148438e+01
2.999902200000000084e+04 1.447652339935302734e+01
2.999910499999999956e+04 1.411526107788085938e+01
2.999918799999999828e+04 1.379869365692138672e+01
2.999927100000000064e+04 1.355906105041503906e+01
2.999935399999999936e+04 1.340016555786132812e+01
2.999943700000000172e+04 1.498694038391113281e+01
2.999952000000000044e+04 1.539250946044921875e+01
2.999960299999999916e+04 1.648925781250000000e+01
2.999968600000000151e+04 1.603692054748535156e+01
2.999976900000000023e+04 1.581751060485839844e+01
2.999985199999999895e+04 1.554871940612792969e+01
2.999993500000000131e+04 1.508368301391601562e+01
