2.998009800000000178e+04 0.000000000000000000e+00
2.998018100000000049e+04 0.000000000000000000e+00
2.998026399999999921e+04 0.000000000000000000e+00
2.998034700000000157e+04 1.630114793777465820e+00
2.998043000000000029e+04 2.466053199768066406e+01
2.998051299999999901e+04 2.137529296875000000e+02
2.998059600000000137e+04 2.984351806640625000e+02
2.998067900000000009e+04 2.364678497314453125e+02
2.998076199999999881e+04 6.203496551513671875e+01
2.998084500000000116e+04 0.000000000000000000e+00
2.998092799999999988e+04 0.000000000000000000e+00
2.998101099999999860e+04 0.000000000000000000e+00
2.998109400000000096e+04 0.000000000000000000e+00
2.998117699999999968e+04 0.000000000000000000e+00
2.998125999999999840e+04 0.000000000000000000e+00
2.998134300000000076e+04 0.000000000000000000e+00
2.998142599999999948e+04 2.079102706909179688e+01
2.998150899999999820e+04 2.011870422363281250e+02
2.998159200000000055e+04 3.342152404785156250e+02
2.998167499999999927e+04 2.476354980468750000e+02
2.998175800000000163e+04 6.388198089599609375e+01
2.998184100000000035e+04 0.000000000000000000e+00
2.998192399999999907e+04 0.000000000000000000e+00
2.998200700000000143e+04 0.000000000000000000e+00
2.998209000000000015e+04 0.000000000000000000e+00
2.998217299999999886e+04 0.000000000000000000e+00
2.998225600000000122e+04 0.000000000000000000e+00
2.998233899999999994e+04 0.000000000000000000e+00
2.998242199999999866e+04 2.086499023437500000e+01
2.998250500000000102e+04 2.174812774658203125e+02
2.998258799999999974e+04 3.517283020019531250e+02
2.998267099999999846e+04 2.687087097167968750e+02
2.998275400000000081e+04 6.753238677978515625e+01
2.998283699999999953e+04 0.000000000000000000e+00
2.998291999999999825e+04 0.000000000000000000e+00
2.998300300000000061e+04 0.000000000000000000e+00
2.998308599999999933e+04 0.000000000000000000e+00
2.998316900000000169e+04 0.000000000000000000e+00
2.998325200000000041e+04 0.000000000000000000e+00
2.998333499999999913e+04 0.000000000000000000e+00
2.998341800000000148e+04 2.148078727722167969e+01
2.998350100000000020e+04 2.240390014648437500e+02
2.998358399999999892e+04 3.786269531250000000e+02
2.998366700000000128e+04 2.844763793945312500e+02
2.998375000000000000e+04 6.975122070312500000e+01
2.998383299999999872e+04 0.000000000000000000e+00
2.998391600000000108e+04 0.000000000000000000e+00
2.998399899999999980e+04 0.000000000000000000e+00
2.998408199999999852e+04 0.000000000000000000e+00
2.998416500000000087e+04 0.000000000000000000e+00
2.998424799999999959e+04 0.000000000000000000e+00
2.998433099999999831e+04 0.000000000000000000e+00
2.998441400000000067e+04 2.151474952697753906e+01
2.998449699999999939e+04 2.344326934814453125e+02
2.998458000000000175e+04 4.094688415527343750e+02
2.998466300000000047e+04 3.206207580566406250e+02
2.998474599999999919e+04 1.178263854980468750e+02
2.998482900000000154e+04 1.306573200225830078e+01
2.998491200000000026e+04 0.000000000000000000e+00
2.998499499999999898e+04 0.000000000000000000e+00
2.998507800000000134e+04 0.000000000000000000e+00
2.998516100000000006e+04 0.000000000000000000e+00
2.998524399999999878e+04 0.000000000000000000e+00
2.998532700000000114e+04 0.000000000000000000e+00
2.998540999999999985e+04 1.608445167541503906e+01
2.998549299999999857e+04 2.017971038818359375e+02
2.998557600000000093e+04 3.936359558105468750e+02
2.998565899999999965e+04 3.347862548828125000e+02
2.998574199999999837e+04 1.202150421142578125e+02
2.998582500000000073e+04 1.309750938415527344e+01
2.998590799999999945e+04 0.000000000000000000e+00
2.998599100000000180e+04 0.000000000000000000e+00
2.998607400000000052e+04 0.000000000000000000e+00
2.998615699999999924e+04 0.000000000000000000e+00
2.998624000000000160e+04 0.000000000000000000e+00
2.998632300000000032e+04 0.000000000000000000e+00
2.998640599999999904e+04 1.609102630615234375e+01
2.998648900000000140e+04 2.051638336181640625e+02
2.998657200000000012e+04 4.051260681152343750e+02
2.998665499999999884e+04 3.418678588867187500e+02
2.998673800000000119e+04 1.219861526489257812e+02
2.998682099999999991e+04 1.311034488677978516e+01
2.998690399999999863e+04 0.000000000000000000e+00
2.998698700000000099e+04 0.000000000000000000e+00
2.998706999999999971e+04 0.000000000000000000e+00
2.998715299999999843e+04 0.000000000000000000e+00
2.998723600000000079e+04 0.000000000000000000e+00
2.998731899999999951e+04 0.000000000000000000e+00
2.998740199999999822e+04 1.609725379943847656e+01
2.998748500000000058e+04 2.074184875488281250e+02
2.998756799999999930e+04 4.144023132324218750e+02
2.998765100000000166e+04 3.459060974121093750e+02
2.998773400000000038e+04 1.227448730468750000e+02
2.998781699999999910e+04 1.312549591064453125e+01
2.998790000000000146e+04 0.000000000000000000e+00
2.998798300000000017e+04 0.000000000000000000e+00
2.998806599999999889e+04 0.000000000000000000e+00
2.998814900000000125e+04 0.000000000000000000e+00
2.998823199999999997e+04 0.000000000000000000e+00
2.998831499999999869e+04 0.000000000000000000e+00
2.998839800000000105e+04 1.612158393859863281e+01
2.998848099999999977e+04 2.083795166015625000e+02
2.998856399999999849e+04 4.183888244628906250e+02
2.998864700000000084e+04 3.763348999023437500e+02
2.998872999999999956e+04 1.741901092529296875e+02
2.998881299999999828e+04 2.814614105224609375e+01
2.998889600000000064e+04 0.000000000000000000e+00
2.998897899999999936e+04 0.000000000000000000e+00
2.998906200000000172e+04 0.000000000000000000e+00
2.998914500000000044e+04 0.000000000000000000e+00
2.998922799999999916e+04 0.000000000000000000e+00
2.998931100000000151e+04 0.000000000000000000e+00
2.998939400000000023e+04 1.030877113342285156e+01
2.998947699999999895e+04 1.588459167480468750e+02
2.998956000000000131e+04 3.858269348144531250e+02
2.998964300000000003e+04 3.804875183105468750e+02
2.998972599999999875e+04 1.750809783935546875e+02
2.998980900000000111e+04 2.817130851745605469e+01
2.998989199999999983e+04 0.000000000000000000e+00
2.998997499999999854e+04 0.000000000000000000e+00
2.999005800000000090e+04 0.000000000000000000e+00
2.999014099999999962e+04 0.000000000000000000e+00
2.999022399999999834e+04 0.000000000000000000e+00
2.999030700000000070e+04 0.000000000000000000e+00
2.999038999999999942e+04 1.031500434875488281e+01
2.999047300000000178e+04 1.592885589599609375e+02
2.999055600000000049e+04 3.882044982910156250e+02
2.999063899999999921e+04 3.827781677246093750e+02
2.999072200000000157e+04 1.758040161132812500e+02
2.999080500000000029e+04 2.818590927124023438e+01
2.999088799999999901e+04 0.000000000000000000e+00
2.999097100000000137e+04 0.000000000000000000e+00
2.999105400000000009e+04 0.000000000000000000e+00
2.999113699999999881e+04 0.000000000000000000e+00
2.999122000000000116e+04 0.000000000000000000e+00
2.999130299999999988e+04 0.000000000000000000e+00
2.999138599999999860e+04 1.032434177398681641e+01
2.999146900000000096e+04 1.597434539794921875e+02
2.999155199999999968e+04 3.903175354003906250e+02
2.999163499999999840e+04 3.850126037597656250e+02
2.999171800000000076e+04 1.765137329101562500e+02
2.999180099999999948e+04 2.820839118957519531e+01
2.999188399999999820e+04 0.000000000000000000e+00
2.999196700000000055e+04 0.000000000000000000e+00
2.999204999999999927e+04 0.000000000000000000e+00
2.999213300000000163e+04 0.000000000000000000e+00
2.999221600000000035e+04 0.000000000000000000e+00
2.999229899999999907e+04 0.000000000000000000e+00
2.999238200000000143e+04 1.033824157714843750e+01
2.999246500000000015e+04 1.602079010009765625e+02
2.999254799999999886e+04 3.921965332031250000e+02
2.999263100000000122e+04 3.854861755371093750e+02
2.999271399999999994e+04 2.284302825927734375e+02
2.999279699999999866e+04 4.338793945312500000e+01
2.999288000000000102e+04 0.000000000000000000e+00
2.999296299999999974e+04 0.000000000000000000e+00
2.999304599999999846e+04 0.000000000000000000e+00
2.999312900000000081e+04 0.000000000000000000e+00
2.999321199999999953e+04 0.000000000000000000e+00
2.999329499999999825e+04 0.000000000000000000e+00
2.999337800000000061e+04 5.649000644683837891e+00
2.999346099999999933e+04 1.086024169921875000e+02
2.999354400000000169e+04 3.537868957519531250e+02
2.999362700000000041e+04 4.147323608398437500e+02
2.999370999999999913e+04 2.289356842041015625e+02
2.999379300000000148e+04 4.342331695556640625e+01
2.999387600000000020e+04 0.000000000000000000e+00
2.999395899999999892e+04 0.000000000000000000e+00
2.999404200000000128e+04 0.000000000000000000e+00
2.999412500000000000e+04 0.000000000000000000e+00
2.999420799999999872e+04 0.000000000000000000e+00
2.999429100000000108e+04 0.000000000000000000e+00
2.999437399999999980e+04 5.652497291564941406e+00
2.999445699999999852e+04 1.089201583862304688e+02
2.999454000000000087e+04 3.540958862304687500e+02
2.999462299999999959e+04 4.149746704101562500e+02
2.999470599999999831e+04 2.290762634277343750e+02
2.999478900000000067e+04 4.345695495605468750e+01
2.999487199999999939e+04 0.000000000000000000e+00
2.999495500000000175e+04 0.000000000000000000e+00
2.999503800000000047e+04 0.000000000000000000e+00
2.999512099999999919e+04 0.000000000000000000e+00
2.999520400000000154e+04 0.000000000000000000e+00
2.999528700000000026e+04 0.000000000000000000e+00
2.999536999999999898e+04 5.656078338623046875e+00
2.999545300000000134e+04 1.089789428710937500e+02
2.999553600000000006e+04 3.543119506835937500e+02
2.999561899999999878e+04 4.151956481933593750e+02
2.999570200000000114e+04 2.292436065673828125e+02
2.999578499999999985e+04 4.349222564697265625e+01
2.999586799999999857e+04 0.000000000000000000e+00
2.999595100000000093e+04 0.000000000000000000e+00
2.999603399999999965e+04 0.000000000000000000e+00
2.999611699999999837e+04 0.000000000000000000e+00
2.999620000000000073e+04 0.000000000000000000e+00
2.999628299999999945e+04 0.000000000000000000e+00
2.999636600000000180e+04 5.659717559814453125e+00
2.999644900000000052e+04 1.091160888671875000e+02
2.999653199999999924e+04 3.546549987792968750e+02
2.999661500000000160e+04 4.166278686523437500e+02
2.999669800000000032e+04 2.820167541503906250e+02
2.999678099999999904e+04 5.875707244873046875e+01
2.999686400000000140e+04 0.000000000000000000e+00
2.999694700000000012e+04 0.000000000000000000e+00
2.999702999999999884e+04 0.000000000000000000e+00
2.999711300000000119e+04 0.000000000000000000e+00
2.999719599999999991e+04 0.000000000000000000e+00
2.999727899999999863e+04 0.000000000000000000e+00
2.999736200000000099e+04 5.681419372558593750e+00
2.999744499999999971e+04 6.663558197021484375e+01
2.999752799999999843e+04 3.124494628906250000e+02
2.999761100000000079e+04 4.451372680664062500e+02
2.999769399999999951e+04 2.821641540527343750e+02
2.999777699999999822e+04 5.880384826660156250e+01
2.999786000000000058e+04 0.000000000000000000e+00
2.999794299999999930e+04 0.000000000000000000e+00
2.999802600000000166e+04 0.000000000000000000e+00
2.999810900000000038e+04 0.000000000000000000e+00
2.999819199999999910e+04 0.000000000000000000e+00
2.999827500000000146e+04 0.000000000000000000e+00
2.999835800000000017e+04 1.646036982536315918e+00
2.999844099999999889e+04 6.099781799316406250e+01
2.999852400000000125e+04 3.116292114257812500e+02
2.999860699999999997e+04 4.453559875488281250e+02
2.999868999999999869e+04 2.823154296875000000e+02
2.999877300000000105e+04 5.884949874877929688e+01
2.999885599999999977e+04 0.000000000000000000e+00
2.999893899999999849e+04 0.000000000000000000e+00
2.999902200000000084e+04 0.000000000000000000e+00
2.999910499999999956e+04 0.000000000000000000e+00
2.999918799999999828e+04 0.000000000000000000e+00
2.999927100000000064e+04 0.000000000000000000e+00
2.999935399999999936e+04 1.647113442420959473e+00
2.999943700000000172e+04 6.102770233154296875e+01
2.999952000000000044e+04 3.118125000000000000e+02
2.999960299999999916e+04 4.455896911621093750e+02
2.999968600000000151e+04 2.824756469726562500e+02
2.999976900000000023e+04 5.889213180541992188e+01
2.999985199999999895e+04 0.000000000000000000e+00
2.999993500000000131e+04 0.000000000000000000e+00
