2.998009800000000178e+04 3.787935018539428711e+00
2.998018100000000049e+04 3.771013736724853516e+00
2.998026399999999921e+04 3.751623153686523438e+00
2.998034700000000157e+04 3.739326238632202148e+00
2.998043000000000029e+04 3.927665948867797852e+00
2.998051299999999901e+04 1.160343933105468750e+01
2.998059600000000137e+04 1.013161373138427734e+01
2.998067900000000009e+04 1.054960441589355469e+01
2.998076199999999881e+04 1.037980365753173828e+01
2.998084500000000116e+04 8.600106239318847656e+00
2.998092799999999988e+04 3.850470304489135742e+00
2.998101099999999860e+04 3.816765546798706055e+00
2.998109400000000096e+04 3.798280239105224609e+00
2.998117699999999968e+04 3.780570983886718750e+00
2.998125999999999840e+04 3.759640693664550781e+00
2.998134300000000076e+04 3.737334012985229492e+00
2.998142599999999948e+04 3.744006633758544922e+00
2.998150899999999820e+04 1.161865806579589844e+01
2.998159200000000055e+04 1.004388999938964844e+01
2.998167499999999927e+04 1.057599830627441406e+01
2.998175800000000163e+04 1.040194797515869141e+01
2.998184100000000035e+04 8.721689224243164062e+00
2.998192399999999907e+04 3.856785058975219727e+00
2.998200700000000143e+04 3.818370342254638672e+00
2.998209000000000015e+04 3.797005176544189453e+00
2.998217299999999886e+04 3.776712894439697266e+00
2.998225600000000122e+04 3.759682655334472656e+00
2.998233899999999994e+04 3.739081144332885742e+00
2.998242199999999866e+04 3.743862390518188477e+00
2.998250500000000102e+04 1.151824378967285156e+01
2.998258799999999974e+04 1.013727951049804688e+01
2.998267099999999846e+04 1.049934005737304688e+01
2.998275400000000081e+04 1.043543529510498047e+01
2.998283699999999953e+04 8.789637565612792969e+00
2.998291999999999825e+04 3.849354982376098633e+00
2.998300300000000061e+04 3.815105676651000977e+00
2.998308599999999933e+04 3.796485900878906250e+00
2.998316900000000169e+04 3.775468349456787109e+00
2.998325200000000041e+04 3.757083892822265625e+00
2.998333499999999913e+04 3.738938093185424805e+00
2.998341800000000148e+04 3.742945432662963867e+00
2.998350100000000020e+04 1.151395511627197266e+01
2.998358399999999892e+04 1.016301727294921875e+01
2.998366700000000128e+04 1.046167087554931641e+01
2.998375000000000000e+04 1.044260120391845703e+01
2.998383299999999872e+04 8.799371719360351562e+00
2.998391600000000108e+04 3.842742204666137695e+00
2.998399899999999980e+04 3.812415122985839844e+00
2.998408199999999852e+04 3.792964935302734375e+00
2.998416500000000087e+04 3.774388790130615234e+00
2.998424799999999959e+04 3.754261493682861328e+00
2.998433099999999831e+04 3.734296560287475586e+00
2.998441400000000067e+04 3.741533279418945312e+00
2.998449699999999939e+04 1.156618595123291016e+01
2.998458000000000175e+04 1.015805721282958984e+01
2.998466300000000047e+04 1.044355583190917969e+01
2.998474599999999919e+04 1.043610763549804688e+01
2.998482900000000154e+04 9.795655250549316406e+00
2.998491200000000026e+04 4.778673171997070312e+00
2.998499499999999898e+04 3.805456638336181641e+00
2.998507800000000134e+04 3.786080360412597656e+00
2.998516100000000006e+04 3.765991926193237305e+00
2.998524399999999878e+04 3.747101783752441406e+00
2.998532700000000114e+04 3.728812932968139648e+00
2.998540999999999985e+04 3.731927871704101562e+00
2.998549299999999857e+04 1.066299438476562500e+01
2.998557600000000093e+04 1.028005504608154297e+01
2.998565899999999965e+04 1.045268535614013672e+01
2.998574199999999837e+04 1.043246746063232422e+01
2.998582500000000073e+04 9.801605224609375000e+00
2.998590799999999945e+04 4.773900985717773438e+00
2.998599100000000180e+04 3.803721427917480469e+00
2.998607400000000052e+04 3.784288883209228516e+00
2.998615699999999924e+04 3.765283823013305664e+00
2.998624000000000160e+04 3.746636629104614258e+00
2.998632300000000032e+04 3.726927042007446289e+00
2.998640599999999904e+04 3.730254173278808594e+00
2.998648900000000140e+04 1.061648273468017578e+01
2.998657200000000012e+04 1.029490375518798828e+01
2.998665499999999884e+04 1.044398593902587891e+01
2.998673800000000119e+04 1.043190002441406250e+01
2.998682099999999991e+04 9.802379608154296875e+00
2.998690399999999863e+04 4.770326137542724609e+00
2.998698700000000099e+04 3.802007436752319336e+00
2.998706999999999971e+04 3.782568693161010742e+00
2.998715299999999843e+04 3.763572454452514648e+00
2.998723600000000079e+04 3.744081497192382812e+00
2.998731899999999951e+04 3.725621223449707031e+00
2.998740199999999822e+04 3.728821039199829102e+00
2.998748500000000058e+04 1.065866470336914062e+01
2.998756799999999930e+04 1.028345394134521484e+01
2.998765100000000166e+04 1.044374084472656250e+01
2.998773400000000038e+04 1.043074035644531250e+01
2.998781699999999910e+04 9.799059867858886719e+00
2.998790000000000146e+04 4.768481254577636719e+00
2.998798300000000017e+04 3.801274299621582031e+00
2.998806599999999889e+04 3.781059503555297852e+00
2.998814900000000125e+04 3.761651754379272461e+00
2.998823199999999997e+04 3.743341445922851562e+00
2.998831499999999869e+04 3.723740577697753906e+00
2.998839800000000105e+04 3.727230310440063477e+00
2.998848099999999977e+04 1.061359786987304688e+01
2.998856399999999849e+04 1.029297351837158203e+01
2.998864700000000084e+04 1.043816947937011719e+01
2.998872999999999956e+04 1.041094589233398438e+01
2.998881299999999828e+04 1.021313476562500000e+01
2.998889600000000064e+04 6.471197128295898438e+00
2.998897899999999936e+04 3.806052207946777344e+00
2.998906200000000172e+04 3.784921646118164062e+00
2.998914500000000044e+04 3.765297174453735352e+00
2.998922799999999916e+04 3.746135234832763672e+00
2.998931100000000151e+04 3.727865457534790039e+00
2.998939400000000023e+04 3.725285291671752930e+00
2.998947699999999895e+04 9.074804306030273438e+00
2.998956000000000131e+04 1.056905937194824219e+01
2.998964300000000003e+04 1.041638946533203125e+01
2.998972599999999875e+04 1.042156696319580078e+01
2.998980900000000111e+04 1.020360946655273438e+01
2.998989199999999983e+04 6.473673820495605469e+00
2.998997499999999854e+04 3.803573369979858398e+00
2.999005800000000090e+04 3.783717155456542969e+00
2.999014099999999962e+04 3.705433368682861328e+00
2.999022399999999834e+04 3.686756849288940430e+00
2.999030700000000070e+04 3.668316602706909180e+00
2.999038999999999942e+04 3.666189908981323242e+00
2.999047300000000178e+04 9.030117034912109375e+00
2.999055600000000049e+04 1.044241428375244141e+01
2.999063899999999921e+04 1.030123710632324219e+01
2.999072200000000157e+04 1.030400180816650391e+01
2.999080500000000029e+04 1.010183429718017578e+01
2.999088799999999901e+04 6.420696258544921875e+00
2.999097100000000137e+04 3.742786884307861328e+00
2.999105400000000009e+04 3.723215818405151367e+00
2.999113699999999881e+04 3.704001188278198242e+00
2.999122000000000116e+04 3.685642480850219727e+00
2.999130299999999988e+04 3.666394710540771484e+00
2.999138599999999860e+04 3.664587974548339844e+00
2.999146900000000096e+04 8.972717285156250000e+00
2.999155199999999968e+04 1.046024417877197266e+01
2.999163499999999840e+04 1.029367256164550781e+01
2.999171800000000076e+04 1.030193233489990234e+01
2.999180099999999948e+04 1.009857082366943359e+01
2.999188399999999820e+04 6.418797016143798828e+00
2.999196700000000055e+04 3.742542028427124023e+00
2.999204999999999927e+04 3.721703767776489258e+00
2.999213300000000163e+04 3.701992750167846680e+00
2.999221600000000035e+04 3.683444261550903320e+00
2.999229899999999907e+04 3.665122509002685547e+00
2.999238200000000143e+04 3.663042783737182617e+00
2.999246500000000015e+04 9.026715278625488281e+00
2.999254799999999886e+04 1.043860244750976562e+01
2.999263100000000122e+04 1.029323482513427734e+01
2.999271399999999994e+04 1.029735374450683594e+01
2.999279699999999866e+04 1.026595020294189453e+01
2.999288000000000102e+04 7.459564208984375000e+00
2.999296299999999974e+04 3.747121810913085938e+00
2.999304599999999846e+04 3.725211858749389648e+00
2.999312900000000081e+04 3.705904006958007812e+00
2.999321199999999953e+04 3.687851190567016602e+00
2.999329499999999825e+04 3.668922424316406250e+00
2.999337800000000061e+04 3.661651134490966797e+00
2.999346099999999933e+04 7.142241477966308594e+00
2.999354400000000169e+04 1.100652217864990234e+01
2.999362700000000041e+04 1.017646312713623047e+01
2.999370999999999913e+04 1.030822944641113281e+01
2.999379300000000148e+04 1.024860286712646484e+01
2.999387600000000020e+04 7.463703632354736328e+00
2.999395899999999892e+04 3.746593952178955078e+00
2.999404200000000128e+04 3.726618766784667969e+00
2.999412500000000000e+04 3.707630872726440430e+00
2.999420799999999872e+04 3.689303874969482422e+00
2.999429100000000108e+04 3.669651746749877930e+00
2.999437399999999980e+04 3.660106658935546875e+00
2.999445699999999852e+04 7.138618469238281250e+00
2.999454000000000087e+04 1.100547218322753906e+01
2.999462299999999959e+04 1.017069721221923828e+01
2.999470599999999831e+04 1.030386829376220703e+01
2.999478900000000067e+04 1.024523639678955078e+01
2.999487199999999939e+04 7.459826946258544922e+00
2.999495500000000175e+04 3.744836330413818359e+00
2.999503800000000047e+04 3.724844932556152344e+00
2.999512099999999919e+04 3.705851554870605469e+00
2.999520400000000154e+04 3.687540054321289062e+00
2.999528700000000026e+04 3.667893171310424805e+00
2.999536999999999898e+04 3.658615112304687500e+00
2.999545300000000134e+04 7.135043144226074219e+00
2.999553600000000006e+04 1.100424003601074219e+01
2.999561899999999878e+04 1.016663455963134766e+01
2.999570200000000114e+04 1.030047512054443359e+01
2.999578499999999985e+04 1.024182891845703125e+01
2.999586799999999857e+04 7.458754062652587891e+00
2.999595100000000093e+04 3.743013620376586914e+00
2.999603399999999965e+04 3.722971200942993164e+00
2.999611699999999837e+04 3.704337596893310547e+00
2.999620000000000073e+04 3.685810089111328125e+00
2.999628299999999945e+04 3.666045904159545898e+00
2.999636600000000180e+04 3.656818866729736328e+00
2.999644900000000052e+04 7.131966590881347656e+00
2.999653199999999924e+04 1.100416469573974609e+01
2.999661500000000160e+04 1.016281890869140625e+01
2.999669800000000032e+04 1.029673576354980469e+01
2.999678099999999904e+04 1.030005931854248047e+01
2.999686400000000140e+04 8.172051429748535156e+00
2.999694700000000012e+04 3.745435953140258789e+00
2.999702999999999884e+04 3.726028442382812500e+00
2.999711300000000119e+04 3.708029031753540039e+00
2.999719599999999991e+04 3.688586950302124023e+00
2.999727899999999863e+04 3.668777465820312500e+00
2.999736200000000099e+04 3.655065059661865234e+00
2.999744499999999971e+04 7.129621982574462891e+00
2.999752799999999843e+04 1.022455787658691406e+01
2.999761100000000079e+04 1.032030010223388672e+01
2.999769399999999951e+04 1.023961162567138672e+01
2.999777699999999822e+04 1.030792331695556641e+01
2.999786000000000058e+04 8.163760185241699219e+00
2.999794299999999930e+04 3.743760347366333008e+00
2.999802600000000166e+04 3.724328994750976562e+00
2.999810900000000038e+04 3.705803155899047852e+00
2.999819199999999910e+04 3.687345504760742188e+00
2.999827500000000146e+04 3.667750835418701172e+00
2.999835800000000017e+04 3.653005838394165039e+00
2.999844099999999889e+04 3.848905324935913086e+00
2.999852400000000125e+04 1.338343048095703125e+01
2.999860699999999997e+04 9.691408157348632812e+00
2.999868999999999869e+04 1.035106563568115234e+01
2.999877300000000105e+04 1.027208900451660156e+01
2.999885599999999977e+04 8.175745010375976562e+00
2.999893899999999849e+04 3.742072343826293945e+00
2.999902200000000084e+04 3.722630977630615234e+00
2.999910499999999956e+04 3.704625368118286133e+00
2.999918799999999828e+04 3.685722112655639648e+00
2.999927100000000064e+04 3.666094541549682617e+00
2.999935399999999936e+04 3.651746511459350586e+00
2.999943700000000172e+04 3.841425180435180664e+00
2.999952000000000044e+04 1.338552665710449219e+01
2.999960299999999916e+04 9.686494827270507812e+00
2.999968600000000151e+04 1.034727478027343750e+01
2.999976900000000023e+04 1.026837825775146484e+01
2.999985199999999895e+04 8.173119544982910156e+00
2.999993500000000131e+04 3.741494178771972656e+00
