2.500009800000000178e+04 6.606068725585937500e+02
2.500018100000000049e+04 6.606141357421875000e+02
2.500026399999999921e+04 6.606228027343750000e+02
2.500034700000000157e+04 6.606315917968750000e+02
2.500043000000000029e+04 6.606382446289062500e+02
2.500051299999999901e+04 6.606287841796875000e+02
2.500059600000000137e+04 6.605703735351562500e+02
2.500067900000000009e+04 6.605343017578125000e+02
2.500076199999999881e+04 6.605393066406250000e+02
2.500084500000000116e+04 6.605460205078125000e+02
2.500092799999999988e+04 6.605515747070312500e+02
2.500101099999999860e+04 6.605579223632812500e+02
2.500109400000000096e+04 6.605642700195312500e+02
2.500117699999999968e+04 6.605711059570312500e+02
2.500125999999999840e+04 6.605796508789062500e+02
2.500134300000000076e+04 6.605889892578125000e+02
2.500142599999999948e+04 6.605957031250000000e+02
2.500150899999999820e+04 6.605885620117187500e+02
2.500159200000000055e+04 6.605345458984375000e+02
2.500167499999999927e+04 6.604984130859375000e+02
2.500175800000000163e+04 6.605034790039062500e+02
2.500184100000000035e+04 6.605101318359375000e+02
2.500192399999999907e+04 6.605157470703125000e+02
2.500200700000000143e+04 6.605220336914062500e+02
2.500209000000000015e+04 6.605283813476562500e+02
2.500217299999999886e+04 6.605352783203125000e+02
2.500225600000000122e+04 6.605438232421875000e+02
2.500233899999999994e+04 6.605531616210937500e+02
2.500242199999999866e+04 6.605598144531250000e+02
2.500250500000000102e+04 6.605526733398437500e+02
2.500258799999999974e+04 6.604986572265625000e+02
2.500267099999999846e+04 6.604625244140625000e+02
2.500275400000000081e+04 6.604675903320312500e+02
2.500283699999999953e+04 6.604742431640625000e+02
2.500291999999999825e+04 6.604797973632812500e+02
2.500300300000000061e+04 6.604861450195312500e+02
2.500308599999999933e+04 6.604924926757812500e+02
2.500316900000000169e+04 6.604993896484375000e+02
2.500325200000000041e+04 6.605079345703125000e+02
2.500333499999999913e+04 6.605172729492187500e+02
2.500341800000000148e+04 6.605239257812500000e+02
2.500350100000000020e+04 6.605167846679687500e+02
2.500358399999999892e+04 6.604627075195312500e+02
2.500366700000000128e+04 6.604265747070312500e+02
2.500375000000000000e+04 6.604316406250000000e+02
2.500383299999999872e+04 6.604382934570312500e+02
2.500391600000000108e+04 6.604438476562500000e+02
2.500399899999999980e+04 6.604501953125000000e+02
2.500408199999999852e+04 6.604565429687500000e+02
2.500416500000000087e+04 6.604633178710937500e+02
2.500424799999999959e+04 6.604718627929687500e+02
2.500433099999999831e+04 6.604812011718750000e+02
2.500441400000000067e+04 6.604879150390625000e+02
2.500449699999999939e+04 6.604807739257812500e+02
2.500458000000000175e+04 6.604265747070312500e+02
2.500466300000000047e+04 6.603854980468750000e+02
2.500474599999999919e+04 6.603822631835937500e+02
2.500482900000000154e+04 6.603890380859375000e+02
2.500491200000000026e+04 6.603948364257812500e+02
2.500499499999999898e+04 6.604010009765625000e+02
2.500507800000000134e+04 6.604072875976562500e+02
2.500516100000000006e+04 6.604140625000000000e+02
2.500524399999999878e+04 6.604222412109375000e+02
2.500532700000000114e+04 6.604313964843750000e+02
2.500540999999999985e+04 6.604385986328125000e+02
2.500549299999999857e+04 6.604342041015625000e+02
2.500557600000000093e+04 6.603878173828125000e+02
2.500565899999999965e+04 6.603466796875000000e+02
2.500574199999999837e+04 6.603435058593750000e+02
2.500582500000000073e+04 6.603502197265625000e+02
2.500590799999999945e+04 6.603560180664062500e+02
2.500599100000000180e+04 6.603621826171875000e+02
2.500607400000000052e+04 6.603685302734375000e+02
2.500615699999999924e+04 6.603752441406250000e+02
2.500624000000000160e+04 6.603834228515625000e+02
2.500632300000000032e+04 6.603925781250000000e+02
2.500640599999999904e+04 6.603997802734375000e+02
2.500648900000000140e+04 6.603953857421875000e+02
2.500657200000000012e+04 6.603489379882812500e+02
2.500665499999999884e+04 6.603078613281250000e+02
2.500673800000000119e+04 6.603046264648437500e+02
2.500682099999999991e+04 6.603114013671875000e+02
2.500690399999999863e+04 6.603171997070312500e+02
2.500698700000000099e+04 6.603233032226562500e+02
2.500706999999999971e+04 6.603296508789062500e+02
2.500715299999999843e+04 6.603364257812500000e+02
2.500723600000000079e+04 6.603446044921875000e+02
2.500731899999999951e+04 6.603537597656250000e+02
2.500740199999999822e+04 6.603609619140625000e+02
2.500748500000000058e+04 6.603565063476562500e+02
2.500756799999999930e+04 6.603100585937500000e+02
2.500765100000000166e+04 6.602689208984375000e+02
2.500773400000000038e+04 6.602656860351562500e+02
2.500781699999999910e+04 6.602724609375000000e+02
2.500790000000000146e+04 6.602782592773437500e+02
2.500798300000000017e+04 6.602844238281250000e+02
2.500806599999999889e+04 6.602907714843750000e+02
2.500814900000000125e+04 6.602974243164062500e+02
2.500823199999999997e+04 6.603056030273437500e+02
2.500831499999999869e+04 6.603147583007812500e+02
2.500839800000000105e+04 6.603219604492187500e+02
2.500848099999999977e+04 6.603175048828125000e+02
2.500856399999999849e+04 6.602709960937500000e+02
2.500864700000000084e+04 6.602248535156250000e+02
2.500872999999999956e+04 6.602133789062500000e+02
2.500881299999999828e+04 6.602197265625000000e+02
2.500889600000000064e+04 6.602257690429687500e+02
2.500897899999999936e+04 6.602317504882812500e+02
2.500906200000000172e+04 6.602380981445312500e+02
2.500914500000000044e+04 6.602447509765625000e+02
2.500922799999999916e+04 6.602526245117187500e+02
2.500931100000000151e+04 6.602615966796875000e+02
2.500939400000000023e+04 6.602692871093750000e+02
2.500947699999999895e+04 6.602677001953125000e+02
2.500956000000000131e+04 6.602327880859375000e+02
2.500964300000000003e+04 6.601866455078125000e+02
2.500972599999999875e+04 6.601751708984375000e+02
2.500980900000000111e+04 6.601815185546875000e+02
2.500989199999999983e+04 6.601875610351562500e+02
2.500997499999999854e+04 6.601935424804687500e+02
2.501005800000000090e+04 6.601998901367187500e+02
2.501014099999999962e+04 6.602065429687500000e+02
2.501022399999999834e+04 6.602144165039062500e+02
2.501030700000000070e+04 6.602233886718750000e+02
2.501038999999999942e+04 6.602311401367187500e+02
2.501047300000000178e+04 6.602294921875000000e+02
2.501055600000000049e+04 6.601945190429687500e+02
2.501063899999999921e+04 6.601484375000000000e+02
2.501072200000000157e+04 6.601369018554687500e+02
2.501080500000000029e+04 6.601432495117187500e+02
2.501088799999999901e+04 6.601492919921875000e+02
2.501097100000000137e+04 6.601552734375000000e+02
2.501105400000000009e+04 6.601616210937500000e+02
2.501113699999999881e+04 6.601682739257812500e+02
2.501122000000000116e+04 6.601761474609375000e+02
2.501130299999999988e+04 6.601851196289062500e+02
2.501138599999999860e+04 6.601928710937500000e+02
2.501146900000000096e+04 6.601912231445312500e+02
2.501155199999999968e+04 6.601562500000000000e+02
2.501163499999999840e+04 6.601101074218750000e+02
2.501171800000000076e+04 6.600986328125000000e+02
2.501180099999999948e+04 6.601049804687500000e+02
2.501188399999999820e+04 6.601109619140625000e+02
2.501196700000000055e+04 6.601170043945312500e+02
2.501204999999999927e+04 6.601233520507812500e+02
2.501213300000000163e+04 6.601298828125000000e+02
2.501221600000000035e+04 6.601377563476562500e+02
2.501229899999999907e+04 6.601467895507812500e+02
2.501238200000000143e+04 6.601544799804687500e+02
2.501246500000000015e+04 6.601528320312500000e+02
2.501254799999999886e+04 6.601177978515625000e+02
2.501263100000000122e+04 6.600715942382812500e+02
2.501271399999999994e+04 6.600518188476562500e+02
2.501279699999999866e+04 6.600577392578125000e+02
2.501288000000000102e+04 6.600639648437500000e+02
2.501296299999999974e+04 6.600698852539062500e+02
2.501304599999999846e+04 6.600762329101562500e+02
2.501312900000000081e+04 6.600827636718750000e+02
2.501321199999999953e+04 6.600906982421875000e+02
2.501329499999999825e+04 6.600995483398437500e+02
2.501337800000000061e+04 6.601077880859375000e+02
2.501346099999999933e+04 6.601089477539062500e+02
2.501354400000000169e+04 6.600852661132812500e+02
2.501362700000000041e+04 6.600341186523437500e+02
2.501370999999999913e+04 6.600143432617187500e+02
2.501379300000000148e+04 6.600202636718750000e+02
2.501387600000000020e+04 6.600264892578125000e+02
2.501395899999999892e+04 6.600324096679687500e+02
2.501404200000000128e+04 6.600386962890625000e+02
2.501412500000000000e+04 6.600452880859375000e+02
2.501420799999999872e+04 6.600528564453125000e+02
2.501429100000000108e+04 6.600617065429687500e+02
2.501437399999999980e+04 6.600699462890625000e+02
2.501445699999999852e+04 6.600711059570312500e+02
2.501454000000000087e+04 6.600471801757812500e+02
2.501462299999999959e+04 6.599960327148437500e+02
2.501470599999999831e+04 6.599762573242187500e+02
2.501478900000000067e+04 6.599821166992187500e+02
2.501487199999999939e+04 6.599884033203125000e+02
2.501495500000000175e+04 6.599942626953125000e+02
2.501503800000000047e+04 6.600006103515625000e+02
2.501512099999999919e+04 6.600072021484375000e+02
2.501520400000000154e+04 6.600147094726562500e+02
2.501528700000000026e+04 6.600236206054687500e+02
2.501536999999999898e+04 6.600318603515625000e+02
2.501545300000000134e+04 6.600330200195312500e+02
2.501553600000000006e+04 6.600090332031250000e+02
2.501561899999999878e+04 6.599578857421875000e+02
2.501570200000000114e+04 6.599380493164062500e+02
2.501578499999999985e+04 6.599439697265625000e+02
2.501586799999999857e+04 6.599502563476562500e+02
2.501595100000000093e+04 6.599561157226562500e+02
2.501603399999999965e+04 6.599624633789062500e+02
2.501611699999999837e+04 6.599689331054687500e+02
2.501620000000000073e+04 6.599765014648437500e+02
2.501628299999999945e+04 6.599853515625000000e+02
2.501636600000000180e+04 6.599936523437500000e+02
2.501644900000000052e+04 6.599947509765625000e+02
2.501653199999999924e+04 6.599707031250000000e+02
2.501661500000000160e+04 6.599195556640625000e+02
2.501669800000000032e+04 6.598914184570312500e+02
2.501678099999999904e+04 6.598969116210937500e+02
2.501686400000000140e+04 6.599033813476562500e+02
2.501694700000000012e+04 6.599091186523437500e+02
2.501702999999999884e+04 6.599154663085937500e+02
2.501711300000000119e+04 6.599219360351562500e+02
2.501719599999999991e+04 6.599295043945312500e+02
2.501727899999999863e+04 6.599382324218750000e+02
2.501736200000000099e+04 6.599465332031250000e+02
2.501744499999999971e+04 6.599503784179687500e+02
2.501752799999999843e+04 6.599373168945312500e+02
2.501761100000000079e+04 6.598811645507812500e+02
2.501769399999999951e+04 6.598530273437500000e+02
2.501777699999999822e+04 6.598585205078125000e+02
2.501786000000000058e+04 6.598649902343750000e+02
2.501794299999999930e+04 6.598707275390625000e+02
2.501802600000000166e+04 6.598770751953125000e+02
2.501810900000000038e+04 6.598835449218750000e+02
2.501819199999999910e+04 6.598908081054687500e+02
2.501827500000000146e+04 6.598994750976562500e+02
2.501835800000000017e+04 6.599083251953125000e+02
2.501844099999999889e+04 6.599122314453125000e+02
2.501852400000000125e+04 6.598998413085937500e+02
2.501860699999999997e+04 6.598436279296875000e+02
2.501868999999999869e+04 6.598154907226562500e+02
2.501877300000000105e+04 6.598209838867187500e+02
2.501885599999999977e+04 6.598274536132812500e+02
2.501893899999999849e+04 6.598331909179687500e+02
2.501902200000000084e+04 6.598395385742187500e+02
2.501910499999999956e+04 6.598460083007812500e+02
2.501918799999999828e+04 6.598532714843750000e+02
2.501927100000000064e+04 6.598619384765625000e+02
2.501935399999999936e+04 6.598707885742187500e+02
2.501943700000000172e+04 6.598746948242187500e+02
2.501952000000000044e+04 6.598622436523437500e+02
2.501960299999999916e+04 6.598060913085937500e+02
2.501968600000000151e+04 6.597778930664062500e+02
2.501976900000000023e+04 6.597833862304687500e+02
2.501985199999999895e+04 6.597898559570312500e+02
2.501993500000000131e+04 6.597955932617187500e+02
