2.500009800000000178e+04 6.460224609375000000e+02
2.500018100000000049e+04 6.460317993164062500e+02
2.500026399999999921e+04 6.460425415039062500e+02
2.500034700000000157e+04 6.460532836914062500e+02
2.500043000000000029e+04 6.460617065429687500e+02
2.500051299999999901e+04 6.460532836914062500e+02
2.500059600000000137e+04 6.459966430664062500e+02
2.500067900000000009e+04 6.459620361328125000e+02
2.500076199999999881e+04 6.459685668945312500e+02
2.500084500000000116e+04 6.459769897460937500e+02
2.500092799999999988e+04 6.459846191406250000e+02
2.500101099999999860e+04 6.459929809570312500e+02
2.500109400000000096e+04 6.460015258789062500e+02
2.500117699999999968e+04 6.460105590820312500e+02
2.500125999999999840e+04 6.460211791992187500e+02
2.500134300000000076e+04 6.460322875976562500e+02
2.500142599999999948e+04 6.460406494140625000e+02
2.500150899999999820e+04 6.460344238281250000e+02
2.500159200000000055e+04 6.459820556640625000e+02
2.500167499999999927e+04 6.459472045898437500e+02
2.500175800000000163e+04 6.459534912109375000e+02
2.500184100000000035e+04 6.459618530273437500e+02
2.500192399999999907e+04 6.459694824218750000e+02
2.500200700000000143e+04 6.459779052734375000e+02
2.500209000000000015e+04 6.459863891601562500e+02
2.500217299999999886e+04 6.459954223632812500e+02
2.500225600000000122e+04 6.460060424804687500e+02
2.500233899999999994e+04 6.460172729492187500e+02
2.500242199999999866e+04 6.460257568359375000e+02
2.500250500000000102e+04 6.460197753906250000e+02
2.500258799999999974e+04 6.459675903320312500e+02
2.500267099999999846e+04 6.459329833984375000e+02
2.500275400000000081e+04 6.459393310546875000e+02
2.500283699999999953e+04 6.459476928710937500e+02
2.500291999999999825e+04 6.459552001953125000e+02
2.500300300000000061e+04 6.459637451171875000e+02
2.500308599999999933e+04 6.459722290039062500e+02
2.500316900000000169e+04 6.459812622070312500e+02
2.500325200000000041e+04 6.459917602539062500e+02
2.500333499999999913e+04 6.460029907226562500e+02
2.500341800000000148e+04 6.460114746093750000e+02
2.500350100000000020e+04 6.460053100585937500e+02
2.500358399999999892e+04 6.459528808593750000e+02
2.500366700000000128e+04 6.459180908203125000e+02
2.500375000000000000e+04 6.459244995117187500e+02
2.500383299999999872e+04 6.459326782226562500e+02
2.500391600000000108e+04 6.459403686523437500e+02
2.500399899999999980e+04 6.459488525390625000e+02
2.500408199999999852e+04 6.459574584960937500e+02
2.500416500000000087e+04 6.459663085937500000e+02
2.500424799999999959e+04 6.459769287109375000e+02
2.500433099999999831e+04 6.459882202148437500e+02
2.500441400000000067e+04 6.459967041015625000e+02
2.500449699999999939e+04 6.459906616210937500e+02
2.500458000000000175e+04 6.459384155273437500e+02
2.500466300000000047e+04 6.458987426757812500e+02
2.500474599999999919e+04 6.458969116210937500e+02
2.500482900000000154e+04 6.459050292968750000e+02
2.500491200000000026e+04 6.459125976562500000e+02
2.500499499999999898e+04 6.459207763671875000e+02
2.500507800000000134e+04 6.459291381835937500e+02
2.500516100000000006e+04 6.459378051757812500e+02
2.500524399999999878e+04 6.459479980468750000e+02
2.500532700000000114e+04 6.459589233398437500e+02
2.500540999999999985e+04 6.459678344726562500e+02
2.500549299999999857e+04 6.459645385742187500e+02
2.500557600000000093e+04 6.459200439453125000e+02
2.500565899999999965e+04 6.458804321289062500e+02
2.500574199999999837e+04 6.458787231445312500e+02
2.500582500000000073e+04 6.458870849609375000e+02
2.500590799999999945e+04 6.458947753906250000e+02
2.500599100000000180e+04 6.459027709960937500e+02
2.500607400000000052e+04 6.459111328125000000e+02
2.500615699999999924e+04 6.459199218750000000e+02
2.500624000000000160e+04 6.459300537109375000e+02
2.500632300000000032e+04 6.459409790039062500e+02
2.500640599999999904e+04 6.459498291015625000e+02
2.500648900000000140e+04 6.459465942382812500e+02
2.500657200000000012e+04 6.459019165039062500e+02
2.500665499999999884e+04 6.458623046875000000e+02
2.500673800000000119e+04 6.458605957031250000e+02
2.500682099999999991e+04 6.458690185546875000e+02
2.500690399999999863e+04 6.458767700195312500e+02
2.500698700000000099e+04 6.458849487304687500e+02
2.500706999999999971e+04 6.458932495117187500e+02
2.500715299999999843e+04 6.459020385742187500e+02
2.500723600000000079e+04 6.459122314453125000e+02
2.500731899999999951e+04 6.459231567382812500e+02
2.500740199999999822e+04 6.459319458007812500e+02
2.500748500000000058e+04 6.459285278320312500e+02
2.500756799999999930e+04 6.458837890625000000e+02
2.500765100000000166e+04 6.458441162109375000e+02
2.500773400000000038e+04 6.458424072265625000e+02
2.500781699999999910e+04 6.458507690429687500e+02
2.500790000000000146e+04 6.458582763671875000e+02
2.500798300000000017e+04 6.458664550781250000e+02
2.500806599999999889e+04 6.458748168945312500e+02
2.500814900000000125e+04 6.458835449218750000e+02
2.500823199999999997e+04 6.458937377929687500e+02
2.500831499999999869e+04 6.459047851562500000e+02
2.500839800000000105e+04 6.459135131835937500e+02
2.500848099999999977e+04 6.459102172851562500e+02
2.500856399999999849e+04 6.458653564453125000e+02
2.500864700000000084e+04 6.458206787109375000e+02
2.500872999999999956e+04 6.458105468750000000e+02
2.500881299999999828e+04 6.458182983398437500e+02
2.500889600000000064e+04 6.458260498046875000e+02
2.500897899999999936e+04 6.458341674804687500e+02
2.500906200000000172e+04 6.458425903320312500e+02
2.500914500000000044e+04 6.458513183593750000e+02
2.500922799999999916e+04 6.458612060546875000e+02
2.500931100000000151e+04 6.458721313476562500e+02
2.500939400000000023e+04 6.458815917968750000e+02
2.500947699999999895e+04 6.458814086914062500e+02
2.500956000000000131e+04 6.458485107421875000e+02
2.500964300000000003e+04 6.458038940429687500e+02
2.500972599999999875e+04 6.457938842773437500e+02
2.500980900000000111e+04 6.458018188476562500e+02
2.500989199999999983e+04 6.458096313476562500e+02
2.500997499999999854e+04 6.458177490234375000e+02
2.501005800000000090e+04 6.458261718750000000e+02
2.501014099999999962e+04 6.458348388671875000e+02
2.501022399999999834e+04 6.458446655273437500e+02
2.501030700000000070e+04 6.458554687500000000e+02
2.501038999999999942e+04 6.458649902343750000e+02
2.501047300000000178e+04 6.458647460937500000e+02
2.501055600000000049e+04 6.458316650390625000e+02
2.501063899999999921e+04 6.457868041992187500e+02
2.501072200000000157e+04 6.457766723632812500e+02
2.501080500000000029e+04 6.457847290039062500e+02
2.501088799999999901e+04 6.457926025390625000e+02
2.501097100000000137e+04 6.458006591796875000e+02
2.501105400000000009e+04 6.458090820312500000e+02
2.501113699999999881e+04 6.458178100585937500e+02
2.501122000000000116e+04 6.458276977539062500e+02
2.501130299999999988e+04 6.458386230468750000e+02
2.501138599999999860e+04 6.458480224609375000e+02
2.501146900000000096e+04 6.458477783203125000e+02
2.501155199999999968e+04 6.458146362304687500e+02
2.501163499999999840e+04 6.457697753906250000e+02
2.501171800000000076e+04 6.457598266601562500e+02
2.501180099999999948e+04 6.457678222656250000e+02
2.501188399999999820e+04 6.457756958007812500e+02
2.501196700000000055e+04 6.457838134765625000e+02
2.501204999999999927e+04 6.457922363281250000e+02
2.501213300000000163e+04 6.458008422851562500e+02
2.501221600000000035e+04 6.458107910156250000e+02
2.501229899999999907e+04 6.458216552734375000e+02
2.501238200000000143e+04 6.458311157226562500e+02
2.501246500000000015e+04 6.458309326171875000e+02
2.501254799999999886e+04 6.457976684570312500e+02
2.501263100000000122e+04 6.457528686523437500e+02
2.501271399999999994e+04 6.457341918945312500e+02
2.501279699999999866e+04 6.457409667968750000e+02
2.501288000000000102e+04 6.457467651367187500e+02
2.501296299999999974e+04 6.457537231445312500e+02
2.501304599999999846e+04 6.457622680664062500e+02
2.501312900000000081e+04 6.457708740234375000e+02
2.501321199999999953e+04 6.457807006835937500e+02
2.501329499999999825e+04 6.457915039062500000e+02
2.501337800000000061e+04 6.458016357421875000e+02
2.501346099999999933e+04 6.458043212890625000e+02
2.501354400000000169e+04 6.457823486328125000e+02
2.501362700000000041e+04 6.457324218750000000e+02
2.501370999999999913e+04 6.457138671875000000e+02
2.501379300000000148e+04 6.457214355468750000e+02
2.501387600000000020e+04 6.457295532226562500e+02
2.501395899999999892e+04 6.457375488281250000e+02
2.501404200000000128e+04 6.457459716796875000e+02
2.501412500000000000e+04 6.457546386718750000e+02
2.501420799999999872e+04 6.457642822265625000e+02
2.501429100000000108e+04 6.457751464843750000e+02
2.501437399999999980e+04 6.457852783203125000e+02
2.501445699999999852e+04 6.457879638671875000e+02
2.501454000000000087e+04 6.457657470703125000e+02
2.501462299999999959e+04 6.457160034179687500e+02
2.501470599999999831e+04 6.456976928710937500e+02
2.501478900000000067e+04 6.457051391601562500e+02
2.501487199999999939e+04 6.457133178710937500e+02
2.501495500000000175e+04 6.457212524414062500e+02
2.501503800000000047e+04 6.457297363281250000e+02
2.501512099999999919e+04 6.457383422851562500e+02
2.501520400000000154e+04 6.457479248046875000e+02
2.501528700000000026e+04 6.457587890625000000e+02
2.501536999999999898e+04 6.457687988281250000e+02
2.501545300000000134e+04 6.457714843750000000e+02
2.501553600000000006e+04 6.457493896484375000e+02
2.501561899999999878e+04 6.456995239257812500e+02
2.501570200000000114e+04 6.456809692382812500e+02
2.501578499999999985e+04 6.456878051757812500e+02
2.501586799999999857e+04 6.456957397460937500e+02
2.501595100000000093e+04 6.457034912109375000e+02
2.501603399999999965e+04 6.457119750976562500e+02
2.501611699999999837e+04 6.457205810546875000e+02
2.501620000000000073e+04 6.457302246093750000e+02
2.501628299999999945e+04 6.457410278320312500e+02
2.501636600000000180e+04 6.457512207031250000e+02
2.501644900000000052e+04 6.457539062500000000e+02
2.501653199999999924e+04 6.457317504882812500e+02
2.501661500000000160e+04 6.456821289062500000e+02
2.501669800000000032e+04 6.456552734375000000e+02
2.501678099999999904e+04 6.456621704101562500e+02
2.501686400000000140e+04 6.456704711914062500e+02
2.501694700000000012e+04 6.456782836914062500e+02
2.501702999999999884e+04 6.456867065429687500e+02
2.501711300000000119e+04 6.456951904296875000e+02
2.501719599999999991e+04 6.457048950195312500e+02
2.501727899999999863e+04 6.457155151367187500e+02
2.501736200000000099e+04 6.457256469726562500e+02
2.501744499999999971e+04 6.457310791015625000e+02
2.501752799999999843e+04 6.457196655273437500e+02
2.501761100000000079e+04 6.456647338867187500e+02
2.501769399999999951e+04 6.456374511718750000e+02
2.501777699999999822e+04 6.456420288085937500e+02
2.501786000000000058e+04 6.456479492187500000e+02
2.501794299999999930e+04 6.456553955078125000e+02
2.501802600000000166e+04 6.456639404296875000e+02
2.501810900000000038e+04 6.456726684570312500e+02
2.501819199999999910e+04 6.456820068359375000e+02
2.501827500000000146e+04 6.456926879882812500e+02
2.501835800000000017e+04 6.457033691406250000e+02
2.501844099999999889e+04 6.457090454101562500e+02
2.501852400000000125e+04 6.456982421875000000e+02
2.501860699999999997e+04 6.456433715820312500e+02
2.501868999999999869e+04 6.456165771484375000e+02
2.501877300000000105e+04 6.456235351562500000e+02
2.501885599999999977e+04 6.456318359375000000e+02
2.501893899999999849e+04 6.456396484375000000e+02
2.501902200000000084e+04 6.456480102539062500e+02
2.501910499999999956e+04 6.456566772460937500e+02
2.501918799999999828e+04 6.456660156250000000e+02
2.501927100000000064e+04 6.456768188476562500e+02
2.501935399999999936e+04 6.456874389648437500e+02
2.501943700000000172e+04 6.456928710937500000e+02
2.501952000000000044e+04 6.456820068359375000e+02
2.501960299999999916e+04 6.456270751953125000e+02
2.501968600000000151e+04 6.456000366210937500e+02
2.501976900000000023e+04 6.456069946289062500e+02
2.501985199999999895e+04 6.456150512695312500e+02
2.501993500000000131e+04 6.456228027343750000e+02
