2.500009800000000178e+04 7.284039916992187500e+02
2.500018100000000049e+04 7.284111938476562500e+02
2.500026399999999921e+04 7.284198608398437500e+02
2.500034700000000157e+04 7.284286499023437500e+02
2.500043000000000029e+04 7.284353637695312500e+02
2.500051299999999901e+04 7.284259033203125000e+02
2.500059600000000137e+04 7.283674316406250000e+02
2.500067900000000009e+04 7.283313598632812500e+02
2.500076199999999881e+04 7.283364257812500000e+02
2.500084500000000116e+04 7.283430786132812500e+02
2.500092799999999988e+04 7.283486328125000000e+02
2.500101099999999860e+04 7.283549804687500000e+02
2.500109400000000096e+04 7.283613281250000000e+02
2.500117699999999968e+04 7.283682250976562500e+02
2.500125999999999840e+04 7.283767700195312500e+02
2.500134300000000076e+04 7.283860473632812500e+02
2.500142599999999948e+04 7.283927612304687500e+02
2.500150899999999820e+04 7.283856201171875000e+02
2.500159200000000055e+04 7.283316040039062500e+02
2.500167499999999927e+04 7.282955322265625000e+02
2.500175800000000163e+04 7.283005371093750000e+02
2.500184100000000035e+04 7.283072509765625000e+02
2.500192399999999907e+04 7.283128051757812500e+02
2.500200700000000143e+04 7.283190917968750000e+02
2.500209000000000015e+04 7.283254394531250000e+02
2.500217299999999886e+04 7.283323364257812500e+02
2.500225600000000122e+04 7.283408813476562500e+02
2.500233899999999994e+04 7.283502197265625000e+02
2.500242199999999866e+04 7.283569335937500000e+02
2.500250500000000102e+04 7.283497924804687500e+02
2.500258799999999974e+04 7.282957153320312500e+02
2.500267099999999846e+04 7.282595825195312500e+02
2.500275400000000081e+04 7.282646484375000000e+02
2.500283699999999953e+04 7.282713012695312500e+02
2.500291999999999825e+04 7.282769165039062500e+02
2.500300300000000061e+04 7.282832031250000000e+02
2.500308599999999933e+04 7.282895507812500000e+02
2.500316900000000169e+04 7.282964477539062500e+02
2.500325200000000041e+04 7.283049926757812500e+02
2.500333499999999913e+04 7.283143310546875000e+02
2.500341800000000148e+04 7.283210449218750000e+02
2.500350100000000020e+04 7.283139038085937500e+02
2.500358399999999892e+04 7.282598266601562500e+02
2.500366700000000128e+04 7.282236328125000000e+02
2.500375000000000000e+04 7.282286987304687500e+02
2.500383299999999872e+04 7.282353515625000000e+02
2.500391600000000108e+04 7.282409667968750000e+02
2.500399899999999980e+04 7.282472534179687500e+02
2.500408199999999852e+04 7.282536010742187500e+02
2.500416500000000087e+04 7.282604370117187500e+02
2.500424799999999959e+04 7.282689819335937500e+02
2.500433099999999831e+04 7.282782592773437500e+02
2.500441400000000067e+04 7.282849731445312500e+02
2.500449699999999939e+04 7.282778320312500000e+02
2.500458000000000175e+04 7.282236328125000000e+02
2.500466300000000047e+04 7.281825561523437500e+02
2.500474599999999919e+04 7.281793823242187500e+02
2.500482900000000154e+04 7.281861572265625000e+02
2.500491200000000026e+04 7.281918945312500000e+02
2.500499499999999898e+04 7.281980590820312500e+02
2.500507800000000134e+04 7.282044067382812500e+02
2.500516100000000006e+04 7.282111816406250000e+02
2.500524399999999878e+04 7.282193603515625000e+02
2.500532700000000114e+04 7.282284545898437500e+02
2.500540999999999985e+04 7.282356567382812500e+02
2.500549299999999857e+04 7.282312622070312500e+02
2.500557600000000093e+04 7.281848754882812500e+02
2.500565899999999965e+04 7.281437377929687500e+02
2.500574199999999837e+04 7.281405639648437500e+02
2.500582500000000073e+04 7.281473388671875000e+02
2.500590799999999945e+04 7.281530761718750000e+02
2.500599100000000180e+04 7.281592407226562500e+02
2.500607400000000052e+04 7.281655883789062500e+02
2.500615699999999924e+04 7.281723632812500000e+02
2.500624000000000160e+04 7.281805419921875000e+02
2.500632300000000032e+04 7.281896972656250000e+02
2.500640599999999904e+04 7.281968383789062500e+02
2.500648900000000140e+04 7.281924438476562500e+02
2.500657200000000012e+04 7.281460571289062500e+02
2.500665499999999884e+04 7.281049194335937500e+02
2.500673800000000119e+04 7.281016845703125000e+02
2.500682099999999991e+04 7.281084594726562500e+02
2.500690399999999863e+04 7.281142578125000000e+02
2.500698700000000099e+04 7.281204223632812500e+02
2.500706999999999971e+04 7.281267089843750000e+02
2.500715299999999843e+04 7.281334838867187500e+02
2.500723600000000079e+04 7.281416625976562500e+02
2.500731899999999951e+04 7.281508178710937500e+02
2.500740199999999822e+04 7.281580200195312500e+02
2.500748500000000058e+04 7.281536254882812500e+02
2.500756799999999930e+04 7.281071166992187500e+02
2.500765100000000166e+04 7.280659790039062500e+02
2.500773400000000038e+04 7.280628051757812500e+02
2.500781699999999910e+04 7.280695800781250000e+02
2.500790000000000146e+04 7.280753173828125000e+02
2.500798300000000017e+04 7.280814819335937500e+02
2.500806599999999889e+04 7.280878295898437500e+02
2.500814900000000125e+04 7.280944824218750000e+02
2.500823199999999997e+04 7.281026611328125000e+02
2.500831499999999869e+04 7.281118164062500000e+02
2.500839800000000105e+04 7.281190185546875000e+02
2.500848099999999977e+04 7.281146240234375000e+02
2.500856399999999849e+04 7.280680541992187500e+02
2.500864700000000084e+04 7.280219726562500000e+02
2.500872999999999956e+04 7.280104980468750000e+02
2.500881299999999828e+04 7.280168457031250000e+02
2.500889600000000064e+04 7.280228271484375000e+02
2.500897899999999936e+04 7.280288085937500000e+02
2.500906200000000172e+04 7.280351562500000000e+02
2.500914500000000044e+04 7.280418090820312500e+02
2.500922799999999916e+04 7.280496826171875000e+02
2.500931100000000151e+04 7.280586547851562500e+02
2.500939400000000023e+04 7.280664062500000000e+02
2.500947699999999895e+04 7.280647583007812500e+02
2.500956000000000131e+04 7.280298461914062500e+02
2.500964300000000003e+04 7.279837646484375000e+02
2.500972599999999875e+04 7.279722900390625000e+02
2.500980900000000111e+04 7.279786376953125000e+02
2.500989199999999983e+04 7.279846191406250000e+02
2.500997499999999854e+04 7.279906005859375000e+02
2.501005800000000090e+04 7.281071166992187500e+02
2.501014099999999962e+04 7.281137695312500000e+02
2.501022399999999834e+04 7.281216430664062500e+02
2.501030700000000070e+04 7.281306152343750000e+02
2.501038999999999942e+04 7.281383666992187500e+02
2.501047300000000178e+04 7.281367187500000000e+02
2.501055600000000049e+04 7.281018066406250000e+02
2.501063899999999921e+04 7.280556640625000000e+02
2.501072200000000157e+04 7.280441894531250000e+02
2.501080500000000029e+04 7.280505371093750000e+02
2.501088799999999901e+04 7.280565185546875000e+02
2.501097100000000137e+04 7.280625000000000000e+02
2.501105400000000009e+04 7.280688476562500000e+02
2.501113699999999881e+04 7.280755004882812500e+02
2.501122000000000116e+04 7.280833740234375000e+02
2.501130299999999988e+04 7.280924072265625000e+02
2.501138599999999860e+04 7.281000976562500000e+02
2.501146900000000096e+04 7.280985107421875000e+02
2.501155199999999968e+04 7.280635375976562500e+02
2.501163499999999840e+04 7.280173950195312500e+02
2.501171800000000076e+04 7.280058593750000000e+02
2.501180099999999948e+04 7.280122070312500000e+02
2.501188399999999820e+04 7.280182495117187500e+02
2.501196700000000055e+04 7.280242309570312500e+02
2.501204999999999927e+04 7.280305786132812500e+02
2.501213300000000163e+04 7.280371093750000000e+02
2.501221600000000035e+04 7.280449829101562500e+02
2.501229899999999907e+04 7.280540161132812500e+02
2.501238200000000143e+04 7.280617065429687500e+02
2.501246500000000015e+04 7.280600585937500000e+02
2.501254799999999886e+04 7.280250244140625000e+02
2.501263100000000122e+04 7.279788818359375000e+02
2.501271399999999994e+04 7.279591064453125000e+02
2.501279699999999866e+04 7.279649658203125000e+02
2.501288000000000102e+04 7.279712524414062500e+02
2.501296299999999974e+04 7.279771118164062500e+02
2.501304599999999846e+04 7.279834594726562500e+02
2.501312900000000081e+04 7.279900512695312500e+02
2.501321199999999953e+04 7.279979248046875000e+02
2.501329499999999825e+04 7.280067749023437500e+02
2.501337800000000061e+04 7.280150146484375000e+02
2.501346099999999933e+04 7.280161743164062500e+02
2.501354400000000169e+04 7.279924926757812500e+02
2.501362700000000041e+04 7.279414062500000000e+02
2.501370999999999913e+04 7.279215698242187500e+02
2.501379300000000148e+04 7.279274902343750000e+02
2.501387600000000020e+04 7.279337158203125000e+02
2.501395899999999892e+04 7.279396362304687500e+02
2.501404200000000128e+04 7.279459838867187500e+02
2.501412500000000000e+04 7.279525756835937500e+02
2.501420799999999872e+04 7.279600830078125000e+02
2.501429100000000108e+04 7.279689331054687500e+02
2.501437399999999980e+04 7.279772338867187500e+02
2.501445699999999852e+04 7.279783325195312500e+02
2.501454000000000087e+04 7.279544067382812500e+02
2.501462299999999959e+04 7.279032592773437500e+02
2.501470599999999831e+04 7.278834838867187500e+02
2.501478900000000067e+04 7.278894042968750000e+02
2.501487199999999939e+04 7.278956298828125000e+02
2.501495500000000175e+04 7.279014892578125000e+02
2.501503800000000047e+04 7.279078369140625000e+02
2.501512099999999919e+04 7.279144287109375000e+02
2.501520400000000154e+04 7.279219970703125000e+02
2.501528700000000026e+04 7.279308471679687500e+02
2.501536999999999898e+04 7.279390869140625000e+02
2.501545300000000134e+04 7.279402465820312500e+02
2.501553600000000006e+04 7.279163208007812500e+02
2.501561899999999878e+04 7.278651123046875000e+02
2.501570200000000114e+04 7.278453369140625000e+02
2.501578499999999985e+04 7.278511962890625000e+02
2.501586799999999857e+04 7.278574829101562500e+02
2.501595100000000093e+04 7.278633422851562500e+02
2.501603399999999965e+04 7.278696899414062500e+02
2.501611699999999837e+04 7.278761596679687500e+02
2.501620000000000073e+04 7.278837280273437500e+02
2.501628299999999945e+04 7.278925781250000000e+02
2.501636600000000180e+04 7.279008789062500000e+02
2.501644900000000052e+04 7.279020385742187500e+02
2.501653199999999924e+04 7.278779907226562500e+02
2.501661500000000160e+04 7.278267822265625000e+02
2.501669800000000032e+04 7.277987060546875000e+02
2.501678099999999904e+04 7.278041381835937500e+02
2.501686400000000140e+04 7.278106079101562500e+02
2.501694700000000012e+04 7.278163452148437500e+02
2.501702999999999884e+04 7.278226928710937500e+02
2.501711300000000119e+04 7.278292236328125000e+02
2.501719599999999991e+04 7.278367309570312500e+02
2.501727899999999863e+04 7.278454589843750000e+02
2.501736200000000099e+04 7.278537597656250000e+02
2.501744499999999971e+04 7.278576660156250000e+02
2.501752799999999843e+04 7.278445434570312500e+02
2.501761100000000079e+04 7.277883911132812500e+02
2.501769399999999951e+04 7.277602539062500000e+02
2.501777699999999822e+04 7.277657470703125000e+02
2.501786000000000058e+04 7.277722167968750000e+02
2.501794299999999930e+04 7.277779541015625000e+02
2.501802600000000166e+04 7.277843017578125000e+02
2.501810900000000038e+04 7.277907714843750000e+02
2.501819199999999910e+04 7.277980346679687500e+02
2.501827500000000146e+04 7.278067626953125000e+02
2.501835800000000017e+04 7.278155517578125000e+02
2.501844099999999889e+04 7.278194580078125000e+02
2.501852400000000125e+04 7.278070678710937500e+02
2.501860699999999997e+04 7.277509155273437500e+02
2.501868999999999869e+04 7.277227783203125000e+02
2.501877300000000105e+04 7.277282104492187500e+02
2.501885599999999977e+04 7.277346801757812500e+02
2.501893899999999849e+04 7.277404174804687500e+02
2.501902200000000084e+04 7.277467651367187500e+02
2.501910499999999956e+04 7.277532348632812500e+02
2.501918799999999828e+04 7.277604980468750000e+02
2.501927100000000064e+04 7.277692260742187500e+02
2.501935399999999936e+04 7.277780151367187500e+02
2.501943700000000172e+04 7.277819213867187500e+02
2.501952000000000044e+04 7.277695312500000000e+02
2.501960299999999916e+04 7.277133178710937500e+02
2.501968600000000151e+04 7.276851806640625000e+02
2.501976900000000023e+04 7.276906127929687500e+02
2.501985199999999895e+04 7.276970825195312500e+02
2.501993500000000131e+04 7.277028198242187500e+02
