2.500009800000000178e+04 7.178617553710937500e+02
2.500018100000000049e+04 7.178710937500000000e+02
2.500026399999999921e+04 7.178817749023437500e+02
2.500034700000000157e+04 7.178925781250000000e+02
2.500043000000000029e+04 7.179009399414062500e+02
2.500051299999999901e+04 7.178925781250000000e+02
2.500059600000000137e+04 7.178358764648437500e+02
2.500067900000000009e+04 7.178012695312500000e+02
2.500076199999999881e+04 7.178078613281250000e+02
2.500084500000000116e+04 7.178162231445312500e+02
2.500092799999999988e+04 7.178239135742187500e+02
2.500101099999999860e+04 7.178322143554687500e+02
2.500109400000000096e+04 7.178407592773437500e+02
2.500117699999999968e+04 7.178497924804687500e+02
2.500125999999999840e+04 7.178604125976562500e+02
2.500134300000000076e+04 7.178715209960937500e+02
2.500142599999999948e+04 7.178798828125000000e+02
2.500150899999999820e+04 7.178737182617187500e+02
2.500159200000000055e+04 7.178213500976562500e+02
2.500167499999999927e+04 7.177864379882812500e+02
2.500175800000000163e+04 7.177927246093750000e+02
2.500184100000000035e+04 7.178010864257812500e+02
2.500192399999999907e+04 7.178087158203125000e+02
2.500200700000000143e+04 7.178171997070312500e+02
2.500209000000000015e+04 7.178256225585937500e+02
2.500217299999999886e+04 7.178346557617187500e+02
2.500225600000000122e+04 7.178452758789062500e+02
2.500233899999999994e+04 7.178565063476562500e+02
2.500242199999999866e+04 7.178649902343750000e+02
2.500250500000000102e+04 7.178590698242187500e+02
2.500258799999999974e+04 7.178068847656250000e+02
2.500267099999999846e+04 7.177722167968750000e+02
2.500275400000000081e+04 7.177786254882812500e+02
2.500283699999999953e+04 7.177869873046875000e+02
2.500291999999999825e+04 7.177944946289062500e+02
2.500300300000000061e+04 7.178030395507812500e+02
2.500308599999999933e+04 7.178115234375000000e+02
2.500316900000000169e+04 7.178204956054687500e+02
2.500325200000000041e+04 7.178309936523437500e+02
2.500333499999999913e+04 7.178422241210937500e+02
2.500341800000000148e+04 7.178507080078125000e+02
2.500350100000000020e+04 7.178446044921875000e+02
2.500358399999999892e+04 7.177921752929687500e+02
2.500366700000000128e+04 7.177573852539062500e+02
2.500375000000000000e+04 7.177637329101562500e+02
2.500383299999999872e+04 7.177719726562500000e+02
2.500391600000000108e+04 7.177796630859375000e+02
2.500399899999999980e+04 7.177881469726562500e+02
2.500408199999999852e+04 7.177966918945312500e+02
2.500416500000000087e+04 7.178055419921875000e+02
2.500424799999999959e+04 7.178161621093750000e+02
2.500433099999999831e+04 7.178274536132812500e+02
2.500441400000000067e+04 7.178359375000000000e+02
2.500449699999999939e+04 7.178298950195312500e+02
2.500458000000000175e+04 7.177777099609375000e+02
2.500466300000000047e+04 7.177379760742187500e+02
2.500474599999999919e+04 7.177361450195312500e+02
2.500482900000000154e+04 7.177443237304687500e+02
2.500491200000000026e+04 7.177518310546875000e+02
2.500499499999999898e+04 7.177600097656250000e+02
2.500507800000000134e+04 7.177683715820312500e+02
2.500516100000000006e+04 7.177770996093750000e+02
2.500524399999999878e+04 7.177872314453125000e+02
2.500532700000000114e+04 7.177982177734375000e+02
2.500540999999999985e+04 7.178071289062500000e+02
2.500549299999999857e+04 7.178038330078125000e+02
2.500557600000000093e+04 7.177593383789062500e+02
2.500565899999999965e+04 7.177196655273437500e+02
2.500574199999999837e+04 7.177179565429687500e+02
2.500582500000000073e+04 7.177263183593750000e+02
2.500590799999999945e+04 7.177340087890625000e+02
2.500599100000000180e+04 7.177420043945312500e+02
2.500607400000000052e+04 7.177503662109375000e+02
2.500615699999999924e+04 7.177591552734375000e+02
2.500624000000000160e+04 7.177692871093750000e+02
2.500632300000000032e+04 7.177802124023437500e+02
2.500640599999999904e+04 7.177891235351562500e+02
2.500648900000000140e+04 7.177858886718750000e+02
2.500657200000000012e+04 7.177412109375000000e+02
2.500665499999999884e+04 7.177015991210937500e+02
2.500673800000000119e+04 7.176998291015625000e+02
2.500682099999999991e+04 7.177083129882812500e+02
2.500690399999999863e+04 7.177160034179687500e+02
2.500698700000000099e+04 7.177242431640625000e+02
2.500706999999999971e+04 7.177324829101562500e+02
2.500715299999999843e+04 7.177413330078125000e+02
2.500723600000000079e+04 7.177515258789062500e+02
2.500731899999999951e+04 7.177623901367187500e+02
2.500740199999999822e+04 7.177712402343750000e+02
2.500748500000000058e+04 7.177677612304687500e+02
2.500756799999999930e+04 7.177230834960937500e+02
2.500765100000000166e+04 7.176834106445312500e+02
2.500773400000000038e+04 7.176817016601562500e+02
2.500781699999999910e+04 7.176900024414062500e+02
2.500790000000000146e+04 7.176975708007812500e+02
2.500798300000000017e+04 7.177056884765625000e+02
2.500806599999999889e+04 7.177141113281250000e+02
2.500814900000000125e+04 7.177228393554687500e+02
2.500823199999999997e+04 7.177330322265625000e+02
2.500831499999999869e+04 7.177440795898437500e+02
2.500839800000000105e+04 7.177528076171875000e+02
2.500848099999999977e+04 7.177494506835937500e+02
2.500856399999999849e+04 7.177045898437500000e+02
2.500864700000000084e+04 7.176599731445312500e+02
2.500872999999999956e+04 7.176498413085937500e+02
2.500881299999999828e+04 7.176575317382812500e+02
2.500889600000000064e+04 7.176652832031250000e+02
2.500897899999999936e+04 7.176734008789062500e+02
2.500906200000000172e+04 7.176818847656250000e+02
2.500914500000000044e+04 7.176905517578125000e+02
2.500922799999999916e+04 7.177004394531250000e+02
2.500931100000000151e+04 7.177113647460937500e+02
2.500939400000000023e+04 7.177208862304687500e+02
2.500947699999999895e+04 7.177207031250000000e+02
2.500956000000000131e+04 7.176877441406250000e+02
2.500964300000000003e+04 7.176431274414062500e+02
2.500972599999999875e+04 7.176331787109375000e+02
2.500980900000000111e+04 7.176411132812500000e+02
2.500989199999999983e+04 7.176489257812500000e+02
2.500997499999999854e+04 7.176569824218750000e+02
2.501005800000000090e+04 7.177167968750000000e+02
2.501014099999999962e+04 7.177254638671875000e+02
2.501022399999999834e+04 7.177352905273437500e+02
2.501030700000000070e+04 7.177460937500000000e+02
2.501038999999999942e+04 7.177556152343750000e+02
2.501047300000000178e+04 7.177553710937500000e+02
2.501055600000000049e+04 7.177222900390625000e+02
2.501063899999999921e+04 7.176774291992187500e+02
2.501072200000000157e+04 7.176672973632812500e+02
2.501080500000000029e+04 7.176753540039062500e+02
2.501088799999999901e+04 7.176832275390625000e+02
2.501097100000000137e+04 7.176912841796875000e+02
2.501105400000000009e+04 7.176997070312500000e+02
2.501113699999999881e+04 7.177084350585937500e+02
2.501122000000000116e+04 7.177183227539062500e+02
2.501130299999999988e+04 7.177292480468750000e+02
2.501138599999999860e+04 7.177386474609375000e+02
2.501146900000000096e+04 7.177384033203125000e+02
2.501155199999999968e+04 7.177052612304687500e+02
2.501163499999999840e+04 7.176604003906250000e+02
2.501171800000000076e+04 7.176504516601562500e+02
2.501180099999999948e+04 7.176584472656250000e+02
2.501188399999999820e+04 7.176663208007812500e+02
2.501196700000000055e+04 7.176744384765625000e+02
2.501204999999999927e+04 7.176828613281250000e+02
2.501213300000000163e+04 7.176914672851562500e+02
2.501221600000000035e+04 7.177014160156250000e+02
2.501229899999999907e+04 7.177122802734375000e+02
2.501238200000000143e+04 7.177217407226562500e+02
2.501246500000000015e+04 7.177215576171875000e+02
2.501254799999999886e+04 7.176882934570312500e+02
2.501263100000000122e+04 7.176434936523437500e+02
2.501271399999999994e+04 7.176248168945312500e+02
2.501279699999999866e+04 7.176315917968750000e+02
2.501288000000000102e+04 7.176373901367187500e+02
2.501296299999999974e+04 7.176443481445312500e+02
2.501304599999999846e+04 7.176528930664062500e+02
2.501312900000000081e+04 7.176614990234375000e+02
2.501321199999999953e+04 7.176713256835937500e+02
2.501329499999999825e+04 7.176821289062500000e+02
2.501337800000000061e+04 7.176922607421875000e+02
2.501346099999999933e+04 7.176949462890625000e+02
2.501354400000000169e+04 7.176729736328125000e+02
2.501362700000000041e+04 7.176230468750000000e+02
2.501370999999999913e+04 7.176044921875000000e+02
2.501379300000000148e+04 7.176120605468750000e+02
2.501387600000000020e+04 7.176201782226562500e+02
2.501395899999999892e+04 7.176281127929687500e+02
2.501404200000000128e+04 7.176365966796875000e+02
2.501412500000000000e+04 7.176452636718750000e+02
2.501420799999999872e+04 7.176549072265625000e+02
2.501429100000000108e+04 7.176657714843750000e+02
2.501437399999999980e+04 7.176759033203125000e+02
2.501445699999999852e+04 7.176785888671875000e+02
2.501454000000000087e+04 7.176563720703125000e+02
2.501462299999999959e+04 7.176066284179687500e+02
2.501470599999999831e+04 7.175883178710937500e+02
2.501478900000000067e+04 7.175957641601562500e+02
2.501487199999999939e+04 7.176039428710937500e+02
2.501495500000000175e+04 7.176118774414062500e+02
2.501503800000000047e+04 7.176203613281250000e+02
2.501512099999999919e+04 7.176289672851562500e+02
2.501520400000000154e+04 7.176385498046875000e+02
2.501528700000000026e+04 7.176494140625000000e+02
2.501536999999999898e+04 7.176594238281250000e+02
2.501545300000000134e+04 7.176620483398437500e+02
2.501553600000000006e+04 7.176400146484375000e+02
2.501561899999999878e+04 7.175901489257812500e+02
2.501570200000000114e+04 7.175715942382812500e+02
2.501578499999999985e+04 7.175784301757812500e+02
2.501586799999999857e+04 7.175863647460937500e+02
2.501595100000000093e+04 7.175941162109375000e+02
2.501603399999999965e+04 7.176026000976562500e+02
2.501611699999999837e+04 7.176112060546875000e+02
2.501620000000000073e+04 7.176208496093750000e+02
2.501628299999999945e+04 7.176316528320312500e+02
2.501636600000000180e+04 7.176418457031250000e+02
2.501644900000000052e+04 7.176445312500000000e+02
2.501653199999999924e+04 7.176223754882812500e+02
2.501661500000000160e+04 7.175726928710937500e+02
2.501669800000000032e+04 7.175458984375000000e+02
2.501678099999999904e+04 7.175527954101562500e+02
2.501686400000000140e+04 7.175610351562500000e+02
2.501694700000000012e+04 7.175689086914062500e+02
2.501702999999999884e+04 7.175773315429687500e+02
2.501711300000000119e+04 7.175858154296875000e+02
2.501719599999999991e+04 7.175955200195312500e+02
2.501727899999999863e+04 7.176061401367187500e+02
2.501736200000000099e+04 7.176162719726562500e+02
2.501744499999999971e+04 7.176217041015625000e+02
2.501752799999999843e+04 7.176102905273437500e+02
2.501761100000000079e+04 7.175553588867187500e+02
2.501769399999999951e+04 7.175280761718750000e+02
2.501777699999999822e+04 7.175326538085937500e+02
2.501786000000000058e+04 7.175385742187500000e+02
2.501794299999999930e+04 7.175460205078125000e+02
2.501802600000000166e+04 7.175545654296875000e+02
2.501810900000000038e+04 7.175632934570312500e+02
2.501819199999999910e+04 7.175726318359375000e+02
2.501827500000000146e+04 7.175833129882812500e+02
2.501835800000000017e+04 7.175939941406250000e+02
2.501844099999999889e+04 7.175996704101562500e+02
2.501852400000000125e+04 7.175888671875000000e+02
2.501860699999999997e+04 7.175339965820312500e+02
2.501868999999999869e+04 7.175072021484375000e+02
2.501877300000000105e+04 7.175141601562500000e+02
2.501885599999999977e+04 7.175224609375000000e+02
2.501893899999999849e+04 7.175302124023437500e+02
2.501902200000000084e+04 7.175386352539062500e+02
2.501910499999999956e+04 7.175473022460937500e+02
2.501918799999999828e+04 7.175566406250000000e+02
2.501927100000000064e+04 7.175674438476562500e+02
2.501935399999999936e+04 7.175780029296875000e+02
2.501943700000000172e+04 7.175834960937500000e+02
2.501952000000000044e+04 7.175726318359375000e+02
2.501960299999999916e+04 7.175176391601562500e+02
2.501968600000000151e+04 7.174906616210937500e+02
2.501976900000000023e+04 7.174976196289062500e+02
2.501985199999999895e+04 7.175056762695312500e+02
2.501993500000000131e+04 7.175134277343750000e+02
