2.500009800000000178e+04 1.175245666503906250e+01
2.500018100000000049e+04 1.151951217651367188e+01
2.500026399999999921e+04 1.134476661682128906e+01
2.500034700000000157e+04 1.115012073516845703e+01
2.500043000000000029e+04 1.111260318756103516e+01
2.500051299999999901e+04 1.168893623352050781e+01
2.500059600000000137e+04 1.279597663879394531e+01
2.500067900000000009e+04 1.291051101684570312e+01
2.500076199999999881e+04 1.293011665344238281e+01
2.500084500000000116e+04 1.281348896026611328e+01
2.500092799999999988e+04 1.241597080230712891e+01
2.500101099999999860e+04 1.208064842224121094e+01
2.500109400000000096e+04 1.177661800384521484e+01
2.500117699999999968e+04 1.150256729125976562e+01
2.500125999999999840e+04 1.129833602905273438e+01
2.500134300000000076e+04 1.114923191070556641e+01
2.500142599999999948e+04 1.099488925933837891e+01
2.500150899999999820e+04 1.155732440948486328e+01
2.500159200000000055e+04 1.279944705963134766e+01
2.500167499999999927e+04 1.295922279357910156e+01
2.500175800000000163e+04 1.296390342712402344e+01
2.500184100000000035e+04 1.282925987243652344e+01
2.500192399999999907e+04 1.247798442840576172e+01
2.500200700000000143e+04 1.213587093353271484e+01
2.500209000000000015e+04 1.181302452087402344e+01
2.500217299999999886e+04 1.147390079498291016e+01
2.500225600000000122e+04 1.128889560699462891e+01
2.500233899999999994e+04 1.115124893188476562e+01
2.500242199999999866e+04 1.098326301574707031e+01
2.500250500000000102e+04 1.150711822509765625e+01
2.500258799999999974e+04 1.279938220977783203e+01
2.500267099999999846e+04 1.291157245635986328e+01
2.500275400000000081e+04 1.294940280914306641e+01
2.500283699999999953e+04 1.283384609222412109e+01
2.500291999999999825e+04 1.251474285125732422e+01
2.500300300000000061e+04 1.206122684478759766e+01
2.500308599999999933e+04 1.177281570434570312e+01
2.500316900000000169e+04 1.149587726593017578e+01
2.500325200000000041e+04 1.136792659759521484e+01
2.500333499999999913e+04 1.115750885009765625e+01
2.500341800000000148e+04 1.098590183258056641e+01
2.500350100000000020e+04 1.155016231536865234e+01
2.500358399999999892e+04 1.281905364990234375e+01
2.500366700000000128e+04 1.295126533508300781e+01
2.500375000000000000e+04 1.295287227630615234e+01
2.500383299999999872e+04 1.287720870971679688e+01
2.500391600000000108e+04 1.244540023803710938e+01
2.500399899999999980e+04 1.209794139862060547e+01
2.500408199999999852e+04 1.174310874938964844e+01
2.500416500000000087e+04 1.156975555419921875e+01
2.500424799999999959e+04 1.132287311553955078e+01
2.500433099999999831e+04 1.114761543273925781e+01
2.500441400000000067e+04 1.098712348937988281e+01
2.500449699999999939e+04 1.151116371154785156e+01
2.500458000000000175e+04 1.276904869079589844e+01
2.500466300000000047e+04 1.295067405700683594e+01
2.500474599999999919e+04 1.295739173889160156e+01
2.500482900000000154e+04 1.293490409851074219e+01
2.500491200000000026e+04 1.250921630859375000e+01
2.500499499999999898e+04 1.211512374877929688e+01
2.500507800000000134e+04 1.179560184478759766e+01
2.500516100000000006e+04 1.153034305572509766e+01
2.500524399999999878e+04 1.130996990203857422e+01
2.500532700000000114e+04 1.113624668121337891e+01
2.500540999999999985e+04 1.092831993103027344e+01
2.500549299999999857e+04 1.134790039062500000e+01
2.500557600000000093e+04 1.279537963867187500e+01
2.500565899999999965e+04 1.292800426483154297e+01
2.500574199999999837e+04 1.295420551300048828e+01
2.500582500000000073e+04 1.288430786132812500e+01
2.500590799999999945e+04 1.249236774444580078e+01
2.500599100000000180e+04 1.220304584503173828e+01
2.500607400000000052e+04 1.182106685638427734e+01
2.500615699999999924e+04 1.153318595886230469e+01
2.500624000000000160e+04 1.133235931396484375e+01
2.500632300000000032e+04 1.112571907043457031e+01
2.500640599999999904e+04 1.098216438293457031e+01
2.500648900000000140e+04 1.136157989501953125e+01
2.500657200000000012e+04 1.279652500152587891e+01
2.500665499999999884e+04 1.293102836608886719e+01
2.500673800000000119e+04 1.293720912933349609e+01
2.500682099999999991e+04 1.289009761810302734e+01
2.500690399999999863e+04 1.248548507690429688e+01
2.500698700000000099e+04 1.215366744995117188e+01
2.500706999999999971e+04 1.185180377960205078e+01
2.500715299999999843e+04 1.157285594940185547e+01
2.500723600000000079e+04 1.132047271728515625e+01
2.500731899999999951e+04 1.115680599212646484e+01
2.500740199999999822e+04 1.100967693328857422e+01
2.500748500000000058e+04 1.138206958770751953e+01
2.500756799999999930e+04 1.277065467834472656e+01
2.500765100000000166e+04 1.293630504608154297e+01
2.500773400000000038e+04 1.294901371002197266e+01
2.500781699999999910e+04 1.290710258483886719e+01
2.500790000000000146e+04 1.252863311767578125e+01
2.500798300000000017e+04 1.215457057952880859e+01
2.500806599999999889e+04 1.183757019042968750e+01
2.500814900000000125e+04 1.154944992065429688e+01
2.500823199999999997e+04 1.132990360260009766e+01
2.500831499999999869e+04 1.112930202484130859e+01
2.500839800000000105e+04 1.099522686004638672e+01
2.500848099999999977e+04 1.136648845672607422e+01
2.500856399999999849e+04 1.280645751953125000e+01
2.500864700000000084e+04 1.295858287811279297e+01
2.500872999999999956e+04 1.299402999877929688e+01
2.500881299999999828e+04 1.296083641052246094e+01
2.500889600000000064e+04 1.268351364135742188e+01
2.500897899999999936e+04 1.228908348083496094e+01
2.500906200000000172e+04 1.195106697082519531e+01
2.500914500000000044e+04 1.172299194335937500e+01
2.500922799999999916e+04 1.143359279632568359e+01
2.500931100000000151e+04 1.124879837036132812e+01
2.500939400000000023e+04 1.111217498779296875e+01
2.500947699999999895e+04 1.129491233825683594e+01
2.500956000000000131e+04 1.270033359527587891e+01
2.500964300000000003e+04 1.293347263336181641e+01
2.500972599999999875e+04 1.296554565429687500e+01
2.500980900000000111e+04 1.291368389129638672e+01
2.500989199999999983e+04 1.266763305664062500e+01
2.500997499999999854e+04 1.232426166534423828e+01
2.501005800000000090e+04 1.196873378753662109e+01
2.501014099999999962e+04 1.166645050048828125e+01
2.501022399999999834e+04 1.145696163177490234e+01
2.501030700000000070e+04 1.126046562194824219e+01
2.501038999999999942e+04 1.107570552825927734e+01
2.501047300000000178e+04 1.130424499511718750e+01
2.501055600000000049e+04 1.272936439514160156e+01
2.501063899999999921e+04 1.298352336883544922e+01
2.501072200000000157e+04 1.296835517883300781e+01
2.501080500000000029e+04 1.287624454498291016e+01
2.501088799999999901e+04 1.264254188537597656e+01
2.501097100000000137e+04 1.230679702758789062e+01
2.501105400000000009e+04 1.197483921051025391e+01
2.501113699999999881e+04 1.165875911712646484e+01
2.501122000000000116e+04 1.144106292724609375e+01
2.501130299999999988e+04 1.126787567138671875e+01
2.501138599999999860e+04 1.112560749053955078e+01
2.501146900000000096e+04 1.129864788055419922e+01
2.501155199999999968e+04 1.274193763732910156e+01
2.501163499999999840e+04 1.295661067962646484e+01
2.501171800000000076e+04 1.292329120635986328e+01
2.501180099999999948e+04 1.289989280700683594e+01
2.501188399999999820e+04 1.265337657928466797e+01
2.501196700000000055e+04 1.226454448699951172e+01
2.501204999999999927e+04 1.199567699432373047e+01
2.501213300000000163e+04 1.169225883483886719e+01
2.501221600000000035e+04 1.144142150878906250e+01
2.501229899999999907e+04 1.127640438079833984e+01
2.501238200000000143e+04 1.107921791076660156e+01
2.501246500000000015e+04 1.129210758209228516e+01
2.501254799999999886e+04 1.271772956848144531e+01
2.501263100000000122e+04 1.296783256530761719e+01
2.501271399999999994e+04 1.303715801239013672e+01
2.501279699999999866e+04 1.305157375335693359e+01
2.501288000000000102e+04 1.314940738677978516e+01
2.501296299999999974e+04 1.266134548187255859e+01
2.501304599999999846e+04 1.205136394500732422e+01
2.501312900000000081e+04 1.179811000823974609e+01
2.501321199999999953e+04 1.156787204742431641e+01
2.501329499999999825e+04 1.133236694335937500e+01
2.501337800000000061e+04 1.119452095031738281e+01
2.501346099999999933e+04 1.125254344940185547e+01
2.501354400000000169e+04 1.271442508697509766e+01
2.501362700000000041e+04 1.297934436798095703e+01
2.501370999999999913e+04 1.302905750274658203e+01
2.501379300000000148e+04 1.291648578643798828e+01
2.501387600000000020e+04 1.276705741882324219e+01
2.501395899999999892e+04 1.240273475646972656e+01
2.501404200000000128e+04 1.207280540466308594e+01
2.501412500000000000e+04 1.175969123840332031e+01
2.501420799999999872e+04 1.152155685424804688e+01
2.501429100000000108e+04 1.131063365936279297e+01
2.501437399999999980e+04 1.114604282379150391e+01
2.501445699999999852e+04 1.127604579925537109e+01
2.501454000000000087e+04 1.271500110626220703e+01
2.501462299999999959e+04 1.297511768341064453e+01
2.501470599999999831e+04 1.297380065917968750e+01
2.501478900000000067e+04 1.293419170379638672e+01
2.501487199999999939e+04 1.275269317626953125e+01
2.501495500000000175e+04 1.244664096832275391e+01
2.501503800000000047e+04 1.208558464050292969e+01
2.501512099999999919e+04 1.180449485778808594e+01
2.501520400000000154e+04 1.154544353485107422e+01
2.501528700000000026e+04 1.134164619445800781e+01
2.501536999999999898e+04 1.116769599914550781e+01
2.501545300000000134e+04 1.126257896423339844e+01
2.501553600000000006e+04 1.269130229949951172e+01
2.501561899999999878e+04 1.297517013549804688e+01
2.501570200000000114e+04 1.301520252227783203e+01
2.501578499999999985e+04 1.306942367553710938e+01
2.501586799999999857e+04 1.283478546142578125e+01
2.501595100000000093e+04 1.249431419372558594e+01
2.501603399999999965e+04 1.207633209228515625e+01
2.501611699999999837e+04 1.176358699798583984e+01
2.501620000000000073e+04 1.152697944641113281e+01
2.501628299999999945e+04 1.135511493682861328e+01
2.501636600000000180e+04 1.118275547027587891e+01
2.501644900000000052e+04 1.126309013366699219e+01
2.501653199999999924e+04 1.262246322631835938e+01
2.501661500000000160e+04 1.292694473266601562e+01
2.501669800000000032e+04 1.303284645080566406e+01
2.501678099999999904e+04 1.299307918548583984e+01
2.501686400000000140e+04 1.285276317596435547e+01
2.501694700000000012e+04 1.248586654663085938e+01
2.501702999999999884e+04 1.211711215972900391e+01
2.501711300000000119e+04 1.188825225830078125e+01
2.501719599999999991e+04 1.159617996215820312e+01
2.501727899999999863e+04 1.140104389190673828e+01
2.501736200000000099e+04 1.121301555633544922e+01
2.501744499999999971e+04 1.132520294189453125e+01
2.501752799999999843e+04 1.245089340209960938e+01
2.501761100000000079e+04 1.294340229034423828e+01
2.501769399999999951e+04 1.310784626007080078e+01
2.501777699999999822e+04 1.334654140472412109e+01
2.501786000000000058e+04 1.326585674285888672e+01
2.501794299999999930e+04 1.259789276123046875e+01
2.501802600000000166e+04 1.213198280334472656e+01
2.501810900000000038e+04 1.179684925079345703e+01
2.501819199999999910e+04 1.159035778045654297e+01
2.501827500000000146e+04 1.141470718383789062e+01
2.501835800000000017e+04 1.121888923645019531e+01
2.501844099999999889e+04 1.115693855285644531e+01
2.501852400000000125e+04 1.241223430633544922e+01
2.501860699999999997e+04 1.295919418334960938e+01
2.501868999999999869e+04 1.303596115112304688e+01
2.501877300000000105e+04 1.299341773986816406e+01
2.501885599999999977e+04 1.285349464416503906e+01
2.501893899999999849e+04 1.253724575042724609e+01
2.501902200000000084e+04 1.218006801605224609e+01
2.501910499999999956e+04 1.183779907226562500e+01
2.501918799999999828e+04 1.158371067047119141e+01
2.501927100000000064e+04 1.138880920410156250e+01
2.501935399999999936e+04 1.124114513397216797e+01
2.501943700000000172e+04 1.121510601043701172e+01
2.501952000000000044e+04 1.242695999145507812e+01
2.501960299999999916e+04 1.295338058471679688e+01
2.501968600000000151e+04 1.306383323669433594e+01
2.501976900000000023e+04 1.300111389160156250e+01
2.501985199999999895e+04 1.291138744354248047e+01
2.501993500000000131e+04 1.254101467132568359e+01
