2.500009800000000178e+04 4.068116188049316406e+00
2.500018100000000049e+04 4.048687458038330078e+00
2.500026399999999921e+04 4.029175758361816406e+00
2.500034700000000157e+04 4.009649276733398438e+00
2.500043000000000029e+04 3.999686002731323242e+00
2.500051299999999901e+04 4.041175365447998047e+00
2.500059600000000137e+04 4.117282390594482422e+00
2.500067900000000009e+04 4.124906063079833984e+00
2.500076199999999881e+04 4.126962661743164062e+00
2.500084500000000116e+04 4.127100944519042969e+00
2.500092799999999988e+04 4.109818458557128906e+00
2.500101099999999860e+04 4.088422775268554688e+00
2.500109400000000096e+04 4.070682048797607422e+00
2.500117699999999968e+04 4.049279212951660156e+00
2.500125999999999840e+04 4.030371189117431641e+00
2.500134300000000076e+04 4.007994651794433594e+00
2.500142599999999948e+04 3.988262653350830078e+00
2.500150899999999820e+04 4.028151988983154297e+00
2.500159200000000055e+04 4.117762565612792969e+00
2.500167499999999927e+04 4.126823902130126953e+00
2.500175800000000163e+04 4.128864765167236328e+00
2.500184100000000035e+04 4.128966808319091797e+00
2.500192399999999907e+04 4.113828659057617188e+00
2.500200700000000143e+04 4.095097541809082031e+00
2.500209000000000015e+04 4.073435783386230469e+00
2.500217299999999886e+04 4.048904895782470703e+00
2.500225600000000122e+04 4.029410362243652344e+00
2.500233899999999994e+04 4.010732173919677734e+00
2.500242199999999866e+04 3.992323160171508789e+00
2.500250500000000102e+04 4.029089450836181641e+00
2.500258799999999974e+04 4.121423244476318359e+00
2.500267099999999846e+04 4.128705978393554688e+00
2.500275400000000081e+04 4.130712032318115234e+00
2.500283699999999953e+04 4.130835533142089844e+00
2.500291999999999825e+04 4.115680694580078125e+00
2.500300300000000061e+04 4.094271183013916016e+00
2.500308599999999933e+04 4.071783065795898438e+00
2.500316900000000169e+04 4.050868034362792969e+00
2.500325200000000041e+04 4.035264968872070312e+00
2.500333499999999913e+04 4.013441562652587891e+00
2.500341800000000148e+04 3.992252111434936523e+00
2.500350100000000020e+04 4.030731201171875000e+00
2.500358399999999892e+04 4.121353149414062500e+00
2.500366700000000128e+04 4.130497932434082031e+00
2.500375000000000000e+04 4.132521629333496094e+00
2.500383299999999872e+04 4.132678508758544922e+00
2.500391600000000108e+04 4.116291046142578125e+00
2.500399899999999980e+04 4.097003936767578125e+00
2.500408199999999852e+04 4.073639869689941406e+00
2.500416500000000087e+04 4.056652069091796875e+00
2.500424799999999959e+04 4.036319732666015625e+00
2.500433099999999831e+04 4.015031337738037109e+00
2.500441400000000067e+04 3.993964433670043945e+00
2.500449699999999939e+04 4.031050682067871094e+00
2.500458000000000175e+04 4.124967575073242188e+00
2.500466300000000047e+04 4.132294654846191406e+00
2.500474599999999919e+04 4.134330749511718750e+00
2.500482900000000154e+04 4.134683132171630859e+00
2.500491200000000026e+04 4.115841865539550781e+00
2.500499499999999898e+04 4.096091747283935547e+00
2.500507800000000134e+04 4.075844287872314453e+00
2.500516100000000006e+04 4.053698062896728516e+00
2.500524399999999878e+04 4.034637451171875000e+00
2.500532700000000114e+04 4.013595104217529297e+00
2.500540999999999985e+04 3.990574836730957031e+00
2.500549299999999857e+04 4.018763542175292969e+00
2.500557600000000093e+04 4.127598285675048828e+00
2.500565899999999965e+04 4.134298801422119141e+00
2.500574199999999837e+04 4.136098861694335938e+00
2.500582500000000073e+04 4.136448860168457031e+00
2.500590799999999945e+04 4.118600845336914062e+00
2.500599100000000180e+04 4.100530624389648438e+00
2.500607400000000052e+04 4.077950477600097656e+00
2.500615699999999924e+04 4.056866645812988281e+00
2.500624000000000160e+04 4.035522460937500000e+00
2.500632300000000032e+04 4.013282775878906250e+00
2.500640599999999904e+04 3.996967315673828125e+00
2.500648900000000140e+04 4.021051406860351562e+00
2.500657200000000012e+04 4.125552177429199219e+00
2.500665499999999884e+04 4.136021137237548828e+00
2.500673800000000119e+04 4.137838363647460938e+00
2.500682099999999991e+04 4.138217926025390625e+00
2.500690399999999863e+04 4.120343685150146484e+00
2.500698700000000099e+04 4.102269649505615234e+00
2.500706999999999971e+04 4.080870628356933594e+00
2.500715299999999843e+04 4.061408042907714844e+00
2.500723600000000079e+04 4.038803100585937500e+00
2.500731899999999951e+04 4.017103672027587891e+00
2.500740199999999822e+04 3.997318267822265625e+00
2.500748500000000058e+04 4.022602558135986328e+00
2.500756799999999930e+04 4.127301216125488281e+00
2.500765100000000166e+04 4.137718677520751953e+00
2.500773400000000038e+04 4.139596462249755859e+00
2.500781699999999910e+04 4.139968872070312500e+00
2.500790000000000146e+04 4.122128486633300781e+00
2.500798300000000017e+04 4.102578163146972656e+00
2.500806599999999889e+04 4.082340240478515625e+00
2.500814900000000125e+04 4.061539173126220703e+00
2.500823199999999997e+04 4.040323734283447266e+00
2.500831499999999869e+04 4.018753528594970703e+00
2.500839800000000105e+04 3.997522592544555664e+00
2.500848099999999977e+04 4.024137496948242188e+00
2.500856399999999849e+04 4.129047870635986328e+00
2.500864700000000084e+04 4.139559268951416016e+00
2.500872999999999956e+04 4.141272544860839844e+00
2.500881299999999828e+04 4.141896724700927734e+00
2.500889600000000064e+04 4.135084629058837891e+00
2.500897899999999936e+04 4.119091033935546875e+00
2.500906200000000172e+04 4.097141742706298828e+00
2.500914500000000044e+04 4.078715324401855469e+00
2.500922799999999916e+04 4.055285930633544922e+00
2.500931100000000151e+04 4.034616947174072266e+00
2.500939400000000023e+04 4.016912937164306641e+00
2.500947699999999895e+04 4.027736663818359375e+00
2.500956000000000131e+04 4.130942344665527344e+00
2.500964300000000003e+04 4.141244411468505859e+00
2.500972599999999875e+04 4.142988681793212891e+00
2.500980900000000111e+04 4.143778324127197266e+00
2.500989199999999983e+04 4.137236118316650391e+00
2.500997499999999854e+04 4.120947360992431641e+00
2.501005800000000090e+04 4.098902225494384766e+00
2.501014099999999962e+04 4.069519042968750000e+00
2.501022399999999834e+04 4.049217224121093750e+00
2.501030700000000070e+04 4.027920722961425781e+00
2.501038999999999942e+04 4.009148120880126953e+00
2.501047300000000178e+04 4.021828174591064453e+00
2.501055600000000049e+04 4.125204086303710938e+00
2.501063899999999921e+04 4.135515213012695312e+00
2.501072200000000157e+04 4.137260437011718750e+00
2.501080500000000029e+04 4.138054370880126953e+00
2.501088799999999901e+04 4.131545543670654297e+00
2.501097100000000137e+04 4.115282535552978516e+00
2.501105400000000009e+04 4.094434261322021484e+00
2.501113699999999881e+04 4.070982933044433594e+00
2.501122000000000116e+04 4.051923751831054688e+00
2.501130299999999988e+04 4.032343864440917969e+00
2.501138599999999860e+04 4.013581275939941406e+00
2.501146900000000096e+04 4.023225307464599609e+00
2.501155199999999968e+04 4.126924514770507812e+00
2.501163499999999840e+04 4.137270450592041016e+00
2.501171800000000076e+04 4.139018535614013672e+00
2.501180099999999948e+04 4.139818668365478516e+00
2.501188399999999820e+04 4.133326053619384766e+00
2.501196700000000055e+04 4.114748477935791016e+00
2.501204999999999927e+04 4.097170829772949219e+00
2.501213300000000163e+04 4.074373722076416016e+00
2.501221600000000035e+04 4.054042339324951172e+00
2.501229899999999907e+04 4.034139633178710938e+00
2.501238200000000143e+04 4.010487556457519531e+00
2.501246500000000015e+04 4.024952888488769531e+00
2.501254799999999886e+04 4.125796318054199219e+00
2.501263100000000122e+04 4.138899803161621094e+00
2.501271399999999994e+04 4.140743255615234375e+00
2.501279699999999866e+04 4.141836643218994141e+00
2.501288000000000102e+04 4.141162395477294922e+00
2.501296299999999974e+04 4.124587535858154297e+00
2.501304599999999846e+04 4.103127956390380859e+00
2.501312900000000081e+04 4.084180831909179688e+00
2.501321199999999953e+04 4.063383102416992188e+00
2.501329499999999825e+04 4.040782451629638672e+00
2.501337800000000061e+04 4.023817062377929688e+00
2.501346099999999933e+04 4.023334980010986328e+00
2.501354400000000169e+04 4.129951953887939453e+00
2.501362700000000041e+04 4.140507221221923828e+00
2.501370999999999913e+04 4.142413616180419922e+00
2.501379300000000148e+04 4.143648624420166016e+00
2.501387600000000020e+04 4.142955780029296875e+00
2.501395899999999892e+04 4.126376628875732422e+00
2.501404200000000128e+04 4.105741500854492188e+00
2.501412500000000000e+04 4.084224224090576172e+00
2.501420799999999872e+04 4.063808917999267578e+00
2.501429100000000108e+04 4.042469978332519531e+00
2.501437399999999980e+04 4.022205352783203125e+00
2.501445699999999852e+04 4.024324417114257812e+00
2.501454000000000087e+04 4.131646156311035156e+00
2.501462299999999959e+04 4.142473220825195312e+00
2.501470599999999831e+04 4.144188404083251953e+00
2.501478900000000067e+04 4.145411014556884766e+00
2.501487199999999939e+04 4.144629001617431641e+00
2.501495500000000175e+04 4.129341602325439453e+00
2.501503800000000047e+04 4.108818531036376953e+00
2.501512099999999919e+04 4.086971282958984375e+00
2.501520400000000154e+04 4.066771507263183594e+00
2.501528700000000026e+04 4.044376373291015625e+00
2.501536999999999898e+04 4.022925853729248047e+00
2.501545300000000134e+04 4.025859355926513672e+00
2.501553600000000006e+04 4.133407592773437500e+00
2.501561899999999878e+04 4.144026279449462891e+00
2.501570200000000114e+04 4.145953655242919922e+00
2.501578499999999985e+04 4.147180557250976562e+00
2.501586799999999857e+04 4.146491527557373047e+00
2.501595100000000093e+04 4.131147384643554688e+00
2.501603399999999965e+04 4.109440803527832031e+00
2.501611699999999837e+04 4.087757110595703125e+00
2.501620000000000073e+04 4.067395210266113281e+00
2.501628299999999945e+04 4.047012805938720703e+00
2.501636600000000180e+04 4.029319763183593750e+00
2.501644900000000052e+04 4.028672218322753906e+00
2.501653199999999924e+04 4.132276058197021484e+00
2.501661500000000160e+04 4.145845890045166016e+00
2.501669800000000032e+04 4.147718429565429688e+00
2.501678099999999904e+04 4.149225234985351562e+00
2.501686400000000140e+04 4.149082660675048828e+00
2.501694700000000012e+04 4.132647037506103516e+00
2.501702999999999884e+04 4.110666275024414062e+00
2.501711300000000119e+04 4.093641281127929688e+00
2.501719599999999991e+04 4.071928024291992188e+00
2.501727899999999863e+04 4.050241947174072266e+00
2.501736200000000099e+04 4.030399799346923828e+00
2.501744499999999971e+04 4.031177520751953125e+00
2.501752799999999843e+04 4.130701065063476562e+00
2.501761100000000079e+04 4.146296977996826172e+00
2.501769399999999951e+04 4.149453639984130859e+00
2.501777699999999822e+04 4.151162624359130859e+00
2.501786000000000058e+04 4.151046276092529297e+00
2.501794299999999930e+04 4.133639812469482422e+00
2.501802600000000166e+04 4.113895416259765625e+00
2.501810900000000038e+04 4.092559814453125000e+00
2.501819199999999910e+04 4.073270797729492188e+00
2.501827500000000146e+04 4.053599357604980469e+00
2.501835800000000017e+04 4.032556533813476562e+00
2.501844099999999889e+04 4.022314071655273438e+00
2.501852400000000125e+04 4.126139163970947266e+00
2.501860699999999997e+04 4.148056507110595703e+00
2.501868999999999869e+04 4.151211738586425781e+00
2.501877300000000105e+04 4.152912139892578125e+00
2.501885599999999977e+04 4.152801513671875000e+00
2.501893899999999849e+04 4.137555599212646484e+00
2.501902200000000084e+04 4.117101192474365234e+00
2.501910499999999956e+04 4.095311641693115234e+00
2.501918799999999828e+04 4.074106693267822266e+00
2.501927100000000064e+04 4.055116653442382812e+00
2.501935399999999936e+04 4.034230709075927734e+00
2.501943700000000172e+04 4.023297786712646484e+00
2.501952000000000044e+04 4.127918720245361328e+00
2.501960299999999916e+04 4.149185657501220703e+00
2.501968600000000151e+04 4.152965545654296875e+00
2.501976900000000023e+04 4.154677867889404297e+00
2.501985199999999895e+04 4.154528141021728516e+00
2.501993500000000131e+04 4.138074874877929688e+00
