2.500009800000000178e+04 6.270086059570312500e+02
2.500018100000000049e+04 6.270160522460937500e+02
2.500026399999999921e+04 6.270249633789062500e+02
2.500034700000000157e+04 6.270338134765625000e+02
2.500043000000000029e+04 6.270403442382812500e+02
2.500051299999999901e+04 6.270300903320312500e+02
2.500059600000000137e+04 6.269718627929687500e+02
2.500067900000000009e+04 6.269350585937500000e+02
2.500076199999999881e+04 6.269394531250000000e+02
2.500084500000000116e+04 6.269453735351562500e+02
2.500092799999999988e+04 6.269507446289062500e+02
2.500101099999999860e+04 6.269570922851562500e+02
2.500109400000000096e+04 6.269635620117187500e+02
2.500117699999999968e+04 6.269706420898437500e+02
2.500125999999999840e+04 6.269794311523437500e+02
2.500134300000000076e+04 6.269888916015625000e+02
2.500142599999999948e+04 6.269955444335937500e+02
2.500150899999999820e+04 6.269877929687500000e+02
2.500159200000000055e+04 6.269338378906250000e+02
2.500167499999999927e+04 6.268970336914062500e+02
2.500175800000000163e+04 6.269013061523437500e+02
2.500184100000000035e+04 6.269072875976562500e+02
2.500192399999999907e+04 6.269124755859375000e+02
2.500200700000000143e+04 6.269187622070312500e+02
2.500209000000000015e+04 6.269252929687500000e+02
2.500217299999999886e+04 6.269323730468750000e+02
2.500225600000000122e+04 6.269411621093750000e+02
2.500233899999999994e+04 6.269506225585937500e+02
2.500242199999999866e+04 6.269572143554687500e+02
2.500250500000000102e+04 6.269493408203125000e+02
2.500258799999999974e+04 6.268953247070312500e+02
2.500267099999999846e+04 6.268584594726562500e+02
2.500275400000000081e+04 6.268627319335937500e+02
2.500283699999999953e+04 6.268686523437500000e+02
2.500291999999999825e+04 6.268739013671875000e+02
2.500300300000000061e+04 6.268801879882812500e+02
2.500308599999999933e+04 6.268867187500000000e+02
2.500316900000000169e+04 6.268937988281250000e+02
2.500325200000000041e+04 6.269025268554687500e+02
2.500333499999999913e+04 6.269119873046875000e+02
2.500341800000000148e+04 6.269187011718750000e+02
2.500350100000000020e+04 6.269109497070312500e+02
2.500358399999999892e+04 6.268569946289062500e+02
2.500366700000000128e+04 6.268201293945312500e+02
2.500375000000000000e+04 6.268244018554687500e+02
2.500383299999999872e+04 6.268303833007812500e+02
2.500391600000000108e+04 6.268356933593750000e+02
2.500399899999999980e+04 6.268420410156250000e+02
2.500408199999999852e+04 6.268485717773437500e+02
2.500416500000000087e+04 6.268555297851562500e+02
2.500424799999999959e+04 6.268642578125000000e+02
2.500433099999999831e+04 6.268736572265625000e+02
2.500441400000000067e+04 6.268803710937500000e+02
2.500449699999999939e+04 6.268725585937500000e+02
2.500458000000000175e+04 6.268185424804687500e+02
2.500466300000000047e+04 6.267766723632812500e+02
2.500474599999999919e+04 6.267727050781250000e+02
2.500482900000000154e+04 6.267787475585937500e+02
2.500491200000000026e+04 6.267839355468750000e+02
2.500499499999999898e+04 6.267899780273437500e+02
2.500507800000000134e+04 6.267963256835937500e+02
2.500516100000000006e+04 6.268031005859375000e+02
2.500524399999999878e+04 6.268113403320312500e+02
2.500532700000000114e+04 6.268204956054687500e+02
2.500540999999999985e+04 6.268276977539062500e+02
2.500549299999999857e+04 6.268226318359375000e+02
2.500557600000000093e+04 6.267763061523437500e+02
2.500565899999999965e+04 6.267344970703125000e+02
2.500574199999999837e+04 6.267305908203125000e+02
2.500582500000000073e+04 6.267366333007812500e+02
2.500590799999999945e+04 6.267419433593750000e+02
2.500599100000000180e+04 6.267479248046875000e+02
2.500607400000000052e+04 6.267542114257812500e+02
2.500615699999999924e+04 6.267609863281250000e+02
2.500624000000000160e+04 6.267692260742187500e+02
2.500632300000000032e+04 6.267783813476562500e+02
2.500640599999999904e+04 6.267854614257812500e+02
2.500648900000000140e+04 6.267803344726562500e+02
2.500657200000000012e+04 6.267340087890625000e+02
2.500665499999999884e+04 6.266921386718750000e+02
2.500673800000000119e+04 6.266881713867187500e+02
2.500682099999999991e+04 6.266942138671875000e+02
2.500690399999999863e+04 6.266994018554687500e+02
2.500698700000000099e+04 6.267053222656250000e+02
2.500706999999999971e+04 6.267116088867187500e+02
2.500715299999999843e+04 6.267184448242187500e+02
2.500723600000000079e+04 6.267266235351562500e+02
2.500731899999999951e+04 6.267357788085937500e+02
2.500740199999999822e+04 6.267428588867187500e+02
2.500748500000000058e+04 6.267378540039062500e+02
2.500756799999999930e+04 6.266914672851562500e+02
2.500765100000000166e+04 6.266495971679687500e+02
2.500773400000000038e+04 6.266456909179687500e+02
2.500781699999999910e+04 6.266516723632812500e+02
2.500790000000000146e+04 6.266569824218750000e+02
2.500798300000000017e+04 6.266629638671875000e+02
2.500806599999999889e+04 6.266693115234375000e+02
2.500814900000000125e+04 6.266760253906250000e+02
2.500823199999999997e+04 6.266842651367187500e+02
2.500831499999999869e+04 6.266933593750000000e+02
2.500839800000000105e+04 6.267004394531250000e+02
2.500848099999999977e+04 6.266953735351562500e+02
2.500856399999999849e+04 6.266488037109375000e+02
2.500864700000000084e+04 6.266019897460937500e+02
2.500872999999999956e+04 6.265897827148437500e+02
2.500881299999999828e+04 6.265953369140625000e+02
2.500889600000000064e+04 6.266007080078125000e+02
2.500897899999999936e+04 6.266065063476562500e+02
2.500906200000000172e+04 6.266128540039062500e+02
2.500914500000000044e+04 6.266195678710937500e+02
2.500922799999999916e+04 6.266275024414062500e+02
2.500931100000000151e+04 6.266365966796875000e+02
2.500939400000000023e+04 6.266442260742187500e+02
2.500947699999999895e+04 6.266420898437500000e+02
2.500956000000000131e+04 6.266072998046875000e+02
2.500964300000000003e+04 6.265604858398437500e+02
2.500972599999999875e+04 6.265483398437500000e+02
2.500980900000000111e+04 6.265539550781250000e+02
2.500989199999999983e+04 6.265593872070312500e+02
2.500997499999999854e+04 6.265651245117187500e+02
2.501005800000000090e+04 6.265714721679687500e+02
2.501014099999999962e+04 6.265781860351562500e+02
2.501022399999999834e+04 6.265860595703125000e+02
2.501030700000000070e+04 6.265950927734375000e+02
2.501038999999999942e+04 6.266027221679687500e+02
2.501047300000000178e+04 6.266006469726562500e+02
2.501055600000000049e+04 6.265658569335937500e+02
2.501063899999999921e+04 6.265190429687500000e+02
2.501072200000000157e+04 6.265068359375000000e+02
2.501080500000000029e+04 6.265124511718750000e+02
2.501088799999999901e+04 6.265178222656250000e+02
2.501097100000000137e+04 6.265236206054687500e+02
2.501105400000000009e+04 6.265299682617187500e+02
2.501113699999999881e+04 6.265366210937500000e+02
2.501122000000000116e+04 6.265445556640625000e+02
2.501130299999999988e+04 6.265535888671875000e+02
2.501138599999999860e+04 6.265612792968750000e+02
2.501146900000000096e+04 6.265591430664062500e+02
2.501155199999999968e+04 6.265243530273437500e+02
2.501163499999999840e+04 6.264775390625000000e+02
2.501171800000000076e+04 6.264653320312500000e+02
2.501180099999999948e+04 6.264710083007812500e+02
2.501188399999999820e+04 6.264764404296875000e+02
2.501196700000000055e+04 6.264822998046875000e+02
2.501204999999999927e+04 6.264885864257812500e+02
2.501213300000000163e+04 6.264951782226562500e+02
2.501221600000000035e+04 6.265031127929687500e+02
2.501229899999999907e+04 6.265121459960937500e+02
2.501238200000000143e+04 6.265198364257812500e+02
2.501246500000000015e+04 6.265176391601562500e+02
2.501254799999999886e+04 6.264827270507812500e+02
2.501263100000000122e+04 6.264358520507812500e+02
2.501271399999999994e+04 6.264153442382812500e+02
2.501279699999999866e+04 6.264205322265625000e+02
2.501288000000000102e+04 6.264260864257812500e+02
2.501296299999999974e+04 6.264317626953125000e+02
2.501304599999999846e+04 6.264381103515625000e+02
2.501312900000000081e+04 6.264448852539062500e+02
2.501321199999999953e+04 6.264528808593750000e+02
2.501329499999999825e+04 6.264617919921875000e+02
2.501337800000000061e+04 6.264700927734375000e+02
2.501346099999999933e+04 6.264709472656250000e+02
2.501354400000000169e+04 6.264473876953125000e+02
2.501362700000000041e+04 6.263956298828125000e+02
2.501370999999999913e+04 6.263751220703125000e+02
2.501379300000000148e+04 6.263803100585937500e+02
2.501387600000000020e+04 6.263859252929687500e+02
2.501395899999999892e+04 6.263916015625000000e+02
2.501404200000000128e+04 6.263980102539062500e+02
2.501412500000000000e+04 6.264047241210937500e+02
2.501420799999999872e+04 6.264124145507812500e+02
2.501429100000000108e+04 6.264213867187500000e+02
2.501437399999999980e+04 6.264295654296875000e+02
2.501445699999999852e+04 6.264302978515625000e+02
2.501454000000000087e+04 6.264064941406250000e+02
2.501462299999999959e+04 6.263547363281250000e+02
2.501470599999999831e+04 6.263341674804687500e+02
2.501478900000000067e+04 6.263393554687500000e+02
2.501487199999999939e+04 6.263450317382812500e+02
2.501495500000000175e+04 6.263507080078125000e+02
2.501503800000000047e+04 6.263570556640625000e+02
2.501512099999999919e+04 6.263637695312500000e+02
2.501520400000000154e+04 6.263714599609375000e+02
2.501528700000000026e+04 6.263804321289062500e+02
2.501536999999999898e+04 6.263887939453125000e+02
2.501545300000000134e+04 6.263895874023437500e+02
2.501553600000000006e+04 6.263656616210937500e+02
2.501561899999999878e+04 6.263137817382812500e+02
2.501570200000000114e+04 6.262932739257812500e+02
2.501578499999999985e+04 6.262984008789062500e+02
2.501586799999999857e+04 6.263040161132812500e+02
2.501595100000000093e+04 6.263096923828125000e+02
2.501603399999999965e+04 6.263161010742187500e+02
2.501611699999999837e+04 6.263226318359375000e+02
2.501620000000000073e+04 6.263303833007812500e+02
2.501628299999999945e+04 6.263393554687500000e+02
2.501636600000000180e+04 6.263476562500000000e+02
2.501644900000000052e+04 6.263484497070312500e+02
2.501653199999999924e+04 6.263245849609375000e+02
2.501661500000000160e+04 6.262727661132812500e+02
2.501669800000000032e+04 6.262438964843750000e+02
2.501678099999999904e+04 6.262486572265625000e+02
2.501686400000000140e+04 6.262544555664062500e+02
2.501694700000000012e+04 6.262600097656250000e+02
2.501702999999999884e+04 6.262663574218750000e+02
2.501711300000000119e+04 6.262730102539062500e+02
2.501719599999999991e+04 6.262808227539062500e+02
2.501727899999999863e+04 6.262896728515625000e+02
2.501736200000000099e+04 6.262980346679687500e+02
2.501744499999999971e+04 6.263016357421875000e+02
2.501752799999999843e+04 6.262884521484375000e+02
2.501761100000000079e+04 6.262316894531250000e+02
2.501769399999999951e+04 6.262028198242187500e+02
2.501777699999999822e+04 6.262075195312500000e+02
2.501786000000000058e+04 6.262133178710937500e+02
2.501794299999999930e+04 6.262189331054687500e+02
2.501802600000000166e+04 6.262253417968750000e+02
2.501810900000000038e+04 6.262319946289062500e+02
2.501819199999999910e+04 6.262394409179687500e+02
2.501827500000000146e+04 6.262482910156250000e+02
2.501835800000000017e+04 6.262570800781250000e+02
2.501844099999999889e+04 6.262608642578125000e+02
2.501852400000000125e+04 6.262484741210937500e+02
2.501860699999999997e+04 6.261916503906250000e+02
2.501868999999999869e+04 6.261628417968750000e+02
2.501877300000000105e+04 6.261675415039062500e+02
2.501885599999999977e+04 6.261733398437500000e+02
2.501893899999999849e+04 6.261788940429687500e+02
2.501902200000000084e+04 6.261853027343750000e+02
2.501910499999999956e+04 6.261918945312500000e+02
2.501918799999999828e+04 6.261992797851562500e+02
2.501927100000000064e+04 6.262081298828125000e+02
2.501935399999999936e+04 6.262170410156250000e+02
2.501943700000000172e+04 6.262207641601562500e+02
2.501952000000000044e+04 6.262082519531250000e+02
2.501960299999999916e+04 6.261513671875000000e+02
2.501968600000000151e+04 6.261224975585937500e+02
2.501976900000000023e+04 6.261272583007812500e+02
2.501985199999999895e+04 6.261331176757812500e+02
2.501993500000000131e+04 6.261386718750000000e+02
