2.500009800000000178e+04 7.153279418945312500e+02
2.500018100000000049e+04 7.153350830078125000e+02
2.500026399999999921e+04 7.153436279296875000e+02
2.500034700000000157e+04 7.153522949218750000e+02
2.500043000000000029e+04 7.153587646484375000e+02
2.500051299999999901e+04 7.153488769531250000e+02
2.500059600000000137e+04 7.152904663085937500e+02
2.500067900000000009e+04 7.152539672851562500e+02
2.500076199999999881e+04 7.152586059570312500e+02
2.500084500000000116e+04 7.152648925781250000e+02
2.500092799999999988e+04 7.152701416015625000e+02
2.500101099999999860e+04 7.152762451171875000e+02
2.500109400000000096e+04 7.152824096679687500e+02
2.500117699999999968e+04 7.152891845703125000e+02
2.500125999999999840e+04 7.152976074218750000e+02
2.500134300000000076e+04 7.153068237304687500e+02
2.500142599999999948e+04 7.153133544921875000e+02
2.500150899999999820e+04 7.153058471679687500e+02
2.500159200000000055e+04 7.152519531250000000e+02
2.500167499999999927e+04 7.152153930664062500e+02
2.500175800000000163e+04 7.152200317382812500e+02
2.500184100000000035e+04 7.152262573242187500e+02
2.500192399999999907e+04 7.152315063476562500e+02
2.500200700000000143e+04 7.152376708984375000e+02
2.500209000000000015e+04 7.152438964843750000e+02
2.500217299999999886e+04 7.152506103515625000e+02
2.500225600000000122e+04 7.152590332031250000e+02
2.500233899999999994e+04 7.152682495117187500e+02
2.500242199999999866e+04 7.152747802734375000e+02
2.500250500000000102e+04 7.152673339843750000e+02
2.500258799999999974e+04 7.152133789062500000e+02
2.500267099999999846e+04 7.151768188476562500e+02
2.500275400000000081e+04 7.151814575195312500e+02
2.500283699999999953e+04 7.151876831054687500e+02
2.500291999999999825e+04 7.151929321289062500e+02
2.500300300000000061e+04 7.151990966796875000e+02
2.500308599999999933e+04 7.152052612304687500e+02
2.500316900000000169e+04 7.152120361328125000e+02
2.500325200000000041e+04 7.152204589843750000e+02
2.500333499999999913e+04 7.152296752929687500e+02
2.500341800000000148e+04 7.152362670898437500e+02
2.500350100000000020e+04 7.152287597656250000e+02
2.500358399999999892e+04 7.151747436523437500e+02
2.500366700000000128e+04 7.151381835937500000e+02
2.500375000000000000e+04 7.151428222656250000e+02
2.500383299999999872e+04 7.151490478515625000e+02
2.500391600000000108e+04 7.151543579101562500e+02
2.500399899999999980e+04 7.151604614257812500e+02
2.500408199999999852e+04 7.151666870117187500e+02
2.500416500000000087e+04 7.151733398437500000e+02
2.500424799999999959e+04 7.151818237304687500e+02
2.500433099999999831e+04 7.151909790039062500e+02
2.500441400000000067e+04 7.151975708007812500e+02
2.500449699999999939e+04 7.151900634765625000e+02
2.500458000000000175e+04 7.151359252929687500e+02
2.500466300000000047e+04 7.150944213867187500e+02
2.500474599999999919e+04 7.150908203125000000e+02
2.500482900000000154e+04 7.150971069335937500e+02
2.500491200000000026e+04 7.151024780273437500e+02
2.500499499999999898e+04 7.151083984375000000e+02
2.500507800000000134e+04 7.151145019531250000e+02
2.500516100000000006e+04 7.151210937500000000e+02
2.500524399999999878e+04 7.151291503906250000e+02
2.500532700000000114e+04 7.151381225585937500e+02
2.500540999999999985e+04 7.151450805664062500e+02
2.500549299999999857e+04 7.151403198242187500e+02
2.500557600000000093e+04 7.150939331054687500e+02
2.500565899999999965e+04 7.150524291992187500e+02
2.500574199999999837e+04 7.150488281250000000e+02
2.500582500000000073e+04 7.150551757812500000e+02
2.500590799999999945e+04 7.150605468750000000e+02
2.500599100000000180e+04 7.150664062500000000e+02
2.500607400000000052e+04 7.150725708007812500e+02
2.500615699999999924e+04 7.150791625976562500e+02
2.500624000000000160e+04 7.150871582031250000e+02
2.500632300000000032e+04 7.150961303710937500e+02
2.500640599999999904e+04 7.151031494140625000e+02
2.500648900000000140e+04 7.150983886718750000e+02
2.500657200000000012e+04 7.150520019531250000e+02
2.500665499999999884e+04 7.150104980468750000e+02
2.500673800000000119e+04 7.150068969726562500e+02
2.500682099999999991e+04 7.150132446289062500e+02
2.500690399999999863e+04 7.150186767578125000e+02
2.500698700000000099e+04 7.150245361328125000e+02
2.500706999999999971e+04 7.150306396484375000e+02
2.500715299999999843e+04 7.150372924804687500e+02
2.500723600000000079e+04 7.150452880859375000e+02
2.500731899999999951e+04 7.150543212890625000e+02
2.500740199999999822e+04 7.150612792968750000e+02
2.500748500000000058e+04 7.150565185546875000e+02
2.500756799999999930e+04 7.150101318359375000e+02
2.500765100000000166e+04 7.149685668945312500e+02
2.500773400000000038e+04 7.149649658203125000e+02
2.500781699999999910e+04 7.149713134765625000e+02
2.500790000000000146e+04 7.149766845703125000e+02
2.500798300000000017e+04 7.149825439453125000e+02
2.500806599999999889e+04 7.149887084960937500e+02
2.500814900000000125e+04 7.149951782226562500e+02
2.500823199999999997e+04 7.150032348632812500e+02
2.500831499999999869e+04 7.150122070312500000e+02
2.500839800000000105e+04 7.150191650390625000e+02
2.500848099999999977e+04 7.150144653320312500e+02
2.500856399999999849e+04 7.149678955078125000e+02
2.500864700000000084e+04 7.149214477539062500e+02
2.500872999999999956e+04 7.149096069335937500e+02
2.500881299999999828e+04 7.149155273437500000e+02
2.500889600000000064e+04 7.149210815429687500e+02
2.500897899999999936e+04 7.149268188476562500e+02
2.500906200000000172e+04 7.149329223632812500e+02
2.500914500000000044e+04 7.149394531250000000e+02
2.500922799999999916e+04 7.149471435546875000e+02
2.500931100000000151e+04 7.149559936523437500e+02
2.500939400000000023e+04 7.149635009765625000e+02
2.500947699999999895e+04 7.149615478515625000e+02
2.500956000000000131e+04 7.149266967773437500e+02
2.500964300000000003e+04 7.148802490234375000e+02
2.500972599999999875e+04 7.148683471679687500e+02
2.500980900000000111e+04 7.148742675781250000e+02
2.500989199999999983e+04 7.148798217773437500e+02
2.500997499999999854e+04 7.148855590820312500e+02
2.501005800000000090e+04 7.150098876953125000e+02
2.501014099999999962e+04 7.150164184570312500e+02
2.501022399999999834e+04 7.150241088867187500e+02
2.501030700000000070e+04 7.150328979492187500e+02
2.501038999999999942e+04 7.150404663085937500e+02
2.501047300000000178e+04 7.150385131835937500e+02
2.501055600000000049e+04 7.150036010742187500e+02
2.501063899999999921e+04 7.149570922851562500e+02
2.501072200000000157e+04 7.149451904296875000e+02
2.501080500000000029e+04 7.149511108398437500e+02
2.501088799999999901e+04 7.149567260742187500e+02
2.501097100000000137e+04 7.149624023437500000e+02
2.501105400000000009e+04 7.149685058593750000e+02
2.501113699999999881e+04 7.149750366210937500e+02
2.501122000000000116e+04 7.149827270507812500e+02
2.501130299999999988e+04 7.149915771484375000e+02
2.501138599999999860e+04 7.149990844726562500e+02
2.501146900000000096e+04 7.149971313476562500e+02
2.501155199999999968e+04 7.149622192382812500e+02
2.501163499999999840e+04 7.149157104492187500e+02
2.501171800000000076e+04 7.149038085937500000e+02
2.501180099999999948e+04 7.149097290039062500e+02
2.501188399999999820e+04 7.149153442382812500e+02
2.501196700000000055e+04 7.149210815429687500e+02
2.501204999999999927e+04 7.149271850585937500e+02
2.501213300000000163e+04 7.149335937500000000e+02
2.501221600000000035e+04 7.149412841796875000e+02
2.501229899999999907e+04 7.149501342773437500e+02
2.501238200000000143e+04 7.149577026367187500e+02
2.501246500000000015e+04 7.149557495117187500e+02
2.501254799999999886e+04 7.149207153320312500e+02
2.501263100000000122e+04 7.148741455078125000e+02
2.501271399999999994e+04 7.148540039062500000e+02
2.501279699999999866e+04 7.148594360351562500e+02
2.501288000000000102e+04 7.148652954101562500e+02
2.501296299999999974e+04 7.148708496093750000e+02
2.501304599999999846e+04 7.148770141601562500e+02
2.501312900000000081e+04 7.148834838867187500e+02
2.501321199999999953e+04 7.148912353515625000e+02
2.501329499999999825e+04 7.148999633789062500e+02
2.501337800000000061e+04 7.149080810546875000e+02
2.501346099999999933e+04 7.149089355468750000e+02
2.501354400000000169e+04 7.148852539062500000e+02
2.501362700000000041e+04 7.148338012695312500e+02
2.501370999999999913e+04 7.148135986328125000e+02
2.501379300000000148e+04 7.148190917968750000e+02
2.501387600000000020e+04 7.148249511718750000e+02
2.501395899999999892e+04 7.148305053710937500e+02
2.501404200000000128e+04 7.148366699218750000e+02
2.501412500000000000e+04 7.148430175781250000e+02
2.501420799999999872e+04 7.148504638671875000e+02
2.501429100000000108e+04 7.148591918945312500e+02
2.501437399999999980e+04 7.148673095703125000e+02
2.501445699999999852e+04 7.148681640625000000e+02
2.501454000000000087e+04 7.148442993164062500e+02
2.501462299999999959e+04 7.147927856445312500e+02
2.501470599999999831e+04 7.147725830078125000e+02
2.501478900000000067e+04 7.147780761718750000e+02
2.501487199999999939e+04 7.147839355468750000e+02
2.501495500000000175e+04 7.147895507812500000e+02
2.501503800000000047e+04 7.147956542968750000e+02
2.501512099999999919e+04 7.148020629882812500e+02
2.501520400000000154e+04 7.148094482421875000e+02
2.501528700000000026e+04 7.148182373046875000e+02
2.501536999999999898e+04 7.148263549804687500e+02
2.501545300000000134e+04 7.148272094726562500e+02
2.501553600000000006e+04 7.148032836914062500e+02
2.501561899999999878e+04 7.147518310546875000e+02
2.501570200000000114e+04 7.147316284179687500e+02
2.501578499999999985e+04 7.147371215820312500e+02
2.501586799999999857e+04 7.147429809570312500e+02
2.501595100000000093e+04 7.147485961914062500e+02
2.501603399999999965e+04 7.147546997070312500e+02
2.501611699999999837e+04 7.147610473632812500e+02
2.501620000000000073e+04 7.147684936523437500e+02
2.501628299999999945e+04 7.147772216796875000e+02
2.501636600000000180e+04 7.147853393554687500e+02
2.501644900000000052e+04 7.147861938476562500e+02
2.501653199999999924e+04 7.147622070312500000e+02
2.501661500000000160e+04 7.147106933593750000e+02
2.501669800000000032e+04 7.146821899414062500e+02
2.501678099999999904e+04 7.146871948242187500e+02
2.501686400000000140e+04 7.146932373046875000e+02
2.501694700000000012e+04 7.146987304687500000e+02
2.501702999999999884e+04 7.147048339843750000e+02
2.501711300000000119e+04 7.147111816406250000e+02
2.501719599999999991e+04 7.147186279296875000e+02
2.501727899999999863e+04 7.147272338867187500e+02
2.501736200000000099e+04 7.147354125976562500e+02
2.501744499999999971e+04 7.147390136718750000e+02
2.501752799999999843e+04 7.147258911132812500e+02
2.501761100000000079e+04 7.146693725585937500e+02
2.501769399999999951e+04 7.146408691406250000e+02
2.501777699999999822e+04 7.146458740234375000e+02
2.501786000000000058e+04 7.146519165039062500e+02
2.501794299999999930e+04 7.146574096679687500e+02
2.501802600000000166e+04 7.146635742187500000e+02
2.501810900000000038e+04 7.146699218750000000e+02
2.501819199999999910e+04 7.146770019531250000e+02
2.501827500000000146e+04 7.146856079101562500e+02
2.501835800000000017e+04 7.146943359375000000e+02
2.501844099999999889e+04 7.146980590820312500e+02
2.501852400000000125e+04 7.146856079101562500e+02
2.501860699999999997e+04 7.146290893554687500e+02
2.501868999999999869e+04 7.146005859375000000e+02
2.501877300000000105e+04 7.146055908203125000e+02
2.501885599999999977e+04 7.146116333007812500e+02
2.501893899999999849e+04 7.146170654296875000e+02
2.501902200000000084e+04 7.146232299804687500e+02
2.501910499999999956e+04 7.146295776367187500e+02
2.501918799999999828e+04 7.146366577148437500e+02
2.501927100000000064e+04 7.146452636718750000e+02
2.501935399999999936e+04 7.146539306640625000e+02
2.501943700000000172e+04 7.146576538085937500e+02
2.501952000000000044e+04 7.146452026367187500e+02
2.501960299999999916e+04 7.145886840820312500e+02
2.501968600000000151e+04 7.145601196289062500e+02
2.501976900000000023e+04 7.145651855468750000e+02
2.501985199999999895e+04 7.145711669921875000e+02
2.501993500000000131e+04 7.145765991210937500e+02
