2.500009800000000178e+04 7.040678710937500000e+02
2.500018100000000049e+04 7.040752563476562500e+02
2.500026399999999921e+04 7.040841674804687500e+02
2.500034700000000157e+04 7.040930175781250000e+02
2.500043000000000029e+04 7.040996093750000000e+02
2.500051299999999901e+04 7.040892944335937500e+02
2.500059600000000137e+04 7.040310668945312500e+02
2.500067900000000009e+04 7.039943237304687500e+02
2.500076199999999881e+04 7.039986572265625000e+02
2.500084500000000116e+04 7.040046386718750000e+02
2.500092799999999988e+04 7.040099487304687500e+02
2.500101099999999860e+04 7.040162963867187500e+02
2.500109400000000096e+04 7.040227661132812500e+02
2.500117699999999968e+04 7.040299072265625000e+02
2.500125999999999840e+04 7.040386352539062500e+02
2.500134300000000076e+04 7.040480957031250000e+02
2.500142599999999948e+04 7.040547485351562500e+02
2.500150899999999820e+04 7.040469970703125000e+02
2.500159200000000055e+04 7.039931030273437500e+02
2.500167499999999927e+04 7.039562988281250000e+02
2.500175800000000163e+04 7.039605102539062500e+02
2.500184100000000035e+04 7.039664916992187500e+02
2.500192399999999907e+04 7.039717407226562500e+02
2.500200700000000143e+04 7.039779663085937500e+02
2.500209000000000015e+04 7.039844970703125000e+02
2.500217299999999886e+04 7.039915771484375000e+02
2.500225600000000122e+04 7.040003662109375000e+02
2.500233899999999994e+04 7.040098266601562500e+02
2.500242199999999866e+04 7.040164794921875000e+02
2.500250500000000102e+04 7.040085449218750000e+02
2.500258799999999974e+04 7.039545288085937500e+02
2.500267099999999846e+04 7.039176635742187500e+02
2.500275400000000081e+04 7.039219970703125000e+02
2.500283699999999953e+04 7.039278564453125000e+02
2.500291999999999825e+04 7.039331054687500000e+02
2.500300300000000061e+04 7.039393920898437500e+02
2.500308599999999933e+04 7.039459228515625000e+02
2.500316900000000169e+04 7.039530029296875000e+02
2.500325200000000041e+04 7.039617309570312500e+02
2.500333499999999913e+04 7.039712524414062500e+02
2.500341800000000148e+04 7.039779663085937500e+02
2.500350100000000020e+04 7.039701538085937500e+02
2.500358399999999892e+04 7.039161987304687500e+02
2.500366700000000128e+04 7.038793334960937500e+02
2.500375000000000000e+04 7.038836669921875000e+02
2.500383299999999872e+04 7.038895874023437500e+02
2.500391600000000108e+04 7.038948974609375000e+02
2.500399899999999980e+04 7.039012451171875000e+02
2.500408199999999852e+04 7.039077758789062500e+02
2.500416500000000087e+04 7.039147338867187500e+02
2.500424799999999959e+04 7.039234619140625000e+02
2.500433099999999831e+04 7.039329223632812500e+02
2.500441400000000067e+04 7.039395751953125000e+02
2.500449699999999939e+04 7.039318237304687500e+02
2.500458000000000175e+04 7.038777465820312500e+02
2.500466300000000047e+04 7.038358764648437500e+02
2.500474599999999919e+04 7.038319091796875000e+02
2.500482900000000154e+04 7.038379516601562500e+02
2.500491200000000026e+04 7.038432006835937500e+02
2.500499499999999898e+04 7.038491821289062500e+02
2.500507800000000134e+04 7.038555297851562500e+02
2.500516100000000006e+04 7.038623046875000000e+02
2.500524399999999878e+04 7.038706054687500000e+02
2.500532700000000114e+04 7.038797607421875000e+02
2.500540999999999985e+04 7.038869018554687500e+02
2.500549299999999857e+04 7.038818359375000000e+02
2.500557600000000093e+04 7.038355102539062500e+02
2.500565899999999965e+04 7.037937622070312500e+02
2.500574199999999837e+04 7.037897949218750000e+02
2.500582500000000073e+04 7.037958374023437500e+02
2.500590799999999945e+04 7.038012084960937500e+02
2.500599100000000180e+04 7.038071289062500000e+02
2.500607400000000052e+04 7.038134765625000000e+02
2.500615699999999924e+04 7.038202514648437500e+02
2.500624000000000160e+04 7.038284301757812500e+02
2.500632300000000032e+04 7.038375854492187500e+02
2.500640599999999904e+04 7.038446655273437500e+02
2.500648900000000140e+04 7.038395385742187500e+02
2.500657200000000012e+04 7.037932128906250000e+02
2.500665499999999884e+04 7.037513427734375000e+02
2.500673800000000119e+04 7.037473754882812500e+02
2.500682099999999991e+04 7.037534179687500000e+02
2.500690399999999863e+04 7.037586669921875000e+02
2.500698700000000099e+04 7.037645263671875000e+02
2.500706999999999971e+04 7.037708129882812500e+02
2.500715299999999843e+04 7.037776489257812500e+02
2.500723600000000079e+04 7.037858276367187500e+02
2.500731899999999951e+04 7.037949829101562500e+02
2.500740199999999822e+04 7.038021240234375000e+02
2.500748500000000058e+04 7.037970581054687500e+02
2.500756799999999930e+04 7.037506713867187500e+02
2.500765100000000166e+04 7.037088012695312500e+02
2.500773400000000038e+04 7.037048950195312500e+02
2.500781699999999910e+04 7.037108764648437500e+02
2.500790000000000146e+04 7.037161865234375000e+02
2.500798300000000017e+04 7.037221679687500000e+02
2.500806599999999889e+04 7.037285156250000000e+02
2.500814900000000125e+04 7.037352294921875000e+02
2.500823199999999997e+04 7.037435302734375000e+02
2.500831499999999869e+04 7.037526245117187500e+02
2.500839800000000105e+04 7.037596435546875000e+02
2.500848099999999977e+04 7.037545776367187500e+02
2.500856399999999849e+04 7.037080078125000000e+02
2.500864700000000084e+04 7.036611938476562500e+02
2.500872999999999956e+04 7.036489868164062500e+02
2.500881299999999828e+04 7.036545410156250000e+02
2.500889600000000064e+04 7.036599121093750000e+02
2.500897899999999936e+04 7.036657104492187500e+02
2.500906200000000172e+04 7.036720581054687500e+02
2.500914500000000044e+04 7.036787719726562500e+02
2.500922799999999916e+04 7.036867675781250000e+02
2.500931100000000151e+04 7.036958007812500000e+02
2.500939400000000023e+04 7.037034301757812500e+02
2.500947699999999895e+04 7.037012939453125000e+02
2.500956000000000131e+04 7.036665649414062500e+02
2.500964300000000003e+04 7.036197509765625000e+02
2.500972599999999875e+04 7.036075439453125000e+02
2.500980900000000111e+04 7.036132202148437500e+02
2.500989199999999983e+04 7.036185913085937500e+02
2.500997499999999854e+04 7.036243286132812500e+02
2.501005800000000090e+04 7.037490844726562500e+02
2.501014099999999962e+04 7.037558593750000000e+02
2.501022399999999834e+04 7.037637329101562500e+02
2.501030700000000070e+04 7.037727050781250000e+02
2.501038999999999942e+04 7.037803344726562500e+02
2.501047300000000178e+04 7.037782592773437500e+02
2.501055600000000049e+04 7.037434692382812500e+02
2.501063899999999921e+04 7.036966552734375000e+02
2.501072200000000157e+04 7.036844482421875000e+02
2.501080500000000029e+04 7.036900634765625000e+02
2.501088799999999901e+04 7.036954956054687500e+02
2.501097100000000137e+04 7.037012329101562500e+02
2.501105400000000009e+04 7.037075805664062500e+02
2.501113699999999881e+04 7.037142333984375000e+02
2.501122000000000116e+04 7.037221679687500000e+02
2.501130299999999988e+04 7.037312011718750000e+02
2.501138599999999860e+04 7.037389526367187500e+02
2.501146900000000096e+04 7.037368164062500000e+02
2.501155199999999968e+04 7.037019653320312500e+02
2.501163499999999840e+04 7.036551513671875000e+02
2.501171800000000076e+04 7.036429443359375000e+02
2.501180099999999948e+04 7.036486206054687500e+02
2.501188399999999820e+04 7.036540527343750000e+02
2.501196700000000055e+04 7.036599121093750000e+02
2.501204999999999927e+04 7.036661987304687500e+02
2.501213300000000163e+04 7.036728515625000000e+02
2.501221600000000035e+04 7.036807250976562500e+02
2.501229899999999907e+04 7.036898193359375000e+02
2.501238200000000143e+04 7.036974487304687500e+02
2.501246500000000015e+04 7.036952514648437500e+02
2.501254799999999886e+04 7.036603393554687500e+02
2.501263100000000122e+04 7.036135253906250000e+02
2.501271399999999994e+04 7.035930175781250000e+02
2.501279699999999866e+04 7.035981445312500000e+02
2.501288000000000102e+04 7.036036987304687500e+02
2.501296299999999974e+04 7.036093750000000000e+02
2.501304599999999846e+04 7.036157226562500000e+02
2.501312900000000081e+04 7.036224975585937500e+02
2.501321199999999953e+04 7.036305541992187500e+02
2.501329499999999825e+04 7.036394042968750000e+02
2.501337800000000061e+04 7.036477050781250000e+02
2.501346099999999933e+04 7.036485595703125000e+02
2.501354400000000169e+04 7.036250000000000000e+02
2.501362700000000041e+04 7.035733032226562500e+02
2.501370999999999913e+04 7.035527954101562500e+02
2.501379300000000148e+04 7.035579223632812500e+02
2.501387600000000020e+04 7.035635986328125000e+02
2.501395899999999892e+04 7.035692749023437500e+02
2.501404200000000128e+04 7.035756835937500000e+02
2.501412500000000000e+04 7.035823364257812500e+02
2.501420799999999872e+04 7.035900268554687500e+02
2.501429100000000108e+04 7.035989990234375000e+02
2.501437399999999980e+04 7.036072387695312500e+02
2.501445699999999852e+04 7.036079101562500000e+02
2.501454000000000087e+04 7.035841674804687500e+02
2.501462299999999959e+04 7.035323486328125000e+02
2.501470599999999831e+04 7.035117797851562500e+02
2.501478900000000067e+04 7.035169677734375000e+02
2.501487199999999939e+04 7.035226440429687500e+02
2.501495500000000175e+04 7.035283203125000000e+02
2.501503800000000047e+04 7.035346679687500000e+02
2.501512099999999919e+04 7.035413818359375000e+02
2.501520400000000154e+04 7.035490722656250000e+02
2.501528700000000026e+04 7.035581054687500000e+02
2.501536999999999898e+04 7.035664062500000000e+02
2.501545300000000134e+04 7.035671997070312500e+02
2.501553600000000006e+04 7.035432739257812500e+02
2.501561899999999878e+04 7.034914550781250000e+02
2.501570200000000114e+04 7.034708862304687500e+02
2.501578499999999985e+04 7.034760131835937500e+02
2.501586799999999857e+04 7.034816284179687500e+02
2.501595100000000093e+04 7.034873046875000000e+02
2.501603399999999965e+04 7.034937133789062500e+02
2.501611699999999837e+04 7.035003051757812500e+02
2.501620000000000073e+04 7.035079956054687500e+02
2.501628299999999945e+04 7.035169677734375000e+02
2.501636600000000180e+04 7.035252685546875000e+02
2.501644900000000052e+04 7.035260620117187500e+02
2.501653199999999924e+04 7.035021972656250000e+02
2.501661500000000160e+04 7.034503784179687500e+02
2.501669800000000032e+04 7.034215698242187500e+02
2.501678099999999904e+04 7.034262695312500000e+02
2.501686400000000140e+04 7.034321289062500000e+02
2.501694700000000012e+04 7.034376220703125000e+02
2.501702999999999884e+04 7.034440307617187500e+02
2.501711300000000119e+04 7.034506225585937500e+02
2.501719599999999991e+04 7.034584350585937500e+02
2.501727899999999863e+04 7.034672851562500000e+02
2.501736200000000099e+04 7.034756469726562500e+02
2.501744499999999971e+04 7.034792480468750000e+02
2.501752799999999843e+04 7.034660644531250000e+02
2.501761100000000079e+04 7.034093017578125000e+02
2.501769399999999951e+04 7.033804321289062500e+02
2.501777699999999822e+04 7.033851928710937500e+02
2.501786000000000058e+04 7.033909912109375000e+02
2.501794299999999930e+04 7.033966064453125000e+02
2.501802600000000166e+04 7.034030151367187500e+02
2.501810900000000038e+04 7.034096069335937500e+02
2.501819199999999910e+04 7.034170532226562500e+02
2.501827500000000146e+04 7.034259033203125000e+02
2.501835800000000017e+04 7.034346923828125000e+02
2.501844099999999889e+04 7.034384765625000000e+02
2.501852400000000125e+04 7.034260864257812500e+02
2.501860699999999997e+04 7.033692626953125000e+02
2.501868999999999869e+04 7.033404541015625000e+02
2.501877300000000105e+04 7.033451538085937500e+02
2.501885599999999977e+04 7.033509521484375000e+02
2.501893899999999849e+04 7.033565063476562500e+02
2.501902200000000084e+04 7.033629150390625000e+02
2.501910499999999956e+04 7.033695678710937500e+02
2.501918799999999828e+04 7.033768920898437500e+02
2.501927100000000064e+04 7.033858032226562500e+02
2.501935399999999936e+04 7.033946533203125000e+02
2.501943700000000172e+04 7.033984375000000000e+02
2.501952000000000044e+04 7.033858642578125000e+02
2.501960299999999916e+04 7.033289794921875000e+02
2.501968600000000151e+04 7.033001098632812500e+02
2.501976900000000023e+04 7.033048706054687500e+02
2.501985199999999895e+04 7.033107299804687500e+02
2.501993500000000131e+04 7.033162841796875000e+02
