2.500009800000000178e+04 0.000000000000000000e+00
2.500018100000000049e+04 0.000000000000000000e+00
2.500026399999999921e+04 0.000000000000000000e+00
2.500034700000000157e+04 0.000000000000000000e+00
2.500043000000000029e+04 0.000000000000000000e+00
2.500051299999999901e+04 8.637820243835449219e+00
2.500059600000000137e+04 2.708289337158203125e+01
2.500067900000000009e+04 1.973240852355957031e+01
2.500076199999999881e+04 2.755801081657409668e-01
2.500084500000000116e+04 0.000000000000000000e+00
2.500092799999999988e+04 0.000000000000000000e+00
2.500101099999999860e+04 0.000000000000000000e+00
2.500109400000000096e+04 0.000000000000000000e+00
2.500117699999999968e+04 0.000000000000000000e+00
2.500125999999999840e+04 0.000000000000000000e+00
2.500134300000000076e+04 0.000000000000000000e+00
2.500142599999999948e+04 0.000000000000000000e+00
2.500150899999999820e+04 6.797362804412841797e+00
2.500159200000000055e+04 2.540045356750488281e+01
2.500167499999999927e+04 1.940503311157226562e+01
2.500175800000000163e+04 2.764740288257598877e-01
2.500184100000000035e+04 0.000000000000000000e+00
2.500192399999999907e+04 0.000000000000000000e+00
2.500200700000000143e+04 0.000000000000000000e+00
2.500209000000000015e+04 0.000000000000000000e+00
2.500217299999999886e+04 0.000000000000000000e+00
2.500225600000000122e+04 0.000000000000000000e+00
2.500233899999999994e+04 0.000000000000000000e+00
2.500242199999999866e+04 0.000000000000000000e+00
2.500250500000000102e+04 6.800443649291992188e+00
2.500258799999999974e+04 2.541885948181152344e+01
2.500267099999999846e+04 1.941712188720703125e+01
2.500275400000000081e+04 2.773066461086273193e-01
2.500283699999999953e+04 0.000000000000000000e+00
2.500291999999999825e+04 0.000000000000000000e+00
2.500300300000000061e+04 0.000000000000000000e+00
2.500308599999999933e+04 0.000000000000000000e+00
2.500316900000000169e+04 0.000000000000000000e+00
2.500325200000000041e+04 0.000000000000000000e+00
2.500333499999999913e+04 0.000000000000000000e+00
2.500341800000000148e+04 0.000000000000000000e+00
2.500350100000000020e+04 6.803483009338378906e+00
2.500358399999999892e+04 2.543737220764160156e+01
2.500366700000000128e+04 1.942923545837402344e+01
2.500375000000000000e+04 2.781761586666107178e-01
2.500383299999999872e+04 0.000000000000000000e+00
2.500391600000000108e+04 0.000000000000000000e+00
2.500399899999999980e+04 0.000000000000000000e+00
2.500408199999999852e+04 0.000000000000000000e+00
2.500416500000000087e+04 0.000000000000000000e+00
2.500424799999999959e+04 0.000000000000000000e+00
2.500433099999999831e+04 0.000000000000000000e+00
2.500441400000000067e+04 0.000000000000000000e+00
2.500449699999999939e+04 6.806546688079833984e+00
2.500458000000000175e+04 2.548828315734863281e+01
2.500466300000000047e+04 2.245756149291992188e+01
2.500474599999999919e+04 4.025479316711425781e+00
2.500482900000000154e+04 0.000000000000000000e+00
2.500491200000000026e+04 0.000000000000000000e+00
2.500499499999999898e+04 0.000000000000000000e+00
2.500507800000000134e+04 0.000000000000000000e+00
2.500516100000000006e+04 0.000000000000000000e+00
2.500524399999999878e+04 0.000000000000000000e+00
2.500532700000000114e+04 0.000000000000000000e+00
2.500540999999999985e+04 0.000000000000000000e+00
2.500549299999999857e+04 4.999921321868896484e+00
2.500557600000000093e+04 2.207516098022460938e+01
2.500565899999999965e+04 2.234995269775390625e+01
2.500574199999999837e+04 4.028216361999511719e+00
2.500582500000000073e+04 0.000000000000000000e+00
2.500590799999999945e+04 0.000000000000000000e+00
2.500599100000000180e+04 0.000000000000000000e+00
2.500607400000000052e+04 0.000000000000000000e+00
2.500615699999999924e+04 0.000000000000000000e+00
2.500624000000000160e+04 0.000000000000000000e+00
2.500632300000000032e+04 0.000000000000000000e+00
2.500640599999999904e+04 0.000000000000000000e+00
2.500648900000000140e+04 5.002060890197753906e+00
2.500657200000000012e+04 2.209159278869628906e+01
2.500665499999999884e+04 2.236443328857421875e+01
2.500673800000000119e+04 4.031085014343261719e+00
2.500682099999999991e+04 0.000000000000000000e+00
2.500690399999999863e+04 0.000000000000000000e+00
2.500698700000000099e+04 0.000000000000000000e+00
2.500706999999999971e+04 0.000000000000000000e+00
2.500715299999999843e+04 0.000000000000000000e+00
2.500723600000000079e+04 0.000000000000000000e+00
2.500731899999999951e+04 0.000000000000000000e+00
2.500740199999999822e+04 0.000000000000000000e+00
2.500748500000000058e+04 5.004238605499267578e+00
2.500756799999999930e+04 2.210782814025878906e+01
2.500765100000000166e+04 2.237894821166992188e+01
2.500773400000000038e+04 4.033979892730712891e+00
2.500781699999999910e+04 0.000000000000000000e+00
2.500790000000000146e+04 0.000000000000000000e+00
2.500798300000000017e+04 0.000000000000000000e+00
2.500806599999999889e+04 0.000000000000000000e+00
2.500814900000000125e+04 0.000000000000000000e+00
2.500823199999999997e+04 0.000000000000000000e+00
2.500831499999999869e+04 0.000000000000000000e+00
2.500839800000000105e+04 0.000000000000000000e+00
2.500848099999999977e+04 5.006399631500244141e+00
2.500856399999999849e+04 2.213614082336425781e+01
2.500864700000000084e+04 2.548818397521972656e+01
2.500872999999999956e+04 8.187318801879882812e+00
2.500881299999999828e+04 0.000000000000000000e+00
2.500889600000000064e+04 0.000000000000000000e+00
2.500897899999999936e+04 0.000000000000000000e+00
2.500906200000000172e+04 0.000000000000000000e+00
2.500914500000000044e+04 0.000000000000000000e+00
2.500922799999999916e+04 0.000000000000000000e+00
2.500931100000000151e+04 0.000000000000000000e+00
2.500939400000000023e+04 0.000000000000000000e+00
2.500947699999999895e+04 3.329598188400268555e+00
2.500956000000000131e+04 1.743068695068359375e+01
2.500964300000000003e+04 2.432367134094238281e+01
2.500972599999999875e+04 8.023867607116699219e+00
2.500980900000000111e+04 0.000000000000000000e+00
2.500989199999999983e+04 0.000000000000000000e+00
2.500997499999999854e+04 0.000000000000000000e+00
2.501005800000000090e+04 0.000000000000000000e+00
2.501014099999999962e+04 0.000000000000000000e+00
2.501022399999999834e+04 0.000000000000000000e+00
2.501030700000000070e+04 0.000000000000000000e+00
2.501038999999999942e+04 0.000000000000000000e+00
2.501047300000000178e+04 3.331045627593994141e+00
2.501055600000000049e+04 1.744456291198730469e+01
2.501063899999999921e+04 2.433909034729003906e+01
2.501072200000000157e+04 8.030694007873535156e+00
2.501080500000000029e+04 0.000000000000000000e+00
2.501088799999999901e+04 0.000000000000000000e+00
2.501097100000000137e+04 0.000000000000000000e+00
2.501105400000000009e+04 0.000000000000000000e+00
2.501113699999999881e+04 0.000000000000000000e+00
2.501122000000000116e+04 0.000000000000000000e+00
2.501130299999999988e+04 0.000000000000000000e+00
2.501138599999999860e+04 0.000000000000000000e+00
2.501146900000000096e+04 3.332532405853271484e+00
2.501155199999999968e+04 1.745787811279296875e+01
2.501163499999999840e+04 2.435437393188476562e+01
2.501171800000000076e+04 8.037544250488281250e+00
2.501180099999999948e+04 0.000000000000000000e+00
2.501188399999999820e+04 0.000000000000000000e+00
2.501196700000000055e+04 0.000000000000000000e+00
2.501204999999999927e+04 0.000000000000000000e+00
2.501213300000000163e+04 0.000000000000000000e+00
2.501221600000000035e+04 0.000000000000000000e+00
2.501229899999999907e+04 0.000000000000000000e+00
2.501238200000000143e+04 0.000000000000000000e+00
2.501246500000000015e+04 3.334045171737670898e+00
2.501254799999999886e+04 1.749640274047851562e+01
2.501263100000000122e+04 2.438258171081542969e+01
2.501271399999999994e+04 1.221448230743408203e+01
2.501279699999999866e+04 3.477424010634422302e-02
2.501288000000000102e+04 0.000000000000000000e+00
2.501296299999999974e+04 0.000000000000000000e+00
2.501304599999999846e+04 0.000000000000000000e+00
2.501312900000000081e+04 0.000000000000000000e+00
2.501321199999999953e+04 0.000000000000000000e+00
2.501329499999999825e+04 0.000000000000000000e+00
2.501337800000000061e+04 0.000000000000000000e+00
2.501346099999999933e+04 1.860257744789123535e+00
2.501354400000000169e+04 1.291221427917480469e+01
2.501362700000000041e+04 2.565365600585937500e+01
2.501370999999999913e+04 1.195048522949218750e+01
2.501379300000000148e+04 3.522520139813423157e-02
2.501387600000000020e+04 0.000000000000000000e+00
2.501395899999999892e+04 0.000000000000000000e+00
2.501404200000000128e+04 0.000000000000000000e+00
2.501412500000000000e+04 0.000000000000000000e+00
2.501420799999999872e+04 0.000000000000000000e+00
2.501429100000000108e+04 0.000000000000000000e+00
2.501437399999999980e+04 0.000000000000000000e+00
2.501445699999999852e+04 1.861224770545959473e+00
2.501454000000000087e+04 1.298145771026611328e+01
2.501462299999999959e+04 2.573987960815429688e+01
2.501470599999999831e+04 1.197835254669189453e+01
2.501478900000000067e+04 3.563021123409271240e-02
2.501487199999999939e+04 0.000000000000000000e+00
2.501495500000000175e+04 0.000000000000000000e+00
2.501503800000000047e+04 0.000000000000000000e+00
2.501512099999999919e+04 0.000000000000000000e+00
2.501520400000000154e+04 0.000000000000000000e+00
2.501528700000000026e+04 0.000000000000000000e+00
2.501536999999999898e+04 0.000000000000000000e+00
2.501545300000000134e+04 1.862126469612121582e+00
2.501553600000000006e+04 1.299081516265869141e+01
2.501561899999999878e+04 2.575716590881347656e+01
2.501570200000000114e+04 1.198720645904541016e+01
2.501578499999999985e+04 3.603136911988258362e-02
2.501586799999999857e+04 0.000000000000000000e+00
2.501595100000000093e+04 0.000000000000000000e+00
2.501603399999999965e+04 0.000000000000000000e+00
2.501611699999999837e+04 0.000000000000000000e+00
2.501620000000000073e+04 0.000000000000000000e+00
2.501628299999999945e+04 0.000000000000000000e+00
2.501636600000000180e+04 0.000000000000000000e+00
2.501644900000000052e+04 1.863034963607788086e+00
2.501653199999999924e+04 1.301808834075927734e+01
2.501661500000000160e+04 2.579514312744140625e+01
2.501669800000000032e+04 1.617396163940429688e+01
2.501678099999999904e+04 1.426612436771392822e-01
2.501686400000000140e+04 0.000000000000000000e+00
2.501694700000000012e+04 0.000000000000000000e+00
2.501702999999999884e+04 0.000000000000000000e+00
2.501711300000000119e+04 0.000000000000000000e+00
2.501719599999999991e+04 0.000000000000000000e+00
2.501727899999999863e+04 0.000000000000000000e+00
2.501736200000000099e+04 0.000000000000000000e+00
2.501744499999999971e+04 6.972211599349975586e-01
2.501752799999999843e+04 9.613724708557128906e+00
2.501761100000000079e+04 2.636372375488281250e+01
2.501769399999999951e+04 1.586231994628906250e+01
2.501777699999999822e+04 1.433221250772476196e-01
2.501786000000000058e+04 0.000000000000000000e+00
2.501794299999999930e+04 0.000000000000000000e+00
2.501802600000000166e+04 0.000000000000000000e+00
2.501810900000000038e+04 0.000000000000000000e+00
2.501819199999999910e+04 0.000000000000000000e+00
2.501827500000000146e+04 0.000000000000000000e+00
2.501835800000000017e+04 0.000000000000000000e+00
2.501844099999999889e+04 0.000000000000000000e+00
2.501852400000000125e+04 9.032605171203613281e+00
2.501860699999999997e+04 2.628756904602050781e+01
2.501868999999999869e+04 1.587652683258056641e+01
2.501877300000000105e+04 1.439667642116546631e-01
2.501885599999999977e+04 0.000000000000000000e+00
2.501893899999999849e+04 0.000000000000000000e+00
2.501902200000000084e+04 0.000000000000000000e+00
2.501910499999999956e+04 0.000000000000000000e+00
2.501918799999999828e+04 0.000000000000000000e+00
2.501927100000000064e+04 0.000000000000000000e+00
2.501935399999999936e+04 0.000000000000000000e+00
2.501943700000000172e+04 0.000000000000000000e+00
2.501952000000000044e+04 9.038595199584960938e+00
2.501960299999999916e+04 2.630505752563476562e+01
2.501968600000000151e+04 1.588919830322265625e+01
2.501976900000000023e+04 1.445764899253845215e-01
2.501985199999999895e+04 0.000000000000000000e+00
2.501993500000000131e+04 0.000000000000000000e+00
