2.500009800000000178e+04 7.719771385192871094e+00
2.500018100000000049e+04 7.563975811004638672e+00
2.500026399999999921e+04 7.415522575378417969e+00
2.500034700000000157e+04 7.299455165863037109e+00
2.500043000000000029e+04 7.245916843414306641e+00
2.500051299999999901e+04 7.585200786590576172e+00
2.500059600000000137e+04 8.267711639404296875e+00
2.500067900000000009e+04 8.333001136779785156e+00
2.500076199999999881e+04 8.335978507995605469e+00
2.500084500000000116e+04 8.329112052917480469e+00
2.500092799999999988e+04 8.120291709899902344e+00
2.500101099999999860e+04 7.904687404632568359e+00
2.500109400000000096e+04 7.723203659057617188e+00
2.500117699999999968e+04 7.545082569122314453e+00
2.500125999999999840e+04 7.392404079437255859e+00
2.500134300000000076e+04 7.265730857849121094e+00
2.500142599999999948e+04 7.138198852539062500e+00
2.500150899999999820e+04 7.454493999481201172e+00
2.500159200000000055e+04 8.281459808349609375e+00
2.500167499999999927e+04 8.335117340087890625e+00
2.500175800000000163e+04 8.350072860717773438e+00
2.500184100000000035e+04 8.328711509704589844e+00
2.500192399999999907e+04 8.141452789306640625e+00
2.500200700000000143e+04 7.915650844573974609e+00
2.500209000000000015e+04 7.717970371246337891e+00
2.500217299999999886e+04 7.555840015411376953e+00
2.500225600000000122e+04 7.401965141296386719e+00
2.500233899999999994e+04 7.272111415863037109e+00
2.500242199999999866e+04 7.150730133056640625e+00
2.500250500000000102e+04 7.472779273986816406e+00
2.500258799999999974e+04 8.273015022277832031e+00
2.500267099999999846e+04 8.345706939697265625e+00
2.500275400000000081e+04 8.344893455505371094e+00
2.500283699999999953e+04 8.342470169067382812e+00
2.500291999999999825e+04 8.143643379211425781e+00
2.500300300000000061e+04 7.919991016387939453e+00
2.500308599999999933e+04 7.740717411041259766e+00
2.500316900000000169e+04 7.559941768646240234e+00
2.500325200000000041e+04 7.409237861633300781e+00
2.500333499999999913e+04 7.273273468017578125e+00
2.500341800000000148e+04 7.147099018096923828e+00
2.500350100000000020e+04 7.471090793609619141e+00
2.500358399999999892e+04 8.271809577941894531e+00
2.500366700000000128e+04 8.350323677062988281e+00
2.500375000000000000e+04 8.353376388549804688e+00
2.500383299999999872e+04 8.343041419982910156e+00
2.500391600000000108e+04 8.122686386108398438e+00
2.500399899999999980e+04 7.918475627899169922e+00
2.500408199999999852e+04 7.725324153900146484e+00
2.500416500000000087e+04 7.550304412841796875e+00
2.500424799999999959e+04 7.409522056579589844e+00
2.500433099999999831e+04 7.264410972595214844e+00
2.500441400000000067e+04 7.145414829254150391e+00
2.500449699999999939e+04 7.468171119689941406e+00
2.500458000000000175e+04 8.273399353027343750e+00
2.500466300000000047e+04 8.361266136169433594e+00
2.500474599999999919e+04 8.360152244567871094e+00
2.500482900000000154e+04 8.350132942199707031e+00
2.500491200000000026e+04 8.184912681579589844e+00
2.500499499999999898e+04 7.920054912567138672e+00
2.500507800000000134e+04 7.730792045593261719e+00
2.500516100000000006e+04 7.565216064453125000e+00
2.500524399999999878e+04 7.406318664550781250e+00
2.500532700000000114e+04 7.265781402587890625e+00
2.500540999999999985e+04 7.128434181213378906e+00
2.500549299999999857e+04 7.368353843688964844e+00
2.500557600000000093e+04 8.264376640319824219e+00
2.500565899999999965e+04 8.354853630065917969e+00
2.500574199999999837e+04 8.361776351928710938e+00
2.500582500000000073e+04 8.355808258056640625e+00
2.500590799999999945e+04 8.163973808288574219e+00
2.500599100000000180e+04 7.929414272308349609e+00
2.500607400000000052e+04 7.736522197723388672e+00
2.500615699999999924e+04 7.558328151702880859e+00
2.500624000000000160e+04 7.416431427001953125e+00
2.500632300000000032e+04 7.275867938995361328e+00
2.500640599999999904e+04 7.148427009582519531e+00
2.500648900000000140e+04 7.376034736633300781e+00
2.500657200000000012e+04 8.291352272033691406e+00
2.500665499999999884e+04 8.367109298706054688e+00
2.500673800000000119e+04 8.371556282043457031e+00
2.500682099999999991e+04 8.359129905700683594e+00
2.500690399999999863e+04 8.178933143615722656e+00
2.500698700000000099e+04 7.934304714202880859e+00
2.500706999999999971e+04 7.744026660919189453e+00
2.500715299999999843e+04 7.562783718109130859e+00
2.500723600000000079e+04 7.409163475036621094e+00
2.500731899999999951e+04 7.289584636688232422e+00
2.500740199999999822e+04 7.154139995574951172e+00
2.500748500000000058e+04 7.380023479461669922e+00
2.500756799999999930e+04 8.279714584350585938e+00
2.500765100000000166e+04 8.369092941284179688e+00
2.500773400000000038e+04 8.370985984802246094e+00
2.500781699999999910e+04 8.369739532470703125e+00
2.500790000000000146e+04 8.176179885864257812e+00
2.500798300000000017e+04 7.929999828338623047e+00
2.500806599999999889e+04 7.746254444122314453e+00
2.500814900000000125e+04 7.571784019470214844e+00
2.500823199999999997e+04 7.418322086334228516e+00
2.500831499999999869e+04 7.274189472198486328e+00
2.500839800000000105e+04 7.148366928100585938e+00
2.500848099999999977e+04 7.370257854461669922e+00
2.500856399999999849e+04 8.286172866821289062e+00
2.500864700000000084e+04 8.371570587158203125e+00
2.500872999999999956e+04 8.374559402465820312e+00
2.500881299999999828e+04 8.379318237304687500e+00
2.500889600000000064e+04 8.288078308105468750e+00
2.500897899999999936e+04 8.041916847229003906e+00
2.500906200000000172e+04 7.850499153137207031e+00
2.500914500000000044e+04 7.660444259643554688e+00
2.500922799999999916e+04 7.506030559539794922e+00
2.500931100000000151e+04 7.376718997955322266e+00
2.500939400000000023e+04 7.246739387512207031e+00
2.500947699999999895e+04 7.387986660003662109e+00
2.500956000000000131e+04 8.251420974731445312e+00
2.500964300000000003e+04 8.373954772949218750e+00
2.500972599999999875e+04 8.377703666687011719e+00
2.500980900000000111e+04 8.374306678771972656e+00
2.500989199999999983e+04 8.295180320739746094e+00
2.500997499999999854e+04 8.060172080993652344e+00
2.501005800000000090e+04 7.843006134033203125e+00
2.501014099999999962e+04 7.662743091583251953e+00
2.501022399999999834e+04 7.508448123931884766e+00
2.501030700000000070e+04 7.364599704742431641e+00
2.501038999999999942e+04 7.237633228302001953e+00
2.501047300000000178e+04 7.370383739471435547e+00
2.501055600000000049e+04 8.243297576904296875e+00
2.501063899999999921e+04 8.360253334045410156e+00
2.501072200000000157e+04 8.370826721191406250e+00
2.501080500000000029e+04 8.365978240966796875e+00
2.501088799999999901e+04 8.281256675720214844e+00
2.501097100000000137e+04 8.040470123291015625e+00
2.501105400000000009e+04 7.845071315765380859e+00
2.501113699999999881e+04 7.679328918457031250e+00
2.501122000000000116e+04 7.517635822296142578e+00
2.501130299999999988e+04 7.376860618591308594e+00
2.501138599999999860e+04 7.236061573028564453e+00
2.501146900000000096e+04 7.374991893768310547e+00
2.501155199999999968e+04 8.251404762268066406e+00
2.501163499999999840e+04 8.370171546936035156e+00
2.501171800000000076e+04 8.373297691345214844e+00
2.501180099999999948e+04 8.369981765747070312e+00
2.501188399999999820e+04 8.275071144104003906e+00
2.501196700000000055e+04 8.046043395996093750e+00
2.501204999999999927e+04 7.849241256713867188e+00
2.501213300000000163e+04 7.663829803466796875e+00
2.501221600000000035e+04 7.508097648620605469e+00
2.501229899999999907e+04 7.386874198913574219e+00
2.501238200000000143e+04 7.249443531036376953e+00
2.501246500000000015e+04 7.386771202087402344e+00
2.501254799999999886e+04 8.253877639770507812e+00
2.501263100000000122e+04 8.373636245727539062e+00
2.501271399999999994e+04 8.382636070251464844e+00
2.501279699999999866e+04 8.380099296569824219e+00
2.501288000000000102e+04 8.350623130798339844e+00
2.501296299999999974e+04 8.118930816650390625e+00
2.501304599999999846e+04 7.913643836975097656e+00
2.501312900000000081e+04 7.719460964202880859e+00
2.501321199999999953e+04 7.576735496520996094e+00
2.501329499999999825e+04 7.447093963623046875e+00
2.501337800000000061e+04 7.295990943908691406e+00
2.501346099999999933e+04 7.348024845123291016e+00
2.501354400000000169e+04 8.207968711853027344e+00
2.501362700000000041e+04 8.369736671447753906e+00
2.501370999999999913e+04 8.387712478637695312e+00
2.501379300000000148e+04 8.386601448059082031e+00
2.501387600000000020e+04 8.348686218261718750e+00
2.501395899999999892e+04 8.122588157653808594e+00
2.501404200000000128e+04 7.919171810150146484e+00
2.501412500000000000e+04 7.741543292999267578e+00
2.501420799999999872e+04 7.576343059539794922e+00
2.501429100000000108e+04 7.438193321228027344e+00
2.501437399999999980e+04 7.313233375549316406e+00
2.501445699999999852e+04 7.370360851287841797e+00
2.501454000000000087e+04 8.209613800048828125e+00
2.501462299999999959e+04 8.371446609497070312e+00
2.501470599999999831e+04 8.393498420715332031e+00
2.501478900000000067e+04 8.387626647949218750e+00
2.501487199999999939e+04 8.347366333007812500e+00
2.501495500000000175e+04 8.129033088684082031e+00
2.501503800000000047e+04 7.938189983367919922e+00
2.501512099999999919e+04 7.745411396026611328e+00
2.501520400000000154e+04 7.573159694671630859e+00
2.501528700000000026e+04 7.436951160430908203e+00
2.501536999999999898e+04 7.304896354675292969e+00
2.501545300000000134e+04 7.364049434661865234e+00
2.501553600000000006e+04 8.219637870788574219e+00
2.501561899999999878e+04 8.377841949462890625e+00
2.501570200000000114e+04 8.389374732971191406e+00
2.501578499999999985e+04 8.395585060119628906e+00
2.501586799999999857e+04 8.360400199890136719e+00
2.501595100000000093e+04 8.127737045288085938e+00
2.501603399999999965e+04 7.926536083221435547e+00
2.501611699999999837e+04 7.750360965728759766e+00
2.501620000000000073e+04 7.588591098785400391e+00
2.501628299999999945e+04 7.439033985137939453e+00
2.501636600000000180e+04 7.319015026092529297e+00
2.501644900000000052e+04 7.369878292083740234e+00
2.501653199999999924e+04 8.215802192687988281e+00
2.501661500000000160e+04 8.378228187561035156e+00
2.501669800000000032e+04 8.400912284851074219e+00
2.501678099999999904e+04 8.398541450500488281e+00
2.501686400000000140e+04 8.380137443542480469e+00
2.501694700000000012e+04 8.161666870117187500e+00
2.501702999999999884e+04 7.964331150054931641e+00
2.501711300000000119e+04 7.776277542114257812e+00
2.501719599999999991e+04 7.614508628845214844e+00
2.501727899999999863e+04 7.458293437957763672e+00
2.501736200000000099e+04 7.330322265625000000e+00
2.501744499999999971e+04 7.386253356933593750e+00
2.501752799999999843e+04 8.170470237731933594e+00
2.501761100000000079e+04 8.377235412597656250e+00
2.501769399999999951e+04 8.404921531677246094e+00
2.501777699999999822e+04 8.406162261962890625e+00
2.501786000000000058e+04 8.387339591979980469e+00
2.501794299999999930e+04 8.149296760559082031e+00
2.501802600000000166e+04 7.956006526947021484e+00
2.501810900000000038e+04 7.769462585449218750e+00
2.501819199999999910e+04 7.609503746032714844e+00
2.501827500000000146e+04 7.466916084289550781e+00
2.501835800000000017e+04 7.330784797668457031e+00
2.501844099999999889e+04 7.292111873626708984e+00
2.501852400000000125e+04 8.038535118103027344e+00
2.501860699999999997e+04 8.371947288513183594e+00
2.501868999999999869e+04 8.405498504638671875e+00
2.501877300000000105e+04 8.410987854003906250e+00
2.501885599999999977e+04 8.392658233642578125e+00
2.501893899999999849e+04 8.167324066162109375e+00
2.501902200000000084e+04 7.958868503570556641e+00
2.501910499999999956e+04 7.783455848693847656e+00
2.501918799999999828e+04 7.615113735198974609e+00
2.501927100000000064e+04 7.474498271942138672e+00
2.501935399999999936e+04 7.329038143157958984e+00
2.501943700000000172e+04 7.296990871429443359e+00
2.501952000000000044e+04 8.051530838012695312e+00
2.501960299999999916e+04 8.378122329711914062e+00
2.501968600000000151e+04 8.409286499023437500e+00
2.501976900000000023e+04 8.408077239990234375e+00
2.501985199999999895e+04 8.388107299804687500e+00
2.501993500000000131e+04 8.166152954101562500e+00
