2.500009800000000178e+04 5.261624813079833984e+00
2.500018100000000049e+04 5.195843696594238281e+00
2.500026399999999921e+04 5.130691528320312500e+00
2.500034700000000157e+04 5.071614742279052734e+00
2.500043000000000029e+04 5.044904708862304688e+00
2.500051299999999901e+04 5.176501750946044922e+00
2.500059600000000137e+04 5.459154129028320312e+00
2.500067900000000009e+04 5.482254981994628906e+00
2.500076199999999881e+04 5.483947753906250000e+00
2.500084500000000116e+04 5.484644889831542969e+00
2.500092799999999988e+04 5.416054725646972656e+00
2.500101099999999860e+04 5.334816932678222656e+00
2.500109400000000096e+04 5.262045383453369141e+00
2.500117699999999968e+04 5.188190460205078125e+00
2.500125999999999840e+04 5.121047496795654297e+00
2.500134300000000076e+04 5.061329841613769531e+00
2.500142599999999948e+04 4.998518943786621094e+00
2.500150899999999820e+04 5.124580383300781250e+00
2.500159200000000055e+04 5.463239192962646484e+00
2.500167499999999927e+04 5.486233711242675781e+00
2.500175800000000163e+04 5.488937377929687500e+00
2.500184100000000035e+04 5.488752841949462891e+00
2.500192399999999907e+04 5.421576976776123047e+00
2.500200700000000143e+04 5.337228298187255859e+00
2.500209000000000015e+04 5.261731624603271484e+00
2.500217299999999886e+04 5.193130970001220703e+00
2.500225600000000122e+04 5.127207756042480469e+00
2.500233899999999994e+04 5.063410758972167969e+00
2.500242199999999866e+04 5.003898143768310547e+00
2.500250500000000102e+04 5.126588821411132812e+00
2.500258799999999974e+04 5.457577228546142578e+00
2.500267099999999846e+04 5.488492965698242188e+00
2.500275400000000081e+04 5.491429805755615234e+00
2.500283699999999953e+04 5.490581989288330078e+00
2.500291999999999825e+04 5.424032211303710938e+00
2.500300300000000061e+04 5.339002609252929688e+00
2.500308599999999933e+04 5.270848751068115234e+00
2.500316900000000169e+04 5.192882537841796875e+00
2.500325200000000041e+04 5.128728866577148438e+00
2.500333499999999913e+04 5.066580772399902344e+00
2.500341800000000148e+04 5.005732059478759766e+00
2.500350100000000020e+04 5.131385326385498047e+00
2.500358399999999892e+04 5.461028575897216797e+00
2.500366700000000128e+04 5.491515636444091797e+00
2.500375000000000000e+04 5.492743968963623047e+00
2.500383299999999872e+04 5.492169380187988281e+00
2.500391600000000108e+04 5.418490886688232422e+00
2.500399899999999980e+04 5.340869903564453125e+00
2.500408199999999852e+04 5.265989303588867188e+00
2.500416500000000087e+04 5.190869808197021484e+00
2.500424799999999959e+04 5.127254009246826172e+00
2.500433099999999831e+04 5.062833786010742188e+00
2.500441400000000067e+04 5.003519058227539062e+00
2.500449699999999939e+04 5.132081031799316406e+00
2.500458000000000175e+04 5.464563369750976562e+00
2.500466300000000047e+04 5.495197296142578125e+00
2.500474599999999919e+04 5.496623516082763672e+00
2.500482900000000154e+04 5.497443675994873047e+00
2.500491200000000026e+04 5.438409805297851562e+00
2.500499499999999898e+04 5.342305183410644531e+00
2.500507800000000134e+04 5.264478683471679688e+00
2.500516100000000006e+04 5.195802211761474609e+00
2.500524399999999878e+04 5.127601146697998047e+00
2.500532700000000114e+04 5.062273979187011719e+00
2.500540999999999985e+04 5.000825881958007812e+00
2.500549299999999857e+04 5.091475486755371094e+00
2.500557600000000093e+04 5.463171482086181641e+00
2.500565899999999965e+04 5.496699810028076172e+00
2.500574199999999837e+04 5.499785423278808594e+00
2.500582500000000073e+04 5.501369476318359375e+00
2.500590799999999945e+04 5.433788776397705078e+00
2.500599100000000180e+04 5.344081878662109375e+00
2.500607400000000052e+04 5.267387866973876953e+00
2.500615699999999924e+04 5.193974971771240234e+00
2.500624000000000160e+04 5.130568027496337891e+00
2.500632300000000032e+04 5.068290233612060547e+00
2.500640599999999904e+04 5.006256103515625000e+00
2.500648900000000140e+04 5.094226360321044922e+00
2.500657200000000012e+04 5.474077701568603516e+00
2.500665499999999884e+04 5.499162197113037109e+00
2.500673800000000119e+04 5.501260280609130859e+00
2.500682099999999991e+04 5.501853466033935547e+00
2.500690399999999863e+04 5.436178207397460938e+00
2.500698700000000099e+04 5.344666957855224609e+00
2.500706999999999971e+04 5.270178794860839844e+00
2.500715299999999843e+04 5.197762012481689453e+00
2.500723600000000079e+04 5.128562450408935547e+00
2.500731899999999951e+04 5.074154853820800781e+00
2.500740199999999822e+04 5.010103225708007812e+00
2.500748500000000058e+04 5.095217704772949219e+00
2.500756799999999930e+04 5.467209815979003906e+00
2.500765100000000166e+04 5.502193450927734375e+00
2.500773400000000038e+04 5.505550861358642578e+00
2.500781699999999910e+04 5.505381584167480469e+00
2.500790000000000146e+04 5.438801765441894531e+00
2.500798300000000017e+04 5.347714900970458984e+00
2.500806599999999889e+04 5.274859428405761719e+00
2.500814900000000125e+04 5.201349735260009766e+00
2.500823199999999997e+04 5.136065959930419922e+00
2.500831499999999869e+04 5.066691875457763672e+00
2.500839800000000105e+04 5.006390571594238281e+00
2.500848099999999977e+04 5.091144561767578125e+00
2.500856399999999849e+04 5.469075679779052734e+00
2.500864700000000084e+04 5.502296447753906250e+00
2.500872999999999956e+04 5.507199287414550781e+00
2.500881299999999828e+04 5.508272647857666016e+00
2.500889600000000064e+04 5.481500148773193359e+00
2.500897899999999936e+04 5.396456718444824219e+00
2.500906200000000172e+04 5.321695327758789062e+00
2.500914500000000044e+04 5.244620323181152344e+00
2.500922799999999916e+04 5.175994873046875000e+00
2.500931100000000151e+04 5.118149757385253906e+00
2.500939400000000023e+04 5.055933475494384766e+00
2.500947699999999895e+04 5.105540275573730469e+00
2.500956000000000131e+04 5.461431980133056641e+00
2.500964300000000003e+04 5.505831241607666016e+00
2.500972599999999875e+04 5.509667396545410156e+00
2.500980900000000111e+04 5.511031627655029297e+00
2.500989199999999983e+04 5.485711097717285156e+00
2.500997499999999854e+04 5.401915073394775391e+00
2.501005800000000090e+04 5.321722507476806641e+00
2.501014099999999962e+04 5.242499828338623047e+00
2.501022399999999834e+04 5.171158790588378906e+00
2.501030700000000070e+04 5.107043743133544922e+00
2.501038999999999942e+04 5.048313140869140625e+00
2.501047300000000178e+04 5.099406242370605469e+00
2.501055600000000049e+04 5.454187870025634766e+00
2.501063899999999921e+04 5.499871253967285156e+00
2.501072200000000157e+04 5.502380847930908203e+00
2.501080500000000029e+04 5.503026962280273438e+00
2.501088799999999901e+04 5.477662563323974609e+00
2.501097100000000137e+04 5.393594741821289062e+00
2.501105400000000009e+04 5.317228794097900391e+00
2.501113699999999881e+04 5.246181964874267578e+00
2.501122000000000116e+04 5.178305625915527344e+00
2.501130299999999988e+04 5.114880561828613281e+00
2.501138599999999860e+04 5.051391601562500000e+00
2.501146900000000096e+04 5.098961830139160156e+00
2.501155199999999968e+04 5.458027839660644531e+00
2.501163499999999840e+04 5.503391742706298828e+00
2.501171800000000076e+04 5.505480766296386719e+00
2.501180099999999948e+04 5.506593227386474609e+00
2.501188399999999820e+04 5.477132320404052734e+00
2.501196700000000055e+04 5.395802974700927734e+00
2.501204999999999927e+04 5.318600654602050781e+00
2.501213300000000163e+04 5.242078304290771484e+00
2.501221600000000035e+04 5.175025463104248047e+00
2.501229899999999907e+04 5.119419574737548828e+00
2.501238200000000143e+04 5.054777145385742188e+00
2.501246500000000015e+04 5.104083538055419922e+00
2.501254799999999886e+04 5.460911273956298828e+00
2.501263100000000122e+04 5.506909847259521484e+00
2.501271399999999994e+04 5.508889198303222656e+00
2.501279699999999866e+04 5.509626388549804688e+00
2.501288000000000102e+04 5.504695892333984375e+00
2.501296299999999974e+04 5.425940513610839844e+00
2.501304599999999846e+04 5.347839355468750000e+00
2.501312900000000081e+04 5.270328521728515625e+00
2.501321199999999953e+04 5.207215785980224609e+00
2.501329499999999825e+04 5.146070003509521484e+00
2.501337800000000061e+04 5.078487873077392578e+00
2.501346099999999933e+04 5.094173431396484375e+00
2.501354400000000169e+04 5.446315288543701172e+00
2.501362700000000041e+04 5.506446838378906250e+00
2.501370999999999913e+04 5.511441230773925781e+00
2.501379300000000148e+04 5.511545181274414062e+00
2.501387600000000020e+04 5.506223678588867188e+00
2.501395899999999892e+04 5.429141521453857422e+00
2.501404200000000128e+04 5.354349613189697266e+00
2.501412500000000000e+04 5.280130386352539062e+00
2.501420799999999872e+04 5.209184646606445312e+00
2.501429100000000108e+04 5.144698143005371094e+00
2.501437399999999980e+04 5.083353519439697266e+00
2.501445699999999852e+04 5.098391532897949219e+00
2.501454000000000087e+04 5.447775840759277344e+00
2.501462299999999959e+04 5.509067058563232422e+00
2.501470599999999831e+04 5.512174129486083984e+00
2.501478900000000067e+04 5.512885570526123047e+00
2.501487199999999939e+04 5.508103847503662109e+00
2.501495500000000175e+04 5.433189392089843750e+00
2.501503800000000047e+04 5.359656333923339844e+00
2.501512099999999919e+04 5.282724857330322266e+00
2.501520400000000154e+04 5.208453178405761719e+00
2.501528700000000026e+04 5.146135330200195312e+00
2.501536999999999898e+04 5.085589885711669922e+00
2.501545300000000134e+04 5.100345134735107422e+00
2.501553600000000006e+04 5.450636386871337891e+00
2.501561899999999878e+04 5.507176399230957031e+00
2.501570200000000114e+04 5.512859821319580078e+00
2.501578499999999985e+04 5.514907836914062500e+00
2.501586799999999857e+04 5.510528564453125000e+00
2.501595100000000093e+04 5.433215618133544922e+00
2.501603399999999965e+04 5.357764720916748047e+00
2.501611699999999837e+04 5.282101154327392578e+00
2.501620000000000073e+04 5.214946269989013672e+00
2.501628299999999945e+04 5.147891521453857422e+00
2.501636600000000180e+04 5.093245506286621094e+00
2.501644900000000052e+04 5.102496623992919922e+00
2.501653199999999924e+04 5.451645374298095703e+00
2.501661500000000160e+04 5.512752532958984375e+00
2.501669800000000032e+04 5.517451763153076172e+00
2.501678099999999904e+04 5.521160125732421875e+00
2.501686400000000140e+04 5.518434524536132812e+00
2.501694700000000012e+04 5.443550586700439453e+00
2.501702999999999884e+04 5.368536472320556641e+00
2.501711300000000119e+04 5.293874263763427734e+00
2.501719599999999991e+04 5.227936744689941406e+00
2.501727899999999863e+04 5.156643390655517578e+00
2.501736200000000099e+04 5.093930244445800781e+00
2.501744499999999971e+04 5.110827922821044922e+00
2.501752799999999843e+04 5.440603256225585938e+00
2.501761100000000079e+04 5.513350009918212891e+00
2.501769399999999951e+04 5.522129058837890625e+00
2.501777699999999822e+04 5.523952960968017578e+00
2.501786000000000058e+04 5.520793437957763672e+00
2.501794299999999930e+04 5.442939281463623047e+00
2.501802600000000166e+04 5.368163585662841797e+00
2.501810900000000038e+04 5.291647434234619141e+00
2.501819199999999910e+04 5.224116325378417969e+00
2.501827500000000146e+04 5.158039093017578125e+00
2.501835800000000017e+04 5.093957424163818359e+00
2.501844099999999889e+04 5.071423530578613281e+00
2.501852400000000125e+04 5.384632587432861328e+00
2.501860699999999997e+04 5.512140750885009766e+00
2.501868999999999869e+04 5.523366451263427734e+00
2.501877300000000105e+04 5.526885986328125000e+00
2.501885599999999977e+04 5.523779392242431641e+00
2.501893899999999849e+04 5.446994304656982422e+00
2.501902200000000084e+04 5.368122577667236328e+00
2.501910499999999956e+04 5.299222946166992188e+00
2.501918799999999828e+04 5.225311279296875000e+00
2.501927100000000064e+04 5.164915084838867188e+00
2.501935399999999936e+04 5.096891880035400391e+00
2.501943700000000172e+04 5.074194908142089844e+00
2.501952000000000044e+04 5.388597011566162109e+00
2.501960299999999916e+04 5.514638423919677734e+00
2.501968600000000151e+04 5.525555133819580078e+00
2.501976900000000023e+04 5.527572631835937500e+00
2.501985199999999895e+04 5.527382373809814453e+00
2.501993500000000131e+04 5.448763370513916016e+00
