2.500009800000000178e+04 6.456053466796875000e+02
2.500018100000000049e+04 6.456146240234375000e+02
2.500026399999999921e+04 6.456253051757812500e+02
2.500034700000000157e+04 6.456360473632812500e+02
2.500043000000000029e+04 6.456444702148437500e+02
2.500051299999999901e+04 6.456362304687500000e+02
2.500059600000000137e+04 6.455797119140625000e+02
2.500067900000000009e+04 6.455443115234375000e+02
2.500076199999999881e+04 6.455499877929687500e+02
2.500084500000000116e+04 6.455573120117187500e+02
2.500092799999999988e+04 6.455640869140625000e+02
2.500101099999999860e+04 6.455725708007812500e+02
2.500109400000000096e+04 6.455811157226562500e+02
2.500117699999999968e+04 6.455901489257812500e+02
2.500125999999999840e+04 6.456007690429687500e+02
2.500134300000000076e+04 6.456119384765625000e+02
2.500142599999999948e+04 6.456203613281250000e+02
2.500150899999999820e+04 6.456143188476562500e+02
2.500159200000000055e+04 6.455620117187500000e+02
2.500167499999999927e+04 6.455270996093750000e+02
2.500175800000000163e+04 6.455336914062500000e+02
2.500184100000000035e+04 6.455421752929687500e+02
2.500192399999999907e+04 6.455498046875000000e+02
2.500200700000000143e+04 6.455582885742187500e+02
2.500209000000000015e+04 6.455667724609375000e+02
2.500217299999999886e+04 6.455757446289062500e+02
2.500225600000000122e+04 6.455863647460937500e+02
2.500233899999999994e+04 6.455976562500000000e+02
2.500242199999999866e+04 6.456060791015625000e+02
2.500250500000000102e+04 6.456001586914062500e+02
2.500258799999999974e+04 6.455478515625000000e+02
2.500267099999999846e+04 6.455130615234375000e+02
2.500275400000000081e+04 6.455194702148437500e+02
2.500283699999999953e+04 6.455278320312500000e+02
2.500291999999999825e+04 6.455354614257812500e+02
2.500300300000000061e+04 6.455438842773437500e+02
2.500308599999999933e+04 6.455524902343750000e+02
2.500316900000000169e+04 6.455614624023437500e+02
2.500325200000000041e+04 6.455719604492187500e+02
2.500333499999999913e+04 6.455831909179687500e+02
2.500341800000000148e+04 6.455916748046875000e+02
2.500350100000000020e+04 6.455855712890625000e+02
2.500358399999999892e+04 6.455332641601562500e+02
2.500366700000000128e+04 6.454985351562500000e+02
2.500375000000000000e+04 6.455050659179687500e+02
2.500383299999999872e+04 6.455132446289062500e+02
2.500391600000000108e+04 6.455206298828125000e+02
2.500399899999999980e+04 6.455291748046875000e+02
2.500408199999999852e+04 6.455377197265625000e+02
2.500416500000000087e+04 6.455466308593750000e+02
2.500424799999999959e+04 6.455572509765625000e+02
2.500433099999999831e+04 6.455685424804687500e+02
2.500441400000000067e+04 6.455770263671875000e+02
2.500449699999999939e+04 6.455709838867187500e+02
2.500458000000000175e+04 6.455184936523437500e+02
2.500466300000000047e+04 6.454783325195312500e+02
2.500474599999999919e+04 6.454736938476562500e+02
2.500482900000000154e+04 6.454800415039062500e+02
2.500491200000000026e+04 6.454864501953125000e+02
2.500499499999999898e+04 6.454941406250000000e+02
2.500507800000000134e+04 6.455025024414062500e+02
2.500516100000000006e+04 6.455113525390625000e+02
2.500524399999999878e+04 6.455214843750000000e+02
2.500532700000000114e+04 6.455324096679687500e+02
2.500540999999999985e+04 6.455413208007812500e+02
2.500549299999999857e+04 6.455381469726562500e+02
2.500557600000000093e+04 6.454936523437500000e+02
2.500565899999999965e+04 6.454539794921875000e+02
2.500574199999999837e+04 6.454522705078125000e+02
2.500582500000000073e+04 6.454606323242187500e+02
2.500590799999999945e+04 6.454682617187500000e+02
2.500599100000000180e+04 6.454765014648437500e+02
2.500607400000000052e+04 6.454848632812500000e+02
2.500615699999999924e+04 6.454937133789062500e+02
2.500624000000000160e+04 6.455038452148437500e+02
2.500632300000000032e+04 6.455147705078125000e+02
2.500640599999999904e+04 6.455234375000000000e+02
2.500648900000000140e+04 6.455201416015625000e+02
2.500657200000000012e+04 6.454755249023437500e+02
2.500665499999999884e+04 6.454357299804687500e+02
2.500673800000000119e+04 6.454339599609375000e+02
2.500682099999999991e+04 6.454423828125000000e+02
2.500690399999999863e+04 6.454501342773437500e+02
2.500698700000000099e+04 6.454583740234375000e+02
2.500706999999999971e+04 6.454667968750000000e+02
2.500715299999999843e+04 6.454754028320312500e+02
2.500723600000000079e+04 6.454854125976562500e+02
2.500731899999999951e+04 6.454964599609375000e+02
2.500740199999999822e+04 6.455053100585937500e+02
2.500748500000000058e+04 6.455018920898437500e+02
2.500756799999999930e+04 6.454573364257812500e+02
2.500765100000000166e+04 6.454175415039062500e+02
2.500773400000000038e+04 6.454157104492187500e+02
2.500781699999999910e+04 6.454240112304687500e+02
2.500790000000000146e+04 6.454316406250000000e+02
2.500798300000000017e+04 6.454398193359375000e+02
2.500806599999999889e+04 6.454481811523437500e+02
2.500814900000000125e+04 6.454567871093750000e+02
2.500823199999999997e+04 6.454669189453125000e+02
2.500831499999999869e+04 6.454778442382812500e+02
2.500839800000000105e+04 6.454866943359375000e+02
2.500848099999999977e+04 6.454833984375000000e+02
2.500856399999999849e+04 6.454386596679687500e+02
2.500864700000000084e+04 6.453940429687500000e+02
2.500872999999999956e+04 6.453840942382812500e+02
2.500881299999999828e+04 6.453921508789062500e+02
2.500889600000000064e+04 6.453999633789062500e+02
2.500897899999999936e+04 6.454079589843750000e+02
2.500906200000000172e+04 6.454163818359375000e+02
2.500914500000000044e+04 6.454251098632812500e+02
2.500922799999999916e+04 6.454349365234375000e+02
2.500931100000000151e+04 6.454458618164062500e+02
2.500939400000000023e+04 6.454552612304687500e+02
2.500947699999999895e+04 6.454549560546875000e+02
2.500956000000000131e+04 6.454218139648437500e+02
2.500964300000000003e+04 6.453771362304687500e+02
2.500972599999999875e+04 6.453669433593750000e+02
2.500980900000000111e+04 6.453748779296875000e+02
2.500989199999999983e+04 6.453827514648437500e+02
2.500997499999999854e+04 6.453907470703125000e+02
2.501005800000000090e+04 6.453991088867187500e+02
2.501014099999999962e+04 6.454077758789062500e+02
2.501022399999999834e+04 6.454176635742187500e+02
2.501030700000000070e+04 6.454285888671875000e+02
2.501038999999999942e+04 6.454381103515625000e+02
2.501047300000000178e+04 6.454378051757812500e+02
2.501055600000000049e+04 6.454047851562500000e+02
2.501063899999999921e+04 6.453597412109375000e+02
2.501072200000000157e+04 6.453497314453125000e+02
2.501080500000000029e+04 6.453576660156250000e+02
2.501088799999999901e+04 6.453655395507812500e+02
2.501097100000000137e+04 6.453736572265625000e+02
2.501105400000000009e+04 6.453821411132812500e+02
2.501113699999999881e+04 6.453906860351562500e+02
2.501122000000000116e+04 6.454004516601562500e+02
2.501130299999999988e+04 6.454113769531250000e+02
2.501138599999999860e+04 6.454208374023437500e+02
2.501146900000000096e+04 6.454204101562500000e+02
2.501155199999999968e+04 6.453872680664062500e+02
2.501163499999999840e+04 6.453425292968750000e+02
2.501171800000000076e+04 6.453324584960937500e+02
2.501180099999999948e+04 6.453405151367187500e+02
2.501188399999999820e+04 6.453483886718750000e+02
2.501196700000000055e+04 6.453565063476562500e+02
2.501204999999999927e+04 6.453648681640625000e+02
2.501213300000000163e+04 6.453735351562500000e+02
2.501221600000000035e+04 6.453834228515625000e+02
2.501229899999999907e+04 6.453942260742187500e+02
2.501238200000000143e+04 6.454036865234375000e+02
2.501246500000000015e+04 6.454033813476562500e+02
2.501254799999999886e+04 6.453703002929687500e+02
2.501263100000000122e+04 6.453255004882812500e+02
2.501271399999999994e+04 6.453071289062500000e+02
2.501279699999999866e+04 6.453142700195312500e+02
2.501288000000000102e+04 6.453223266601562500e+02
2.501296299999999974e+04 6.453303222656250000e+02
2.501304599999999846e+04 6.453387451171875000e+02
2.501312900000000081e+04 6.453474121093750000e+02
2.501321199999999953e+04 6.453573608398437500e+02
2.501329499999999825e+04 6.453681640625000000e+02
2.501337800000000061e+04 6.453781738281250000e+02
2.501346099999999933e+04 6.453807983398437500e+02
2.501354400000000169e+04 6.453589477539062500e+02
2.501362700000000041e+04 6.453092041015625000e+02
2.501370999999999913e+04 6.452905883789062500e+02
2.501379300000000148e+04 6.452980346679687500e+02
2.501387600000000020e+04 6.453062133789062500e+02
2.501395899999999892e+04 6.453142089843750000e+02
2.501404200000000128e+04 6.453226928710937500e+02
2.501412500000000000e+04 6.453314208984375000e+02
2.501420799999999872e+04 6.453410644531250000e+02
2.501429100000000108e+04 6.453519287109375000e+02
2.501437399999999980e+04 6.453621215820312500e+02
2.501445699999999852e+04 6.453646850585937500e+02
2.501454000000000087e+04 6.453425903320312500e+02
2.501462299999999959e+04 6.452929687500000000e+02
2.501470599999999831e+04 6.452746582031250000e+02
2.501478900000000067e+04 6.452819824218750000e+02
2.501487199999999939e+04 6.452898559570312500e+02
2.501495500000000175e+04 6.452979125976562500e+02
2.501503800000000047e+04 6.453063354492187500e+02
2.501512099999999919e+04 6.453150024414062500e+02
2.501520400000000154e+04 6.453246459960937500e+02
2.501528700000000026e+04 6.453353881835937500e+02
2.501536999999999898e+04 6.453454589843750000e+02
2.501545300000000134e+04 6.453480224609375000e+02
2.501553600000000006e+04 6.453259277343750000e+02
2.501561899999999878e+04 6.452762451171875000e+02
2.501570200000000114e+04 6.452577514648437500e+02
2.501578499999999985e+04 6.452652587890625000e+02
2.501586799999999857e+04 6.452733764648437500e+02
2.501595100000000093e+04 6.452813110351562500e+02
2.501603399999999965e+04 6.452898559570312500e+02
2.501611699999999837e+04 6.452982788085937500e+02
2.501620000000000073e+04 6.453078613281250000e+02
2.501628299999999945e+04 6.453187255859375000e+02
2.501636600000000180e+04 6.453288574218750000e+02
2.501644900000000052e+04 6.453314208984375000e+02
2.501653199999999924e+04 6.453092651367187500e+02
2.501661500000000160e+04 6.452595214843750000e+02
2.501669800000000032e+04 6.452328491210937500e+02
2.501678099999999904e+04 6.452399291992187500e+02
2.501686400000000140e+04 6.452482910156250000e+02
2.501694700000000012e+04 6.452561645507812500e+02
2.501702999999999884e+04 6.452646484375000000e+02
2.501711300000000119e+04 6.452732543945312500e+02
2.501719599999999991e+04 6.452828369140625000e+02
2.501727899999999863e+04 6.452935791015625000e+02
2.501736200000000099e+04 6.453037719726562500e+02
2.501744499999999971e+04 6.453092041015625000e+02
2.501752799999999843e+04 6.452977905273437500e+02
2.501761100000000079e+04 6.452431030273437500e+02
2.501769399999999951e+04 6.452163696289062500e+02
2.501777699999999822e+04 6.452231445312500000e+02
2.501786000000000058e+04 6.452313842773437500e+02
2.501794299999999930e+04 6.452391967773437500e+02
2.501802600000000166e+04 6.452476806640625000e+02
2.501810900000000038e+04 6.452562255859375000e+02
2.501819199999999910e+04 6.452655029296875000e+02
2.501827500000000146e+04 6.452761230468750000e+02
2.501835800000000017e+04 6.452868652343750000e+02
2.501844099999999889e+04 6.452924194335937500e+02
2.501852400000000125e+04 6.452814941406250000e+02
2.501860699999999997e+04 6.452268676757812500e+02
2.501868999999999869e+04 6.451994628906250000e+02
2.501877300000000105e+04 6.452056274414062500e+02
2.501885599999999977e+04 6.452128295898437500e+02
2.501893899999999849e+04 6.452199707031250000e+02
2.501902200000000084e+04 6.452280883789062500e+02
2.501910499999999956e+04 6.452367553710937500e+02
2.501918799999999828e+04 6.452460937500000000e+02
2.501927100000000064e+04 6.452568359375000000e+02
2.501935399999999936e+04 6.452675170898437500e+02
2.501943700000000172e+04 6.452731323242187500e+02
2.501952000000000044e+04 6.452622680664062500e+02
2.501960299999999916e+04 6.452075805664062500e+02
2.501968600000000151e+04 6.451809082031250000e+02
2.501976900000000023e+04 6.451870727539062500e+02
2.501985199999999895e+04 6.451944580078125000e+02
2.501993500000000131e+04 6.452014160156250000e+02
