2.500009800000000178e+04 6.469775390625000000e+02
2.500018100000000049e+04 6.469851074218750000e+02
2.500026399999999921e+04 6.469940795898437500e+02
2.500034700000000157e+04 6.470031127929687500e+02
2.500043000000000029e+04 6.470098876953125000e+02
2.500051299999999901e+04 6.470002441406250000e+02
2.500059600000000137e+04 6.469429931640625000e+02
2.500067900000000009e+04 6.469081420898437500e+02
2.500076199999999881e+04 6.469140625000000000e+02
2.500084500000000116e+04 6.469208374023437500e+02
2.500092799999999988e+04 6.469265136718750000e+02
2.500101099999999860e+04 6.469331054687500000e+02
2.500109400000000096e+04 6.469398193359375000e+02
2.500117699999999968e+04 6.469470214843750000e+02
2.500125999999999840e+04 6.469558715820312500e+02
2.500134300000000076e+04 6.469654541015625000e+02
2.500142599999999948e+04 6.469722900390625000e+02
2.500150899999999820e+04 6.469650268554687500e+02
2.500159200000000055e+04 6.469118652343750000e+02
2.500167499999999927e+04 6.468771972656250000e+02
2.500175800000000163e+04 6.468829956054687500e+02
2.500184100000000035e+04 6.468897094726562500e+02
2.500192399999999907e+04 6.468954467773437500e+02
2.500200700000000143e+04 6.469020385742187500e+02
2.500209000000000015e+04 6.469086914062500000e+02
2.500217299999999886e+04 6.469159545898437500e+02
2.500225600000000122e+04 6.469247436523437500e+02
2.500233899999999994e+04 6.469343261718750000e+02
2.500242199999999866e+04 6.469412231445312500e+02
2.500250500000000102e+04 6.469339599609375000e+02
2.500258799999999974e+04 6.468808593750000000e+02
2.500267099999999846e+04 6.468460693359375000e+02
2.500275400000000081e+04 6.468518066406250000e+02
2.500283699999999953e+04 6.468585815429687500e+02
2.500291999999999825e+04 6.468642578125000000e+02
2.500300300000000061e+04 6.468708496093750000e+02
2.500308599999999933e+04 6.468775634765625000e+02
2.500316900000000169e+04 6.468847656250000000e+02
2.500325200000000041e+04 6.468936157226562500e+02
2.500333499999999913e+04 6.469032592773437500e+02
2.500341800000000148e+04 6.469100952148437500e+02
2.500350100000000020e+04 6.469028320312500000e+02
2.500358399999999892e+04 6.468496093750000000e+02
2.500366700000000128e+04 6.468148193359375000e+02
2.500375000000000000e+04 6.468205566406250000e+02
2.500383299999999872e+04 6.468272705078125000e+02
2.500391600000000108e+04 6.468330078125000000e+02
2.500399899999999980e+04 6.468396606445312500e+02
2.500408199999999852e+04 6.468463134765625000e+02
2.500416500000000087e+04 6.468534545898437500e+02
2.500424799999999959e+04 6.468623046875000000e+02
2.500433099999999831e+04 6.468718872070312500e+02
2.500441400000000067e+04 6.468787231445312500e+02
2.500449699999999939e+04 6.468714599609375000e+02
2.500458000000000175e+04 6.468182373046875000e+02
2.500466300000000047e+04 6.467785644531250000e+02
2.500474599999999919e+04 6.467762451171875000e+02
2.500482900000000154e+04 6.467830810546875000e+02
2.500491200000000026e+04 6.467889404296875000e+02
2.500499499999999898e+04 6.467952270507812500e+02
2.500507800000000134e+04 6.468018798828125000e+02
2.500516100000000006e+04 6.468088989257812500e+02
2.500524399999999878e+04 6.468173217773437500e+02
2.500532700000000114e+04 6.468266601562500000e+02
2.500540999999999985e+04 6.468339233398437500e+02
2.500549299999999857e+04 6.468294067382812500e+02
2.500557600000000093e+04 6.467830810546875000e+02
2.500565899999999965e+04 6.467435302734375000e+02
2.500574199999999837e+04 6.467412109375000000e+02
2.500582500000000073e+04 6.467479858398437500e+02
2.500590799999999945e+04 6.467538452148437500e+02
2.500599100000000180e+04 6.467601928710937500e+02
2.500607400000000052e+04 6.467667846679687500e+02
2.500615699999999924e+04 6.467738037109375000e+02
2.500624000000000160e+04 6.467822265625000000e+02
2.500632300000000032e+04 6.467915649414062500e+02
2.500640599999999904e+04 6.467988281250000000e+02
2.500648900000000140e+04 6.467942504882812500e+02
2.500657200000000012e+04 6.467480468750000000e+02
2.500665499999999884e+04 6.467084350585937500e+02
2.500673800000000119e+04 6.467061157226562500e+02
2.500682099999999991e+04 6.467128906250000000e+02
2.500690399999999863e+04 6.467187500000000000e+02
2.500698700000000099e+04 6.467250976562500000e+02
2.500706999999999971e+04 6.467316894531250000e+02
2.500715299999999843e+04 6.467387084960937500e+02
2.500723600000000079e+04 6.467471923828125000e+02
2.500731899999999951e+04 6.467565307617187500e+02
2.500740199999999822e+04 6.467638549804687500e+02
2.500748500000000058e+04 6.467593383789062500e+02
2.500756799999999930e+04 6.467130126953125000e+02
2.500765100000000166e+04 6.466734008789062500e+02
2.500773400000000038e+04 6.466709594726562500e+02
2.500781699999999910e+04 6.466777954101562500e+02
2.500790000000000146e+04 6.466836547851562500e+02
2.500798300000000017e+04 6.466900024414062500e+02
2.500806599999999889e+04 6.466965942382812500e+02
2.500814900000000125e+04 6.467034912109375000e+02
2.500823199999999997e+04 6.467119750976562500e+02
2.500831499999999869e+04 6.467213134765625000e+02
2.500839800000000105e+04 6.467286376953125000e+02
2.500848099999999977e+04 6.467240600585937500e+02
2.500856399999999849e+04 6.466775512695312500e+02
2.500864700000000084e+04 6.466330566406250000e+02
2.500872999999999956e+04 6.466227416992187500e+02
2.500881299999999828e+04 6.466289672851562500e+02
2.500889600000000064e+04 6.466350097656250000e+02
2.500897899999999936e+04 6.466412353515625000e+02
2.500906200000000172e+04 6.466478271484375000e+02
2.500914500000000044e+04 6.466547851562500000e+02
2.500922799999999916e+04 6.466629638671875000e+02
2.500931100000000151e+04 6.466721191406250000e+02
2.500939400000000023e+04 6.466799316406250000e+02
2.500947699999999895e+04 6.466782836914062500e+02
2.500956000000000131e+04 6.466435546875000000e+02
2.500964300000000003e+04 6.465985717773437500e+02
2.500972599999999875e+04 6.465881958007812500e+02
2.500980900000000111e+04 6.465945434570312500e+02
2.500989199999999983e+04 6.466006469726562500e+02
2.500997499999999854e+04 6.466068115234375000e+02
2.501005800000000090e+04 6.466134643554687500e+02
2.501014099999999962e+04 6.466204223632812500e+02
2.501022399999999834e+04 6.466286010742187500e+02
2.501030700000000070e+04 6.466378173828125000e+02
2.501038999999999942e+04 6.466456909179687500e+02
2.501047300000000178e+04 6.466440429687500000e+02
2.501055600000000049e+04 6.466091308593750000e+02
2.501063899999999921e+04 6.465642700195312500e+02
2.501072200000000157e+04 6.465538940429687500e+02
2.501080500000000029e+04 6.465601806640625000e+02
2.501088799999999901e+04 6.465662231445312500e+02
2.501097100000000137e+04 6.465724487304687500e+02
2.501105400000000009e+04 6.465790405273437500e+02
2.501113699999999881e+04 6.465859985351562500e+02
2.501122000000000116e+04 6.465941772460937500e+02
2.501130299999999988e+04 6.466033935546875000e+02
2.501138599999999860e+04 6.466112060546875000e+02
2.501146900000000096e+04 6.466094970703125000e+02
2.501155199999999968e+04 6.465747070312500000e+02
2.501163499999999840e+04 6.465298461914062500e+02
2.501171800000000076e+04 6.465194091796875000e+02
2.501180099999999948e+04 6.465256958007812500e+02
2.501188399999999820e+04 6.465317382812500000e+02
2.501196700000000055e+04 6.465378417968750000e+02
2.501204999999999927e+04 6.465444335937500000e+02
2.501213300000000163e+04 6.465512695312500000e+02
2.501221600000000035e+04 6.465594482421875000e+02
2.501229899999999907e+04 6.465686645507812500e+02
2.501238200000000143e+04 6.465765380859375000e+02
2.501246500000000015e+04 6.465748291015625000e+02
2.501254799999999886e+04 6.465399169921875000e+02
2.501263100000000122e+04 6.464950561523437500e+02
2.501271399999999994e+04 6.464762573242187500e+02
2.501279699999999866e+04 6.464829101562500000e+02
2.501288000000000102e+04 6.464892578125000000e+02
2.501296299999999974e+04 6.464953613281250000e+02
2.501304599999999846e+04 6.465019531250000000e+02
2.501312900000000081e+04 6.465089111328125000e+02
2.501321199999999953e+04 6.465170898437500000e+02
2.501329499999999825e+04 6.465261230468750000e+02
2.501337800000000061e+04 6.465346069335937500e+02
2.501346099999999933e+04 6.465357666015625000e+02
2.501354400000000169e+04 6.465122680664062500e+02
2.501362700000000041e+04 6.464619750976562500e+02
2.501370999999999913e+04 6.464433593750000000e+02
2.501379300000000148e+04 6.464498901367187500e+02
2.501387600000000020e+04 6.464561767578125000e+02
2.501395899999999892e+04 6.464622192382812500e+02
2.501404200000000128e+04 6.464688720703125000e+02
2.501412500000000000e+04 6.464757690429687500e+02
2.501420799999999872e+04 6.464836425781250000e+02
2.501429100000000108e+04 6.464927368164062500e+02
2.501437399999999980e+04 6.465012207031250000e+02
2.501445699999999852e+04 6.465023803710937500e+02
2.501454000000000087e+04 6.464786987304687500e+02
2.501462299999999959e+04 6.464282836914062500e+02
2.501470599999999831e+04 6.464096069335937500e+02
2.501478900000000067e+04 6.464160766601562500e+02
2.501487199999999939e+04 6.464224243164062500e+02
2.501495500000000175e+04 6.464284667968750000e+02
2.501503800000000047e+04 6.464350585937500000e+02
2.501512099999999919e+04 6.464418945312500000e+02
2.501520400000000154e+04 6.464497680664062500e+02
2.501528700000000026e+04 6.464588623046875000e+02
2.501536999999999898e+04 6.464673461914062500e+02
2.501545300000000134e+04 6.464684448242187500e+02
2.501553600000000006e+04 6.464447021484375000e+02
2.501561899999999878e+04 6.463942871093750000e+02
2.501570200000000114e+04 6.463756713867187500e+02
2.501578499999999985e+04 6.463822021484375000e+02
2.501586799999999857e+04 6.463885498046875000e+02
2.501595100000000093e+04 6.463946533203125000e+02
2.501603399999999965e+04 6.464013061523437500e+02
2.501611699999999837e+04 6.464080810546875000e+02
2.501620000000000073e+04 6.464159545898437500e+02
2.501628299999999945e+04 6.464251098632812500e+02
2.501636600000000180e+04 6.464335937500000000e+02
2.501644900000000052e+04 6.464347534179687500e+02
2.501653199999999924e+04 6.464108886718750000e+02
2.501661500000000160e+04 6.463605346679687500e+02
2.501669800000000032e+04 6.463336181640625000e+02
2.501678099999999904e+04 6.463398437500000000e+02
2.501686400000000140e+04 6.463463745117187500e+02
2.501694700000000012e+04 6.463522949218750000e+02
2.501702999999999884e+04 6.463589477539062500e+02
2.501711300000000119e+04 6.463657836914062500e+02
2.501719599999999991e+04 6.463737182617187500e+02
2.501727899999999863e+04 6.463826904296875000e+02
2.501736200000000099e+04 6.463911743164062500e+02
2.501744499999999971e+04 6.463950805664062500e+02
2.501752799999999843e+04 6.463822021484375000e+02
2.501761100000000079e+04 6.463268432617187500e+02
2.501769399999999951e+04 6.462999877929687500e+02
2.501777699999999822e+04 6.463060913085937500e+02
2.501786000000000058e+04 6.463127441406250000e+02
2.501794299999999930e+04 6.463186035156250000e+02
2.501802600000000166e+04 6.463252563476562500e+02
2.501810900000000038e+04 6.463320922851562500e+02
2.501819199999999910e+04 6.463396606445312500e+02
2.501827500000000146e+04 6.463486938476562500e+02
2.501835800000000017e+04 6.463577270507812500e+02
2.501844099999999889e+04 6.463616943359375000e+02
2.501852400000000125e+04 6.463494873046875000e+02
2.501860699999999997e+04 6.462941894531250000e+02
2.501868999999999869e+04 6.462672119140625000e+02
2.501877300000000105e+04 6.462733764648437500e+02
2.501885599999999977e+04 6.462799682617187500e+02
2.501893899999999849e+04 6.462858886718750000e+02
2.501902200000000084e+04 6.462924804687500000e+02
2.501910499999999956e+04 6.462993164062500000e+02
2.501918799999999828e+04 6.463068847656250000e+02
2.501927100000000064e+04 6.463159179687500000e+02
2.501935399999999936e+04 6.463250122070312500e+02
2.501943700000000172e+04 6.463289794921875000e+02
2.501952000000000044e+04 6.463167114257812500e+02
2.501960299999999916e+04 6.462613525390625000e+02
2.501968600000000151e+04 6.462344360351562500e+02
2.501976900000000023e+04 6.462406005859375000e+02
2.501985199999999895e+04 6.462471313476562500e+02
2.501993500000000131e+04 6.462529907226562500e+02
