2.500009800000000178e+04 7.175577392578125000e+02
2.500018100000000049e+04 7.175670776367187500e+02
2.500026399999999921e+04 7.175777587890625000e+02
2.500034700000000157e+04 7.175884399414062500e+02
2.500043000000000029e+04 7.175968627929687500e+02
2.500051299999999901e+04 7.175886230468750000e+02
2.500059600000000137e+04 7.175321044921875000e+02
2.500067900000000009e+04 7.174967041015625000e+02
2.500076199999999881e+04 7.175024414062500000e+02
2.500084500000000116e+04 7.175097656250000000e+02
2.500092799999999988e+04 7.175165405273437500e+02
2.500101099999999860e+04 7.175250244140625000e+02
2.500109400000000096e+04 7.175335693359375000e+02
2.500117699999999968e+04 7.175426025390625000e+02
2.500125999999999840e+04 7.175532226562500000e+02
2.500134300000000076e+04 7.175643920898437500e+02
2.500142599999999948e+04 7.175727539062500000e+02
2.500150899999999820e+04 7.175667724609375000e+02
2.500159200000000055e+04 7.175144653320312500e+02
2.500167499999999927e+04 7.174795532226562500e+02
2.500175800000000163e+04 7.174861450195312500e+02
2.500184100000000035e+04 7.174946289062500000e+02
2.500192399999999907e+04 7.175022583007812500e+02
2.500200700000000143e+04 7.175106811523437500e+02
2.500209000000000015e+04 7.175192260742187500e+02
2.500217299999999886e+04 7.175281982421875000e+02
2.500225600000000122e+04 7.175388183593750000e+02
2.500233899999999994e+04 7.175500488281250000e+02
2.500242199999999866e+04 7.175585327148437500e+02
2.500250500000000102e+04 7.175526123046875000e+02
2.500258799999999974e+04 7.175003051757812500e+02
2.500267099999999846e+04 7.174654541015625000e+02
2.500275400000000081e+04 7.174718627929687500e+02
2.500283699999999953e+04 7.174802246093750000e+02
2.500291999999999825e+04 7.174878540039062500e+02
2.500300300000000061e+04 7.174963378906250000e+02
2.500308599999999933e+04 7.175048828125000000e+02
2.500316900000000169e+04 7.175139160156250000e+02
2.500325200000000041e+04 7.175244140625000000e+02
2.500333499999999913e+04 7.175355834960937500e+02
2.500341800000000148e+04 7.175440673828125000e+02
2.500350100000000020e+04 7.175379638671875000e+02
2.500358399999999892e+04 7.174857177734375000e+02
2.500366700000000128e+04 7.174509887695312500e+02
2.500375000000000000e+04 7.174575195312500000e+02
2.500383299999999872e+04 7.174656982421875000e+02
2.500391600000000108e+04 7.174730834960937500e+02
2.500399899999999980e+04 7.174816284179687500e+02
2.500408199999999852e+04 7.174901733398437500e+02
2.500416500000000087e+04 7.174990844726562500e+02
2.500424799999999959e+04 7.175096435546875000e+02
2.500433099999999831e+04 7.175209350585937500e+02
2.500441400000000067e+04 7.175294189453125000e+02
2.500449699999999939e+04 7.175234375000000000e+02
2.500458000000000175e+04 7.174709472656250000e+02
2.500466300000000047e+04 7.174307861328125000e+02
2.500474599999999919e+04 7.174260864257812500e+02
2.500482900000000154e+04 7.174324951171875000e+02
2.500491200000000026e+04 7.174389038085937500e+02
2.500499499999999898e+04 7.174465942382812500e+02
2.500507800000000134e+04 7.174549560546875000e+02
2.500516100000000006e+04 7.174637451171875000e+02
2.500524399999999878e+04 7.174738769531250000e+02
2.500532700000000114e+04 7.174848632812500000e+02
2.500540999999999985e+04 7.174937744140625000e+02
2.500549299999999857e+04 7.174906005859375000e+02
2.500557600000000093e+04 7.174460449218750000e+02
2.500565899999999965e+04 7.174064331054687500e+02
2.500574199999999837e+04 7.174046630859375000e+02
2.500582500000000073e+04 7.174130859375000000e+02
2.500590799999999945e+04 7.174207153320312500e+02
2.500599100000000180e+04 7.174288940429687500e+02
2.500607400000000052e+04 7.174373168945312500e+02
2.500615699999999924e+04 7.174461669921875000e+02
2.500624000000000160e+04 7.174562377929687500e+02
2.500632300000000032e+04 7.174672241210937500e+02
2.500640599999999904e+04 7.174758911132812500e+02
2.500648900000000140e+04 7.174725341796875000e+02
2.500657200000000012e+04 7.174279174804687500e+02
2.500665499999999884e+04 7.173881835937500000e+02
2.500673800000000119e+04 7.173863525390625000e+02
2.500682099999999991e+04 7.173948364257812500e+02
2.500690399999999863e+04 7.174025268554687500e+02
2.500698700000000099e+04 7.174108276367187500e+02
2.500706999999999971e+04 7.174192504882812500e+02
2.500715299999999843e+04 7.174278564453125000e+02
2.500723600000000079e+04 7.174378662109375000e+02
2.500731899999999951e+04 7.174488525390625000e+02
2.500740199999999822e+04 7.174577026367187500e+02
2.500748500000000058e+04 7.174543457031250000e+02
2.500756799999999930e+04 7.174097900390625000e+02
2.500765100000000166e+04 7.173699951171875000e+02
2.500773400000000038e+04 7.173681640625000000e+02
2.500781699999999910e+04 7.173764648437500000e+02
2.500790000000000146e+04 7.173840332031250000e+02
2.500798300000000017e+04 7.173922729492187500e+02
2.500806599999999889e+04 7.174006347656250000e+02
2.500814900000000125e+04 7.174092407226562500e+02
2.500823199999999997e+04 7.174193725585937500e+02
2.500831499999999869e+04 7.174302978515625000e+02
2.500839800000000105e+04 7.174391479492187500e+02
2.500848099999999977e+04 7.174357910156250000e+02
2.500856399999999849e+04 7.173911132812500000e+02
2.500864700000000084e+04 7.173464965820312500e+02
2.500872999999999956e+04 7.173365478515625000e+02
2.500881299999999828e+04 7.173445434570312500e+02
2.500889600000000064e+04 7.173524169921875000e+02
2.500897899999999936e+04 7.173604125976562500e+02
2.500906200000000172e+04 7.173688354492187500e+02
2.500914500000000044e+04 7.173775024414062500e+02
2.500922799999999916e+04 7.173873901367187500e+02
2.500931100000000151e+04 7.173982543945312500e+02
2.500939400000000023e+04 7.174076538085937500e+02
2.500947699999999895e+04 7.174073486328125000e+02
2.500956000000000131e+04 7.173742675781250000e+02
2.500964300000000003e+04 7.173295898437500000e+02
2.500972599999999875e+04 7.173193359375000000e+02
2.500980900000000111e+04 7.173272705078125000e+02
2.500989199999999983e+04 7.173352050781250000e+02
2.500997499999999854e+04 7.173431396484375000e+02
2.501005800000000090e+04 7.174056396484375000e+02
2.501014099999999962e+04 7.174143066406250000e+02
2.501022399999999834e+04 7.174241943359375000e+02
2.501030700000000070e+04 7.174350585937500000e+02
2.501038999999999942e+04 7.174445800781250000e+02
2.501047300000000178e+04 7.174443359375000000e+02
2.501055600000000049e+04 7.174113159179687500e+02
2.501063899999999921e+04 7.173662719726562500e+02
2.501072200000000157e+04 7.173562622070312500e+02
2.501080500000000029e+04 7.173641967773437500e+02
2.501088799999999901e+04 7.173720703125000000e+02
2.501097100000000137e+04 7.173801269531250000e+02
2.501105400000000009e+04 7.173886108398437500e+02
2.501113699999999881e+04 7.173972167968750000e+02
2.501122000000000116e+04 7.174069213867187500e+02
2.501130299999999988e+04 7.174178466796875000e+02
2.501138599999999860e+04 7.174273071289062500e+02
2.501146900000000096e+04 7.174269409179687500e+02
2.501155199999999968e+04 7.173937988281250000e+02
2.501163499999999840e+04 7.173490600585937500e+02
2.501171800000000076e+04 7.173389892578125000e+02
2.501180099999999948e+04 7.173469848632812500e+02
2.501188399999999820e+04 7.173549194335937500e+02
2.501196700000000055e+04 7.173630371093750000e+02
2.501204999999999927e+04 7.173713989257812500e+02
2.501213300000000163e+04 7.173800048828125000e+02
2.501221600000000035e+04 7.173898925781250000e+02
2.501229899999999907e+04 7.174007568359375000e+02
2.501238200000000143e+04 7.174102172851562500e+02
2.501246500000000015e+04 7.174099121093750000e+02
2.501254799999999886e+04 7.173767700195312500e+02
2.501263100000000122e+04 7.173319702148437500e+02
2.501271399999999994e+04 7.173136596679687500e+02
2.501279699999999866e+04 7.173208007812500000e+02
2.501288000000000102e+04 7.173288574218750000e+02
2.501296299999999974e+04 7.173368530273437500e+02
2.501304599999999846e+04 7.173452758789062500e+02
2.501312900000000081e+04 7.173539428710937500e+02
2.501321199999999953e+04 7.173638305664062500e+02
2.501329499999999825e+04 7.173746948242187500e+02
2.501337800000000061e+04 7.173847045898437500e+02
2.501346099999999933e+04 7.173872680664062500e+02
2.501354400000000169e+04 7.173654174804687500e+02
2.501362700000000041e+04 7.173157348632812500e+02
2.501370999999999913e+04 7.172970581054687500e+02
2.501379300000000148e+04 7.173045043945312500e+02
2.501387600000000020e+04 7.173126831054687500e+02
2.501395899999999892e+04 7.173207397460937500e+02
2.501404200000000128e+04 7.173292236328125000e+02
2.501412500000000000e+04 7.173379516601562500e+02
2.501420799999999872e+04 7.173475952148437500e+02
2.501429100000000108e+04 7.173584594726562500e+02
2.501437399999999980e+04 7.173685913085937500e+02
2.501445699999999852e+04 7.173711547851562500e+02
2.501454000000000087e+04 7.173491210937500000e+02
2.501462299999999959e+04 7.172994995117187500e+02
2.501470599999999831e+04 7.172811889648437500e+02
2.501478900000000067e+04 7.172885131835937500e+02
2.501487199999999939e+04 7.172963867187500000e+02
2.501495500000000175e+04 7.173043823242187500e+02
2.501503800000000047e+04 7.173128051757812500e+02
2.501512099999999919e+04 7.173215332031250000e+02
2.501520400000000154e+04 7.173311157226562500e+02
2.501528700000000026e+04 7.173419189453125000e+02
2.501536999999999898e+04 7.173519287109375000e+02
2.501545300000000134e+04 7.173544921875000000e+02
2.501553600000000006e+04 7.173324584960937500e+02
2.501561899999999878e+04 7.172827148437500000e+02
2.501570200000000114e+04 7.172642822265625000e+02
2.501578499999999985e+04 7.172717895507812500e+02
2.501586799999999857e+04 7.172799072265625000e+02
2.501595100000000093e+04 7.172878417968750000e+02
2.501603399999999965e+04 7.172963256835937500e+02
2.501611699999999837e+04 7.173048095703125000e+02
2.501620000000000073e+04 7.173143920898437500e+02
2.501628299999999945e+04 7.173252563476562500e+02
2.501636600000000180e+04 7.173353881835937500e+02
2.501644900000000052e+04 7.173379516601562500e+02
2.501653199999999924e+04 7.173157958984375000e+02
2.501661500000000160e+04 7.172660522460937500e+02
2.501669800000000032e+04 7.172393188476562500e+02
2.501678099999999904e+04 7.172464599609375000e+02
2.501686400000000140e+04 7.172548217773437500e+02
2.501694700000000012e+04 7.172626953125000000e+02
2.501702999999999884e+04 7.172711791992187500e+02
2.501711300000000119e+04 7.172797851562500000e+02
2.501719599999999991e+04 7.172893676757812500e+02
2.501727899999999863e+04 7.173001098632812500e+02
2.501736200000000099e+04 7.173103027343750000e+02
2.501744499999999971e+04 7.173157348632812500e+02
2.501752799999999843e+04 7.173043212890625000e+02
2.501761100000000079e+04 7.172496337890625000e+02
2.501769399999999951e+04 7.172229003906250000e+02
2.501777699999999822e+04 7.172296142578125000e+02
2.501786000000000058e+04 7.172378540039062500e+02
2.501794299999999930e+04 7.172456665039062500e+02
2.501802600000000166e+04 7.172541503906250000e+02
2.501810900000000038e+04 7.172627563476562500e+02
2.501819199999999910e+04 7.172720336914062500e+02
2.501827500000000146e+04 7.172825927734375000e+02
2.501835800000000017e+04 7.172933959960937500e+02
2.501844099999999889e+04 7.172989501953125000e+02
2.501852400000000125e+04 7.172879638671875000e+02
2.501860699999999997e+04 7.172333984375000000e+02
2.501868999999999869e+04 7.172059936523437500e+02
2.501877300000000105e+04 7.172121582031250000e+02
2.501885599999999977e+04 7.172193603515625000e+02
2.501893899999999849e+04 7.172265014648437500e+02
2.501902200000000084e+04 7.172346191406250000e+02
2.501910499999999956e+04 7.172432861328125000e+02
2.501918799999999828e+04 7.172526245117187500e+02
2.501927100000000064e+04 7.172633666992187500e+02
2.501935399999999936e+04 7.172740478515625000e+02
2.501943700000000172e+04 7.172796020507812500e+02
2.501952000000000044e+04 7.172687988281250000e+02
2.501960299999999916e+04 7.172141113281250000e+02
2.501968600000000151e+04 7.171873779296875000e+02
2.501976900000000023e+04 7.171936035156250000e+02
2.501985199999999895e+04 7.172009277343750000e+02
2.501993500000000131e+04 7.172078857421875000e+02
