2.500009800000000178e+04 7.185378417968750000e+02
2.500018100000000049e+04 7.185454101562500000e+02
2.500026399999999921e+04 7.185543823242187500e+02
2.500034700000000157e+04 7.185634155273437500e+02
2.500043000000000029e+04 7.185701904296875000e+02
2.500051299999999901e+04 7.185605468750000000e+02
2.500059600000000137e+04 7.185032958984375000e+02
2.500067900000000009e+04 7.184684448242187500e+02
2.500076199999999881e+04 7.184743652343750000e+02
2.500084500000000116e+04 7.184811401367187500e+02
2.500092799999999988e+04 7.184868164062500000e+02
2.500101099999999860e+04 7.184934082031250000e+02
2.500109400000000096e+04 7.185001220703125000e+02
2.500117699999999968e+04 7.185073242187500000e+02
2.500125999999999840e+04 7.185161743164062500e+02
2.500134300000000076e+04 7.185257568359375000e+02
2.500142599999999948e+04 7.185325927734375000e+02
2.500150899999999820e+04 7.185253295898437500e+02
2.500159200000000055e+04 7.184721679687500000e+02
2.500167499999999927e+04 7.184375000000000000e+02
2.500175800000000163e+04 7.184432983398437500e+02
2.500184100000000035e+04 7.184500122070312500e+02
2.500192399999999907e+04 7.184557495117187500e+02
2.500200700000000143e+04 7.184623413085937500e+02
2.500209000000000015e+04 7.184689941406250000e+02
2.500217299999999886e+04 7.184762573242187500e+02
2.500225600000000122e+04 7.184850463867187500e+02
2.500233899999999994e+04 7.184946289062500000e+02
2.500242199999999866e+04 7.185015258789062500e+02
2.500250500000000102e+04 7.184942626953125000e+02
2.500258799999999974e+04 7.184411621093750000e+02
2.500267099999999846e+04 7.184063720703125000e+02
2.500275400000000081e+04 7.184121093750000000e+02
2.500283699999999953e+04 7.184188842773437500e+02
2.500291999999999825e+04 7.184245605468750000e+02
2.500300300000000061e+04 7.184311523437500000e+02
2.500308599999999933e+04 7.184378662109375000e+02
2.500316900000000169e+04 7.184450683593750000e+02
2.500325200000000041e+04 7.184539184570312500e+02
2.500333499999999913e+04 7.184635620117187500e+02
2.500341800000000148e+04 7.184703979492187500e+02
2.500350100000000020e+04 7.184631347656250000e+02
2.500358399999999892e+04 7.184099121093750000e+02
2.500366700000000128e+04 7.183751220703125000e+02
2.500375000000000000e+04 7.183808593750000000e+02
2.500383299999999872e+04 7.183875732421875000e+02
2.500391600000000108e+04 7.183933105468750000e+02
2.500399899999999980e+04 7.183999633789062500e+02
2.500408199999999852e+04 7.184066162109375000e+02
2.500416500000000087e+04 7.184137573242187500e+02
2.500424799999999959e+04 7.184226074218750000e+02
2.500433099999999831e+04 7.184321899414062500e+02
2.500441400000000067e+04 7.184390258789062500e+02
2.500449699999999939e+04 7.184317626953125000e+02
2.500458000000000175e+04 7.183785400390625000e+02
2.500466300000000047e+04 7.183388671875000000e+02
2.500474599999999919e+04 7.183365478515625000e+02
2.500482900000000154e+04 7.183433837890625000e+02
2.500491200000000026e+04 7.183492431640625000e+02
2.500499499999999898e+04 7.183555297851562500e+02
2.500507800000000134e+04 7.183621826171875000e+02
2.500516100000000006e+04 7.183692016601562500e+02
2.500524399999999878e+04 7.183776245117187500e+02
2.500532700000000114e+04 7.183869628906250000e+02
2.500540999999999985e+04 7.183942260742187500e+02
2.500549299999999857e+04 7.183897094726562500e+02
2.500557600000000093e+04 7.183433837890625000e+02
2.500565899999999965e+04 7.183038330078125000e+02
2.500574199999999837e+04 7.183015136718750000e+02
2.500582500000000073e+04 7.183082885742187500e+02
2.500590799999999945e+04 7.183141479492187500e+02
2.500599100000000180e+04 7.183204956054687500e+02
2.500607400000000052e+04 7.183270874023437500e+02
2.500615699999999924e+04 7.183341064453125000e+02
2.500624000000000160e+04 7.183425292968750000e+02
2.500632300000000032e+04 7.183518676757812500e+02
2.500640599999999904e+04 7.183591308593750000e+02
2.500648900000000140e+04 7.183545532226562500e+02
2.500657200000000012e+04 7.183083496093750000e+02
2.500665499999999884e+04 7.182687377929687500e+02
2.500673800000000119e+04 7.182664184570312500e+02
2.500682099999999991e+04 7.182731933593750000e+02
2.500690399999999863e+04 7.182790527343750000e+02
2.500698700000000099e+04 7.182854003906250000e+02
2.500706999999999971e+04 7.182919921875000000e+02
2.500715299999999843e+04 7.182990112304687500e+02
2.500723600000000079e+04 7.183074951171875000e+02
2.500731899999999951e+04 7.183168334960937500e+02
2.500740199999999822e+04 7.183241577148437500e+02
2.500748500000000058e+04 7.183196411132812500e+02
2.500756799999999930e+04 7.182733154296875000e+02
2.500765100000000166e+04 7.182337036132812500e+02
2.500773400000000038e+04 7.182312622070312500e+02
2.500781699999999910e+04 7.182380981445312500e+02
2.500790000000000146e+04 7.182439575195312500e+02
2.500798300000000017e+04 7.182503051757812500e+02
2.500806599999999889e+04 7.182568969726562500e+02
2.500814900000000125e+04 7.182637939453125000e+02
2.500823199999999997e+04 7.182722778320312500e+02
2.500831499999999869e+04 7.182816162109375000e+02
2.500839800000000105e+04 7.182889404296875000e+02
2.500848099999999977e+04 7.182843627929687500e+02
2.500856399999999849e+04 7.182378540039062500e+02
2.500864700000000084e+04 7.181933593750000000e+02
2.500872999999999956e+04 7.181830444335937500e+02
2.500881299999999828e+04 7.181892700195312500e+02
2.500889600000000064e+04 7.181953125000000000e+02
2.500897899999999936e+04 7.182015380859375000e+02
2.500906200000000172e+04 7.182081298828125000e+02
2.500914500000000044e+04 7.182150878906250000e+02
2.500922799999999916e+04 7.182232666015625000e+02
2.500931100000000151e+04 7.182324218750000000e+02
2.500939400000000023e+04 7.182402343750000000e+02
2.500947699999999895e+04 7.182385864257812500e+02
2.500956000000000131e+04 7.182038574218750000e+02
2.500964300000000003e+04 7.181588745117187500e+02
2.500972599999999875e+04 7.181484985351562500e+02
2.500980900000000111e+04 7.181548461914062500e+02
2.500989199999999983e+04 7.181609497070312500e+02
2.500997499999999854e+04 7.181671142578125000e+02
2.501005800000000090e+04 7.182719726562500000e+02
2.501014099999999962e+04 7.182789306640625000e+02
2.501022399999999834e+04 7.182871093750000000e+02
2.501030700000000070e+04 7.182963256835937500e+02
2.501038999999999942e+04 7.183041992187500000e+02
2.501047300000000178e+04 7.183025512695312500e+02
2.501055600000000049e+04 7.182676391601562500e+02
2.501063899999999921e+04 7.182227783203125000e+02
2.501072200000000157e+04 7.182124023437500000e+02
2.501080500000000029e+04 7.182186889648437500e+02
2.501088799999999901e+04 7.182247924804687500e+02
2.501097100000000137e+04 7.182309570312500000e+02
2.501105400000000009e+04 7.182375488281250000e+02
2.501113699999999881e+04 7.182445678710937500e+02
2.501122000000000116e+04 7.182526855468750000e+02
2.501130299999999988e+04 7.182619018554687500e+02
2.501138599999999860e+04 7.182697143554687500e+02
2.501146900000000096e+04 7.182680053710937500e+02
2.501155199999999968e+04 7.182332153320312500e+02
2.501163499999999840e+04 7.181883544921875000e+02
2.501171800000000076e+04 7.181779174804687500e+02
2.501180099999999948e+04 7.181842041015625000e+02
2.501188399999999820e+04 7.181902465820312500e+02
2.501196700000000055e+04 7.181963500976562500e+02
2.501204999999999927e+04 7.182029418945312500e+02
2.501213300000000163e+04 7.182097778320312500e+02
2.501221600000000035e+04 7.182179565429687500e+02
2.501229899999999907e+04 7.182271728515625000e+02
2.501238200000000143e+04 7.182350463867187500e+02
2.501246500000000015e+04 7.182333984375000000e+02
2.501254799999999886e+04 7.181984252929687500e+02
2.501263100000000122e+04 7.181535644531250000e+02
2.501271399999999994e+04 7.181347656250000000e+02
2.501279699999999866e+04 7.181414184570312500e+02
2.501288000000000102e+04 7.181477661132812500e+02
2.501296299999999974e+04 7.181538696289062500e+02
2.501304599999999846e+04 7.181604614257812500e+02
2.501312900000000081e+04 7.181674194335937500e+02
2.501321199999999953e+04 7.181755981445312500e+02
2.501329499999999825e+04 7.181846313476562500e+02
2.501337800000000061e+04 7.181931152343750000e+02
2.501346099999999933e+04 7.181942749023437500e+02
2.501354400000000169e+04 7.181707763671875000e+02
2.501362700000000041e+04 7.181204833984375000e+02
2.501370999999999913e+04 7.181018676757812500e+02
2.501379300000000148e+04 7.181083984375000000e+02
2.501387600000000020e+04 7.181146850585937500e+02
2.501395899999999892e+04 7.181207885742187500e+02
2.501404200000000128e+04 7.181273803710937500e+02
2.501412500000000000e+04 7.181342773437500000e+02
2.501420799999999872e+04 7.181421508789062500e+02
2.501429100000000108e+04 7.181512451171875000e+02
2.501437399999999980e+04 7.181597290039062500e+02
2.501445699999999852e+04 7.181609497070312500e+02
2.501454000000000087e+04 7.181372070312500000e+02
2.501462299999999959e+04 7.180867919921875000e+02
2.501470599999999831e+04 7.180681152343750000e+02
2.501478900000000067e+04 7.180745849609375000e+02
2.501487199999999939e+04 7.180809326171875000e+02
2.501495500000000175e+04 7.180869750976562500e+02
2.501503800000000047e+04 7.180935668945312500e+02
2.501512099999999919e+04 7.181004028320312500e+02
2.501520400000000154e+04 7.181082763671875000e+02
2.501528700000000026e+04 7.181173706054687500e+02
2.501536999999999898e+04 7.181258544921875000e+02
2.501545300000000134e+04 7.181269531250000000e+02
2.501553600000000006e+04 7.181032104492187500e+02
2.501561899999999878e+04 7.180527954101562500e+02
2.501570200000000114e+04 7.180341796875000000e+02
2.501578499999999985e+04 7.180407104492187500e+02
2.501586799999999857e+04 7.180470581054687500e+02
2.501595100000000093e+04 7.180531616210937500e+02
2.501603399999999965e+04 7.180598144531250000e+02
2.501611699999999837e+04 7.180665893554687500e+02
2.501620000000000073e+04 7.180744628906250000e+02
2.501628299999999945e+04 7.180836181640625000e+02
2.501636600000000180e+04 7.180921020507812500e+02
2.501644900000000052e+04 7.180932617187500000e+02
2.501653199999999924e+04 7.180693969726562500e+02
2.501661500000000160e+04 7.180190429687500000e+02
2.501669800000000032e+04 7.179921875000000000e+02
2.501678099999999904e+04 7.179983520507812500e+02
2.501686400000000140e+04 7.180048828125000000e+02
2.501694700000000012e+04 7.180108032226562500e+02
2.501702999999999884e+04 7.180174560546875000e+02
2.501711300000000119e+04 7.180242919921875000e+02
2.501719599999999991e+04 7.180322265625000000e+02
2.501727899999999863e+04 7.180411987304687500e+02
2.501736200000000099e+04 7.180496826171875000e+02
2.501744499999999971e+04 7.180535888671875000e+02
2.501752799999999843e+04 7.180407104492187500e+02
2.501761100000000079e+04 7.179853515625000000e+02
2.501769399999999951e+04 7.179584960937500000e+02
2.501777699999999822e+04 7.179645996093750000e+02
2.501786000000000058e+04 7.179712524414062500e+02
2.501794299999999930e+04 7.179771118164062500e+02
2.501802600000000166e+04 7.179837646484375000e+02
2.501810900000000038e+04 7.179906005859375000e+02
2.501819199999999910e+04 7.179981689453125000e+02
2.501827500000000146e+04 7.180072021484375000e+02
2.501835800000000017e+04 7.180162353515625000e+02
2.501844099999999889e+04 7.180202026367187500e+02
2.501852400000000125e+04 7.180079956054687500e+02
2.501860699999999997e+04 7.179526977539062500e+02
2.501868999999999869e+04 7.179257202148437500e+02
2.501877300000000105e+04 7.179318847656250000e+02
2.501885599999999977e+04 7.179384765625000000e+02
2.501893899999999849e+04 7.179443969726562500e+02
2.501902200000000084e+04 7.179509887695312500e+02
2.501910499999999956e+04 7.179578247070312500e+02
2.501918799999999828e+04 7.179654541015625000e+02
2.501927100000000064e+04 7.179744262695312500e+02
2.501935399999999936e+04 7.179835205078125000e+02
2.501943700000000172e+04 7.179874877929687500e+02
2.501952000000000044e+04 7.179752807617187500e+02
2.501960299999999916e+04 7.179198608398437500e+02
2.501968600000000151e+04 7.178929443359375000e+02
2.501976900000000023e+04 7.178991088867187500e+02
2.501985199999999895e+04 7.179056396484375000e+02
2.501993500000000131e+04 7.179114990234375000e+02
