2.500009800000000178e+04 6.546221256256103516e+00
2.500018100000000049e+04 6.467312812805175781e+00
2.500026399999999921e+04 6.401098251342773438e+00
2.500034700000000157e+04 6.336075782775878906e+00
2.500043000000000029e+04 6.311445236206054688e+00
2.500051299999999901e+04 6.473687171936035156e+00
2.500059600000000137e+04 8.696777343750000000e+00
2.500067900000000009e+04 1.132004928588867188e+01
2.500076199999999881e+04 9.135161399841308594e+00
2.500084500000000116e+04 6.945420265197753906e+00
2.500092799999999988e+04 6.756814002990722656e+00
2.500101099999999860e+04 6.629371643066406250e+00
2.500109400000000096e+04 6.548502922058105469e+00
2.500117699999999968e+04 6.461226940155029297e+00
2.500125999999999840e+04 6.393462657928466797e+00
2.500134300000000076e+04 6.329360961914062500e+00
2.500142599999999948e+04 6.259188175201416016e+00
2.500150899999999820e+04 6.424300193786621094e+00
2.500159200000000055e+04 7.813999652862548828e+00
2.500167499999999927e+04 1.161967372894287109e+01
2.500175800000000163e+04 8.962243080139160156e+00
2.500184100000000035e+04 6.983755111694335938e+00
2.500192399999999907e+04 6.744699954986572266e+00
2.500200700000000143e+04 6.627996444702148438e+00
2.500209000000000015e+04 6.543982505798339844e+00
2.500217299999999886e+04 6.467513561248779297e+00
2.500225600000000122e+04 6.394348144531250000e+00
2.500233899999999994e+04 6.324443817138671875e+00
2.500242199999999866e+04 6.271445751190185547e+00
2.500250500000000102e+04 6.426611423492431641e+00
2.500258799999999974e+04 7.849151611328125000e+00
2.500267099999999846e+04 1.146095085144042969e+01
2.500275400000000081e+04 9.031525611877441406e+00
2.500283699999999953e+04 6.910312652587890625e+00
2.500291999999999825e+04 6.746304988861083984e+00
2.500300300000000061e+04 6.632379531860351562e+00
2.500308599999999933e+04 6.548768043518066406e+00
2.500316900000000169e+04 6.468498229980468750e+00
2.500325200000000041e+04 6.395952224731445312e+00
2.500333499999999913e+04 6.330126762390136719e+00
2.500341800000000148e+04 6.264174938201904297e+00
2.500350100000000020e+04 6.425735950469970703e+00
2.500358399999999892e+04 7.867387771606445312e+00
2.500366700000000128e+04 1.154757595062255859e+01
2.500375000000000000e+04 9.002741813659667969e+00
2.500383299999999872e+04 6.947351932525634766e+00
2.500391600000000108e+04 6.752889633178710938e+00
2.500399899999999980e+04 6.631297111511230469e+00
2.500408199999999852e+04 6.550490856170654297e+00
2.500416500000000087e+04 6.473295211791992188e+00
2.500424799999999959e+04 6.399500846862792969e+00
2.500433099999999831e+04 6.334991455078125000e+00
2.500441400000000067e+04 6.267982006072998047e+00
2.500449699999999939e+04 6.430871963500976562e+00
2.500458000000000175e+04 7.892361164093017578e+00
2.500466300000000047e+04 1.154138088226318359e+01
2.500474599999999919e+04 9.443613052368164062e+00
2.500482900000000154e+04 7.035626888275146484e+00
2.500491200000000026e+04 6.762558937072753906e+00
2.500499499999999898e+04 6.645425319671630859e+00
2.500507800000000134e+04 6.547238349914550781e+00
2.500516100000000006e+04 6.469870090484619141e+00
2.500524399999999878e+04 6.399065017700195312e+00
2.500532700000000114e+04 6.338271617889404297e+00
2.500540999999999985e+04 6.264953136444091797e+00
2.500549299999999857e+04 6.376841068267822266e+00
2.500557600000000093e+04 7.102656364440917969e+00
2.500565899999999965e+04 1.147958946228027344e+01
2.500574199999999837e+04 9.510335922241210938e+00
2.500582500000000073e+04 6.946472644805908203e+00
2.500590799999999945e+04 6.756349563598632812e+00
2.500599100000000180e+04 6.636637687683105469e+00
2.500607400000000052e+04 6.553039073944091797e+00
2.500615699999999924e+04 6.482061386108398438e+00
2.500624000000000160e+04 6.401723861694335938e+00
2.500632300000000032e+04 6.337029933929443359e+00
2.500640599999999904e+04 6.265552520751953125e+00
2.500648900000000140e+04 6.392888069152832031e+00
2.500657200000000012e+04 7.080222606658935547e+00
2.500665499999999884e+04 1.149599742889404297e+01
2.500673800000000119e+04 9.515866279602050781e+00
2.500682099999999991e+04 7.124328136444091797e+00
2.500690399999999863e+04 6.779875278472900391e+00
2.500698700000000099e+04 6.645544528961181641e+00
2.500706999999999971e+04 6.554507255554199219e+00
2.500715299999999843e+04 6.478427886962890625e+00
2.500723600000000079e+04 6.402841567993164062e+00
2.500731899999999951e+04 6.334458351135253906e+00
2.500740199999999822e+04 6.263945579528808594e+00
2.500748500000000058e+04 6.382497787475585938e+00
2.500756799999999930e+04 7.075032711029052734e+00
2.500765100000000166e+04 1.159936809539794922e+01
2.500773400000000038e+04 9.490881919860839844e+00
2.500781699999999910e+04 7.121026992797851562e+00
2.500790000000000146e+04 6.782820701599121094e+00
2.500798300000000017e+04 6.647574901580810547e+00
2.500806599999999889e+04 6.559576034545898438e+00
2.500814900000000125e+04 6.481490135192871094e+00
2.500823199999999997e+04 6.406338691711425781e+00
2.500831499999999869e+04 6.339063167572021484e+00
2.500839800000000105e+04 6.271640300750732422e+00
2.500848099999999977e+04 6.393963336944580078e+00
2.500856399999999849e+04 7.114382266998291016e+00
2.500864700000000084e+04 1.149636554718017578e+01
2.500872999999999956e+04 9.968954086303710938e+00
2.500881299999999828e+04 7.020927906036376953e+00
2.500889600000000064e+04 6.817445755004882812e+00
2.500897899999999936e+04 6.702874660491943359e+00
2.500906200000000172e+04 6.613904476165771484e+00
2.500914500000000044e+04 6.525557994842529297e+00
2.500922799999999916e+04 6.453368186950683594e+00
2.500931100000000151e+04 6.387916088104248047e+00
2.500939400000000023e+04 6.322850227355957031e+00
2.500947699999999895e+04 6.384898185729980469e+00
2.500956000000000131e+04 6.812102794647216797e+00
2.500964300000000003e+04 1.078577995300292969e+01
2.500972599999999875e+04 1.010487556457519531e+01
2.500980900000000111e+04 7.105051040649414062e+00
2.500989199999999983e+04 6.828189849853515625e+00
2.500997499999999854e+04 6.711121559143066406e+00
2.501005800000000090e+04 6.610728740692138672e+00
2.501014099999999962e+04 6.519396781921386719e+00
2.501022399999999834e+04 6.449014186859130859e+00
2.501030700000000070e+04 6.377799510955810547e+00
2.501038999999999942e+04 6.310694694519042969e+00
2.501047300000000178e+04 6.377949714660644531e+00
2.501055600000000049e+04 6.811044216156005859e+00
2.501063899999999921e+04 1.075919628143310547e+01
2.501072200000000157e+04 1.008563804626464844e+01
2.501080500000000029e+04 7.098565101623535156e+00
2.501088799999999901e+04 6.813699245452880859e+00
2.501097100000000137e+04 6.706536769866943359e+00
2.501105400000000009e+04 6.604207515716552734e+00
2.501113699999999881e+04 6.525277614593505859e+00
2.501122000000000116e+04 6.449980735778808594e+00
2.501130299999999988e+04 6.384037971496582031e+00
2.501138599999999860e+04 6.315620422363281250e+00
2.501146900000000096e+04 6.386133193969726562e+00
2.501155199999999968e+04 6.823809623718261719e+00
2.501163499999999840e+04 1.085354042053222656e+01
2.501171800000000076e+04 1.005999469757080078e+01
2.501180099999999948e+04 6.984881401062011719e+00
2.501188399999999820e+04 6.821675300598144531e+00
2.501196700000000055e+04 6.709602355957031250e+00
2.501204999999999927e+04 6.609274387359619141e+00
2.501213300000000163e+04 6.532786846160888672e+00
2.501221600000000035e+04 6.451826095581054688e+00
2.501229899999999907e+04 6.389984130859375000e+00
2.501238200000000143e+04 6.317563533782958984e+00
2.501246500000000015e+04 6.383112907409667969e+00
2.501254799999999886e+04 6.813398838043212891e+00
2.501263100000000122e+04 1.086790084838867188e+01
2.501271399999999994e+04 1.009865856170654297e+01
2.501279699999999866e+04 8.111569404602050781e+00
2.501288000000000102e+04 6.929073810577392578e+00
2.501296299999999974e+04 6.740238189697265625e+00
2.501304599999999846e+04 6.644035339355468750e+00
2.501312900000000081e+04 6.556883811950683594e+00
2.501321199999999953e+04 6.486025333404541016e+00
2.501329499999999825e+04 6.421044349670410156e+00
2.501337800000000061e+04 6.358436107635498047e+00
2.501346099999999933e+04 6.376053333282470703e+00
2.501354400000000169e+04 6.815731048583984375e+00
2.501362700000000041e+04 9.687393188476562500e+00
2.501370999999999913e+04 1.067008876800537109e+01
2.501379300000000148e+04 7.801334857940673828e+00
2.501387600000000020e+04 6.909835815429687500e+00
2.501395899999999892e+04 6.749341487884521484e+00
2.501404200000000128e+04 6.650336265563964844e+00
2.501412500000000000e+04 6.565739154815673828e+00
2.501420799999999872e+04 6.486138343811035156e+00
2.501429100000000108e+04 6.418605327606201172e+00
2.501437399999999980e+04 6.356717109680175781e+00
2.501445699999999852e+04 6.372223377227783203e+00
2.501454000000000087e+04 6.800096511840820312e+00
2.501462299999999959e+04 9.824097633361816406e+00
2.501470599999999831e+04 1.063900947570800781e+01
2.501478900000000067e+04 7.780774593353271484e+00
2.501487199999999939e+04 6.908495426177978516e+00
2.501495500000000175e+04 6.751045227050781250e+00
2.501503800000000047e+04 6.653757095336914062e+00
2.501512099999999919e+04 6.568860054016113281e+00
2.501520400000000154e+04 6.500872135162353516e+00
2.501528700000000026e+04 6.428790092468261719e+00
2.501536999999999898e+04 6.353755474090576172e+00
2.501545300000000134e+04 6.381489276885986328e+00
2.501553600000000006e+04 6.829234600067138672e+00
2.501561899999999878e+04 9.808579444885253906e+00
2.501570200000000114e+04 1.066007804870605469e+01
2.501578499999999985e+04 7.826074123382568359e+00
2.501586799999999857e+04 6.912726402282714844e+00
2.501595100000000093e+04 6.756395339965820312e+00
2.501603399999999965e+04 6.648923397064208984e+00
2.501611699999999837e+04 6.570322990417480469e+00
2.501620000000000073e+04 6.495687484741210938e+00
2.501628299999999945e+04 6.421069622039794922e+00
2.501636600000000180e+04 6.366075515747070312e+00
2.501644900000000052e+04 6.382021903991699219e+00
2.501653199999999924e+04 6.824530601501464844e+00
2.501661500000000160e+04 9.885973930358886719e+00
2.501669800000000032e+04 1.062173080444335938e+01
2.501678099999999904e+04 8.816066741943359375e+00
2.501686400000000140e+04 6.968622684478759766e+00
2.501694700000000012e+04 6.771055698394775391e+00
2.501702999999999884e+04 6.665096759796142578e+00
2.501711300000000119e+04 6.578572750091552734e+00
2.501719599999999991e+04 6.500604629516601562e+00
2.501727899999999863e+04 6.434813499450683594e+00
2.501736200000000099e+04 6.368407726287841797e+00
2.501744499999999971e+04 6.392296791076660156e+00
2.501752799999999843e+04 6.785784244537353516e+00
2.501761100000000079e+04 8.976789474487304688e+00
2.501769399999999951e+04 1.111394977569580078e+01
2.501777699999999822e+04 8.494477272033691406e+00
2.501786000000000058e+04 7.097354888916015625e+00
2.501794299999999930e+04 6.800566673278808594e+00
2.501802600000000166e+04 6.666500091552734375e+00
2.501810900000000038e+04 6.586101531982421875e+00
2.501819199999999910e+04 6.507189273834228516e+00
2.501827500000000146e+04 6.440159320831298828e+00
2.501835800000000017e+04 6.370338916778564453e+00
2.501844099999999889e+04 6.349695205688476562e+00
2.501852400000000125e+04 6.733229160308837891e+00
2.501860699999999997e+04 8.980354309082031250e+00
2.501868999999999869e+04 1.108820915222167969e+01
2.501877300000000105e+04 8.565347671508789062e+00
2.501885599999999977e+04 7.046159744262695312e+00
2.501893899999999849e+04 6.785877227783203125e+00
2.501902200000000084e+04 6.680451393127441406e+00
2.501910499999999956e+04 6.589531898498535156e+00
2.501918799999999828e+04 6.508138179779052734e+00
2.501927100000000064e+04 6.438224315643310547e+00
2.501935399999999936e+04 6.370944976806640625e+00
2.501943700000000172e+04 6.356630802154541016e+00
2.501952000000000044e+04 6.742395877838134766e+00
2.501960299999999916e+04 8.835334777832031250e+00
2.501968600000000151e+04 1.120043659210205078e+01
2.501976900000000023e+04 8.572875976562500000e+00
2.501985199999999895e+04 7.000095367431640625e+00
2.501993500000000131e+04 6.795756816864013672e+00
