2.500009800000000178e+04 0.000000000000000000e+00
2.500018100000000049e+04 0.000000000000000000e+00
2.500026399999999921e+04 0.000000000000000000e+00
2.500034700000000157e+04 0.000000000000000000e+00
2.500043000000000029e+04 0.000000000000000000e+00
2.500051299999999901e+04 8.722694396972656250e+00
2.500059600000000137e+04 2.757495880126953125e+01
2.500067900000000009e+04 2.002259445190429688e+01
2.500076199999999881e+04 3.084409236907958984e-01
2.500084500000000116e+04 0.000000000000000000e+00
2.500092799999999988e+04 0.000000000000000000e+00
2.500101099999999860e+04 0.000000000000000000e+00
2.500109400000000096e+04 0.000000000000000000e+00
2.500117699999999968e+04 0.000000000000000000e+00
2.500125999999999840e+04 0.000000000000000000e+00
2.500134300000000076e+04 0.000000000000000000e+00
2.500142599999999948e+04 0.000000000000000000e+00
2.500150899999999820e+04 6.859248638153076172e+00
2.500159200000000055e+04 2.587335014343261719e+01
2.500167499999999927e+04 1.968214607238769531e+01
2.500175800000000163e+04 3.082292377948760986e-01
2.500184100000000035e+04 0.000000000000000000e+00
2.500192399999999907e+04 0.000000000000000000e+00
2.500200700000000143e+04 0.000000000000000000e+00
2.500209000000000015e+04 0.000000000000000000e+00
2.500217299999999886e+04 0.000000000000000000e+00
2.500225600000000122e+04 0.000000000000000000e+00
2.500233899999999994e+04 0.000000000000000000e+00
2.500242199999999866e+04 0.000000000000000000e+00
2.500250500000000102e+04 6.862332344055175781e+00
2.500258799999999974e+04 2.589240646362304688e+01
2.500267099999999846e+04 1.969188499450683594e+01
2.500275400000000081e+04 3.094085156917572021e-01
2.500283699999999953e+04 0.000000000000000000e+00
2.500291999999999825e+04 0.000000000000000000e+00
2.500300300000000061e+04 0.000000000000000000e+00
2.500308599999999933e+04 0.000000000000000000e+00
2.500316900000000169e+04 0.000000000000000000e+00
2.500325200000000041e+04 0.000000000000000000e+00
2.500333499999999913e+04 0.000000000000000000e+00
2.500341800000000148e+04 0.000000000000000000e+00
2.500350100000000020e+04 6.865414142608642578e+00
2.500358399999999892e+04 2.591136169433593750e+01
2.500366700000000128e+04 1.970555305480957031e+01
2.500375000000000000e+04 3.101135194301605225e-01
2.500383299999999872e+04 0.000000000000000000e+00
2.500391600000000108e+04 0.000000000000000000e+00
2.500399899999999980e+04 0.000000000000000000e+00
2.500408199999999852e+04 0.000000000000000000e+00
2.500416500000000087e+04 0.000000000000000000e+00
2.500424799999999959e+04 0.000000000000000000e+00
2.500433099999999831e+04 0.000000000000000000e+00
2.500441400000000067e+04 0.000000000000000000e+00
2.500449699999999939e+04 6.868513107299804688e+00
2.500458000000000175e+04 2.596266365051269531e+01
2.500466300000000047e+04 2.277620697021484375e+01
2.500474599999999919e+04 4.056381225585937500e+00
2.500482900000000154e+04 0.000000000000000000e+00
2.500491200000000026e+04 0.000000000000000000e+00
2.500499499999999898e+04 0.000000000000000000e+00
2.500507800000000134e+04 0.000000000000000000e+00
2.500516100000000006e+04 0.000000000000000000e+00
2.500524399999999878e+04 0.000000000000000000e+00
2.500532700000000114e+04 0.000000000000000000e+00
2.500540999999999985e+04 0.000000000000000000e+00
2.500549299999999857e+04 5.042171955108642578e+00
2.500557600000000093e+04 2.253861999511718750e+01
2.500565899999999965e+04 2.261750602722167969e+01
2.500574199999999837e+04 4.060028553009033203e+00
2.500582500000000073e+04 0.000000000000000000e+00
2.500590799999999945e+04 0.000000000000000000e+00
2.500599100000000180e+04 0.000000000000000000e+00
2.500607400000000052e+04 0.000000000000000000e+00
2.500615699999999924e+04 0.000000000000000000e+00
2.500624000000000160e+04 0.000000000000000000e+00
2.500632300000000032e+04 0.000000000000000000e+00
2.500640599999999904e+04 0.000000000000000000e+00
2.500648900000000140e+04 5.044374942779541016e+00
2.500657200000000012e+04 2.255515289306640625e+01
2.500665499999999884e+04 2.263233947753906250e+01
2.500673800000000119e+04 4.062902450561523438e+00
2.500682099999999991e+04 0.000000000000000000e+00
2.500690399999999863e+04 0.000000000000000000e+00
2.500698700000000099e+04 0.000000000000000000e+00
2.500706999999999971e+04 0.000000000000000000e+00
2.500715299999999843e+04 0.000000000000000000e+00
2.500723600000000079e+04 0.000000000000000000e+00
2.500731899999999951e+04 0.000000000000000000e+00
2.500740199999999822e+04 0.000000000000000000e+00
2.500748500000000058e+04 5.046528339385986328e+00
2.500756799999999930e+04 2.257166290283203125e+01
2.500765100000000166e+04 2.264827537536621094e+01
2.500773400000000038e+04 4.065511226654052734e+00
2.500781699999999910e+04 0.000000000000000000e+00
2.500790000000000146e+04 0.000000000000000000e+00
2.500798300000000017e+04 0.000000000000000000e+00
2.500806599999999889e+04 0.000000000000000000e+00
2.500814900000000125e+04 0.000000000000000000e+00
2.500823199999999997e+04 0.000000000000000000e+00
2.500831499999999869e+04 0.000000000000000000e+00
2.500839800000000105e+04 0.000000000000000000e+00
2.500848099999999977e+04 5.048762321472167969e+00
2.500856399999999849e+04 2.262094497680664062e+01
2.500864700000000084e+04 2.578940200805664062e+01
2.500872999999999956e+04 8.219914436340332031e+00
2.500881299999999828e+04 0.000000000000000000e+00
2.500889600000000064e+04 0.000000000000000000e+00
2.500897899999999936e+04 0.000000000000000000e+00
2.500906200000000172e+04 0.000000000000000000e+00
2.500914500000000044e+04 0.000000000000000000e+00
2.500922799999999916e+04 0.000000000000000000e+00
2.500931100000000151e+04 0.000000000000000000e+00
2.500939400000000023e+04 0.000000000000000000e+00
2.500947699999999895e+04 3.355332136154174805e+00
2.500956000000000131e+04 1.785509300231933594e+01
2.500964300000000003e+04 2.470172882080078125e+01
2.500972599999999875e+04 8.075795173645019531e+00
2.500980900000000111e+04 0.000000000000000000e+00
2.500989199999999983e+04 0.000000000000000000e+00
2.500997499999999854e+04 0.000000000000000000e+00
2.501005800000000090e+04 0.000000000000000000e+00
2.501014099999999962e+04 0.000000000000000000e+00
2.501022399999999834e+04 0.000000000000000000e+00
2.501030700000000070e+04 0.000000000000000000e+00
2.501038999999999942e+04 0.000000000000000000e+00
2.501047300000000178e+04 3.356769323348999023e+00
2.501055600000000049e+04 1.786883354187011719e+01
2.501063899999999921e+04 2.471700477600097656e+01
2.501072200000000157e+04 8.082353591918945312e+00
2.501080500000000029e+04 0.000000000000000000e+00
2.501088799999999901e+04 0.000000000000000000e+00
2.501097100000000137e+04 0.000000000000000000e+00
2.501105400000000009e+04 0.000000000000000000e+00
2.501113699999999881e+04 0.000000000000000000e+00
2.501122000000000116e+04 0.000000000000000000e+00
2.501130299999999988e+04 0.000000000000000000e+00
2.501138599999999860e+04 0.000000000000000000e+00
2.501146900000000096e+04 3.358280181884765625e+00
2.501155199999999968e+04 1.788242149353027344e+01
2.501163499999999840e+04 2.473354148864746094e+01
2.501171800000000076e+04 8.089138031005859375e+00
2.501180099999999948e+04 0.000000000000000000e+00
2.501188399999999820e+04 0.000000000000000000e+00
2.501196700000000055e+04 0.000000000000000000e+00
2.501204999999999927e+04 0.000000000000000000e+00
2.501213300000000163e+04 0.000000000000000000e+00
2.501221600000000035e+04 0.000000000000000000e+00
2.501229899999999907e+04 0.000000000000000000e+00
2.501238200000000143e+04 0.000000000000000000e+00
2.501246500000000015e+04 3.359768867492675781e+00
2.501254799999999886e+04 1.792095375061035156e+01
2.501263100000000122e+04 2.476223564147949219e+01
2.501271399999999994e+04 1.230922889709472656e+01
2.501279699999999866e+04 4.387063905596733093e-02
2.501288000000000102e+04 0.000000000000000000e+00
2.501296299999999974e+04 0.000000000000000000e+00
2.501304599999999846e+04 0.000000000000000000e+00
2.501312900000000081e+04 0.000000000000000000e+00
2.501321199999999953e+04 0.000000000000000000e+00
2.501329499999999825e+04 0.000000000000000000e+00
2.501337800000000061e+04 0.000000000000000000e+00
2.501346099999999933e+04 1.873012542724609375e+00
2.501354400000000169e+04 1.316371250152587891e+01
2.501362700000000041e+04 2.603975486755371094e+01
2.501370999999999913e+04 1.208400344848632812e+01
2.501379300000000148e+04 4.372671246528625488e-02
2.501387600000000020e+04 0.000000000000000000e+00
2.501395899999999892e+04 0.000000000000000000e+00
2.501404200000000128e+04 0.000000000000000000e+00
2.501412500000000000e+04 0.000000000000000000e+00
2.501420799999999872e+04 0.000000000000000000e+00
2.501429100000000108e+04 0.000000000000000000e+00
2.501437399999999980e+04 0.000000000000000000e+00
2.501445699999999852e+04 1.873940348625183105e+00
2.501454000000000087e+04 1.323256015777587891e+01
2.501462299999999959e+04 2.612766075134277344e+01
2.501470599999999831e+04 1.211210823059082031e+01
2.501478900000000067e+04 4.406713694334030151e-02
2.501487199999999939e+04 0.000000000000000000e+00
2.501495500000000175e+04 0.000000000000000000e+00
2.501503800000000047e+04 0.000000000000000000e+00
2.501512099999999919e+04 0.000000000000000000e+00
2.501520400000000154e+04 0.000000000000000000e+00
2.501528700000000026e+04 0.000000000000000000e+00
2.501536999999999898e+04 0.000000000000000000e+00
2.501545300000000134e+04 1.874868154525756836e+00
2.501553600000000006e+04 1.324219989776611328e+01
2.501561899999999878e+04 2.614524650573730469e+01
2.501570200000000114e+04 1.212142467498779297e+01
2.501578499999999985e+04 4.455972462892532349e-02
2.501586799999999857e+04 0.000000000000000000e+00
2.501595100000000093e+04 0.000000000000000000e+00
2.501603399999999965e+04 0.000000000000000000e+00
2.501611699999999837e+04 0.000000000000000000e+00
2.501620000000000073e+04 0.000000000000000000e+00
2.501628299999999945e+04 0.000000000000000000e+00
2.501636600000000180e+04 0.000000000000000000e+00
2.501644900000000052e+04 1.875771284103393555e+00
2.501653199999999924e+04 1.326946926116943359e+01
2.501661500000000160e+04 2.618431663513183594e+01
2.501669800000000032e+04 1.635058593750000000e+01
2.501678099999999904e+04 1.643476486206054688e-01
2.501686400000000140e+04 0.000000000000000000e+00
2.501694700000000012e+04 0.000000000000000000e+00
2.501702999999999884e+04 0.000000000000000000e+00
2.501711300000000119e+04 0.000000000000000000e+00
2.501719599999999991e+04 0.000000000000000000e+00
2.501727899999999863e+04 0.000000000000000000e+00
2.501736200000000099e+04 0.000000000000000000e+00
2.501744499999999971e+04 7.007237672805786133e-01
2.501752799999999843e+04 9.776266098022460938e+00
2.501761100000000079e+04 2.678711509704589844e+01
2.501769399999999951e+04 1.610979270935058594e+01
2.501777699999999822e+04 1.637497395277023315e-01
2.501786000000000058e+04 0.000000000000000000e+00
2.501794299999999930e+04 0.000000000000000000e+00
2.501802600000000166e+04 0.000000000000000000e+00
2.501810900000000038e+04 0.000000000000000000e+00
2.501819199999999910e+04 0.000000000000000000e+00
2.501827500000000146e+04 0.000000000000000000e+00
2.501835800000000017e+04 0.000000000000000000e+00
2.501844099999999889e+04 0.000000000000000000e+00
2.501852400000000125e+04 9.682094573974609375e+00
2.501860699999999997e+04 2.670988655090332031e+01
2.501868999999999869e+04 1.612368583679199219e+01
2.501877300000000105e+04 1.646972447633743286e-01
2.501885599999999977e+04 0.000000000000000000e+00
2.501893899999999849e+04 0.000000000000000000e+00
2.501902200000000084e+04 0.000000000000000000e+00
2.501910499999999956e+04 0.000000000000000000e+00
2.501918799999999828e+04 0.000000000000000000e+00
2.501927100000000064e+04 0.000000000000000000e+00
2.501935399999999936e+04 0.000000000000000000e+00
2.501943700000000172e+04 0.000000000000000000e+00
2.501952000000000044e+04 9.688478469848632812e+00
2.501960299999999916e+04 2.672634315490722656e+01
2.501968600000000151e+04 1.613781356811523438e+01
2.501976900000000023e+04 1.653992235660552979e-01
2.501985199999999895e+04 0.000000000000000000e+00
2.501993500000000131e+04 0.000000000000000000e+00
