2.500009800000000178e+04 1.174543190002441406e+01
2.500018100000000049e+04 1.148949718475341797e+01
2.500026399999999921e+04 1.131311416625976562e+01
2.500034700000000157e+04 1.114762878417968750e+01
2.500043000000000029e+04 1.109635257720947266e+01
2.500051299999999901e+04 1.164944458007812500e+01
2.500059600000000137e+04 1.286923599243164062e+01
2.500067900000000009e+04 1.329604625701904297e+01
2.500076199999999881e+04 1.333200073242187500e+01
2.500084500000000116e+04 1.328736305236816406e+01
2.500092799999999988e+04 1.283409881591796875e+01
2.500101099999999860e+04 1.208290767669677734e+01
2.500109400000000096e+04 1.172682857513427734e+01
2.500117699999999968e+04 1.145483875274658203e+01
2.500125999999999840e+04 1.125308799743652344e+01
2.500134300000000076e+04 1.112158584594726562e+01
2.500142599999999948e+04 1.095248794555664062e+01
2.500150899999999820e+04 1.152015399932861328e+01
2.500159200000000055e+04 1.276945209503173828e+01
2.500167499999999927e+04 1.296546554565429688e+01
2.500175800000000163e+04 1.292201423645019531e+01
2.500184100000000035e+04 1.280080986022949219e+01
2.500192399999999907e+04 1.243604564666748047e+01
2.500200700000000143e+04 1.204981040954589844e+01
2.500209000000000015e+04 1.173811340332031250e+01
2.500217299999999886e+04 1.151093769073486328e+01
2.500225600000000122e+04 1.126858901977539062e+01
2.500233899999999994e+04 1.109647750854492188e+01
2.500242199999999866e+04 1.098360729217529297e+01
2.500250500000000102e+04 1.152044391632080078e+01
2.500258799999999974e+04 1.281672668457031250e+01
2.500267099999999846e+04 1.295139312744140625e+01
2.500275400000000081e+04 1.295333766937255859e+01
2.500283699999999953e+04 1.282190322875976562e+01
2.500291999999999825e+04 1.245326137542724609e+01
2.500300300000000061e+04 1.205574226379394531e+01
2.500308599999999933e+04 1.173367118835449219e+01
2.500316900000000169e+04 1.148491859436035156e+01
2.500325200000000041e+04 1.131994342803955078e+01
2.500333499999999913e+04 1.112161159515380859e+01
2.500341800000000148e+04 1.094630622863769531e+01
2.500350100000000020e+04 1.154918193817138672e+01
2.500358399999999892e+04 1.280916690826416016e+01
2.500366700000000128e+04 1.294734382629394531e+01
2.500375000000000000e+04 1.293176174163818359e+01
2.500383299999999872e+04 1.287442684173583984e+01
2.500391600000000108e+04 1.251149368286132812e+01
2.500399899999999980e+04 1.204366207122802734e+01
2.500408199999999852e+04 1.173715591430664062e+01
2.500416500000000087e+04 1.150077724456787109e+01
2.500424799999999959e+04 1.128152847290039062e+01
2.500433099999999831e+04 1.111119651794433594e+01
2.500441400000000067e+04 1.095064258575439453e+01
2.500449699999999939e+04 1.153982734680175781e+01
2.500458000000000175e+04 1.285922431945800781e+01
2.500466300000000047e+04 1.304056644439697266e+01
2.500474599999999919e+04 1.343098640441894531e+01
2.500482900000000154e+04 1.327508258819580078e+01
2.500491200000000026e+04 1.277356052398681641e+01
2.500499499999999898e+04 1.226314163208007812e+01
2.500507800000000134e+04 1.178937816619873047e+01
2.500516100000000006e+04 1.150213050842285156e+01
2.500524399999999878e+04 1.130636882781982422e+01
2.500532700000000114e+04 1.114243030548095703e+01
2.500540999999999985e+04 1.093111419677734375e+01
2.500549299999999857e+04 1.135142326354980469e+01
2.500557600000000093e+04 1.280504417419433594e+01
2.500565899999999965e+04 1.295781707763671875e+01
2.500574199999999837e+04 1.295139312744140625e+01
2.500582500000000073e+04 1.289148521423339844e+01
2.500590799999999945e+04 1.250438404083251953e+01
2.500599100000000180e+04 1.209181499481201172e+01
2.500607400000000052e+04 1.176513004302978516e+01
2.500615699999999924e+04 1.151638984680175781e+01
2.500624000000000160e+04 1.132617855072021484e+01
2.500632300000000032e+04 1.114840793609619141e+01
2.500640599999999904e+04 1.099733543395996094e+01
2.500648900000000140e+04 1.140355205535888672e+01
2.500657200000000012e+04 1.278654193878173828e+01
2.500665499999999884e+04 1.297736549377441406e+01
2.500673800000000119e+04 1.297155284881591797e+01
2.500682099999999991e+04 1.288183116912841797e+01
2.500690399999999863e+04 1.248563098907470703e+01
2.500698700000000099e+04 1.208376312255859375e+01
2.500706999999999971e+04 1.177581596374511719e+01
2.500715299999999843e+04 1.155960083007812500e+01
2.500723600000000079e+04 1.133494567871093750e+01
2.500731899999999951e+04 1.111335372924804688e+01
2.500740199999999822e+04 1.096713733673095703e+01
2.500748500000000058e+04 1.140352916717529297e+01
2.500756799999999930e+04 1.275486755371093750e+01
2.500765100000000166e+04 1.296325016021728516e+01
2.500773400000000038e+04 1.297466087341308594e+01
2.500781699999999910e+04 1.294370269775390625e+01
2.500790000000000146e+04 1.253203964233398438e+01
2.500798300000000017e+04 1.210941600799560547e+01
2.500806599999999889e+04 1.180559349060058594e+01
2.500814900000000125e+04 1.154193782806396484e+01
2.500823199999999997e+04 1.132136535644531250e+01
2.500831499999999869e+04 1.114303398132324219e+01
2.500839800000000105e+04 1.096285629272460938e+01
2.500848099999999977e+04 1.141337108612060547e+01
2.500856399999999849e+04 1.283019924163818359e+01
2.500864700000000084e+04 1.297037029266357422e+01
2.500872999999999956e+04 1.295445346832275391e+01
2.500881299999999828e+04 1.289638614654541016e+01
2.500889600000000064e+04 1.267323017120361328e+01
2.500897899999999936e+04 1.228245067596435547e+01
2.500906200000000172e+04 1.194400882720947266e+01
2.500914500000000044e+04 1.165498352050781250e+01
2.500922799999999916e+04 1.142269611358642578e+01
2.500931100000000151e+04 1.123869609832763672e+01
2.500939400000000023e+04 1.111310672760009766e+01
2.500947699999999895e+04 1.136083602905273438e+01
2.500956000000000131e+04 1.279798984527587891e+01
2.500964300000000003e+04 1.297717094421386719e+01
2.500972599999999875e+04 1.303227329254150391e+01
2.500980900000000111e+04 1.293802452087402344e+01
2.500989199999999983e+04 1.265758132934570312e+01
2.500997499999999854e+04 1.231080818176269531e+01
2.501005800000000090e+04 1.194284725189208984e+01
2.501014099999999962e+04 1.166102313995361328e+01
2.501022399999999834e+04 1.142114543914794922e+01
2.501030700000000070e+04 1.124833011627197266e+01
2.501038999999999942e+04 1.104222202301025391e+01
2.501047300000000178e+04 1.131843757629394531e+01
2.501055600000000049e+04 1.274327087402343750e+01
2.501063899999999921e+04 1.301088142395019531e+01
2.501072200000000157e+04 1.297103691101074219e+01
2.501080500000000029e+04 1.290946865081787109e+01
2.501088799999999901e+04 1.263363742828369141e+01
2.501097100000000137e+04 1.229299736022949219e+01
2.501105400000000009e+04 1.190794849395751953e+01
2.501113699999999881e+04 1.170129203796386719e+01
2.501122000000000116e+04 1.145480442047119141e+01
2.501130299999999988e+04 1.123592090606689453e+01
2.501138599999999860e+04 1.106436252593994141e+01
2.501146900000000096e+04 1.138508892059326172e+01
2.501155199999999968e+04 1.281634807586669922e+01
2.501163499999999840e+04 1.297840881347656250e+01
2.501171800000000076e+04 1.297986316680908203e+01
2.501180099999999948e+04 1.291528415679931641e+01
2.501188399999999820e+04 1.265226745605468750e+01
2.501196700000000055e+04 1.226378154754638672e+01
2.501204999999999927e+04 1.194175815582275391e+01
2.501213300000000163e+04 1.166472816467285156e+01
2.501221600000000035e+04 1.141966438293457031e+01
2.501229899999999907e+04 1.126452064514160156e+01
2.501238200000000143e+04 1.107693862915039062e+01
2.501246500000000015e+04 1.135220050811767578e+01
2.501254799999999886e+04 1.276770591735839844e+01
2.501263100000000122e+04 1.298606872558593750e+01
2.501271399999999994e+04 1.299200534820556641e+01
2.501279699999999866e+04 1.300574779510498047e+01
2.501288000000000102e+04 1.277408981323242188e+01
2.501296299999999974e+04 1.237637901306152344e+01
2.501304599999999846e+04 1.204120826721191406e+01
2.501312900000000081e+04 1.174477195739746094e+01
2.501321199999999953e+04 1.151713371276855469e+01
2.501329499999999825e+04 1.131087303161621094e+01
2.501337800000000061e+04 1.119386863708496094e+01
2.501346099999999933e+04 1.128324699401855469e+01
2.501354400000000169e+04 1.272062873840332031e+01
2.501362700000000041e+04 1.293876838684082031e+01
2.501370999999999913e+04 1.304443550109863281e+01
2.501379300000000148e+04 1.295501804351806641e+01
2.501387600000000020e+04 1.274791622161865234e+01
2.501395899999999892e+04 1.237251091003417969e+01
2.501404200000000128e+04 1.203632545471191406e+01
2.501412500000000000e+04 1.173127365112304688e+01
2.501420799999999872e+04 1.149802303314208984e+01
2.501429100000000108e+04 1.130342483520507812e+01
2.501437399999999980e+04 1.114261531829833984e+01
2.501445699999999852e+04 1.129051876068115234e+01
2.501454000000000087e+04 1.269393825531005859e+01
2.501462299999999959e+04 1.296890640258789062e+01
2.501470599999999831e+04 1.297309875488281250e+01
2.501478900000000067e+04 1.297974014282226562e+01
2.501487199999999939e+04 1.280879402160644531e+01
2.501495500000000175e+04 1.237426757812500000e+01
2.501503800000000047e+04 1.206493186950683594e+01
2.501512099999999919e+04 1.175185966491699219e+01
2.501520400000000154e+04 1.153253173828125000e+01
2.501528700000000026e+04 1.135103893280029297e+01
2.501536999999999898e+04 1.116693210601806641e+01
2.501545300000000134e+04 1.130432224273681641e+01
2.501553600000000006e+04 1.275791931152343750e+01
2.501561899999999878e+04 1.296780967712402344e+01
2.501570200000000114e+04 1.302121448516845703e+01
2.501578499999999985e+04 1.295407962799072266e+01
2.501586799999999857e+04 1.277851104736328125e+01
2.501595100000000093e+04 1.240636062622070312e+01
2.501603399999999965e+04 1.202665901184082031e+01
2.501611699999999837e+04 1.179478263854980469e+01
2.501620000000000073e+04 1.152128410339355469e+01
2.501628299999999945e+04 1.130907249450683594e+01
2.501636600000000180e+04 1.116544532775878906e+01
2.501644900000000052e+04 1.130202102661132812e+01
2.501653199999999924e+04 1.272652149200439453e+01
2.501661500000000160e+04 1.296165752410888672e+01
2.501669800000000032e+04 1.300039291381835938e+01
2.501678099999999904e+04 1.294312572479248047e+01
2.501686400000000140e+04 1.281086158752441406e+01
2.501694700000000012e+04 1.246387767791748047e+01
2.501702999999999884e+04 1.210224533081054688e+01
2.501711300000000119e+04 1.181037712097167969e+01
2.501719599999999991e+04 1.158213710784912109e+01
2.501727899999999863e+04 1.134488487243652344e+01
2.501736200000000099e+04 1.117151546478271484e+01
2.501744499999999971e+04 1.131395435333251953e+01
2.501752799999999843e+04 1.253864097595214844e+01
2.501761100000000079e+04 1.295056438446044922e+01
2.501769399999999951e+04 1.302979564666748047e+01
2.501777699999999822e+04 1.302621746063232422e+01
2.501786000000000058e+04 1.287789344787597656e+01
2.501794299999999930e+04 1.249612236022949219e+01
2.501802600000000166e+04 1.208845901489257812e+01
2.501810900000000038e+04 1.183447551727294922e+01
2.501819199999999910e+04 1.157415103912353516e+01
2.501827500000000146e+04 1.139816379547119141e+01
2.501835800000000017e+04 1.116484069824218750e+01
2.501844099999999889e+04 1.117708206176757812e+01
2.501852400000000125e+04 1.246294212341308594e+01
2.501860699999999997e+04 1.298741912841796875e+01
2.501868999999999869e+04 1.335754299163818359e+01
2.501877300000000105e+04 1.342019844055175781e+01
2.501885599999999977e+04 1.335436630249023438e+01
2.501893899999999849e+04 1.286798572540283203e+01
2.501902200000000084e+04 1.235626697540283203e+01
2.501910499999999956e+04 1.182271289825439453e+01
2.501918799999999828e+04 1.154929447174072266e+01
2.501927100000000064e+04 1.134314918518066406e+01
2.501935399999999936e+04 1.117762947082519531e+01
2.501943700000000172e+04 1.117800426483154297e+01
2.501952000000000044e+04 1.242710113525390625e+01
2.501960299999999916e+04 1.292278099060058594e+01
2.501968600000000151e+04 1.307074832916259766e+01
2.501976900000000023e+04 1.332297992706298828e+01
2.501985199999999895e+04 1.329898452758789062e+01
2.501993500000000131e+04 1.281901836395263672e+01
