2.500009800000000178e+04 1.467153320312500000e+03
2.500018100000000049e+04 1.467157226562500000e+03
2.500026399999999921e+04 1.467162231445312500e+03
2.500034700000000157e+04 1.467167602539062500e+03
2.500043000000000029e+04 1.467173217773437500e+03
2.500051299999999901e+04 1.467179077148437500e+03
2.500059600000000137e+04 1.467458740234375000e+03
2.500067900000000009e+04 1.467463867187500000e+03
2.500076199999999881e+04 1.467504516601562500e+03
2.500084500000000116e+04 1.467508178710937500e+03
2.500092799999999988e+04 1.467511230468750000e+03
2.500101099999999860e+04 1.467514648437500000e+03
2.500109400000000096e+04 1.467518066406250000e+03
2.500117699999999968e+04 1.467521850585937500e+03
2.500125999999999840e+04 1.467526611328125000e+03
2.500134300000000076e+04 1.467531982421875000e+03
2.500142599999999948e+04 1.467537597656250000e+03
2.500150899999999820e+04 1.467543457031250000e+03
2.500159200000000055e+04 1.467637329101562500e+03
2.500167499999999927e+04 1.467642578125000000e+03
2.500175800000000163e+04 1.467674804687500000e+03
2.500184100000000035e+04 1.467678588867187500e+03
2.500192399999999907e+04 1.467681640625000000e+03
2.500200700000000143e+04 1.467685058593750000e+03
2.500209000000000015e+04 1.467688476562500000e+03
2.500217299999999886e+04 1.467692138671875000e+03
2.500225600000000122e+04 1.467697021484375000e+03
2.500233899999999994e+04 1.467702392578125000e+03
2.500242199999999866e+04 1.467707885742187500e+03
2.500250500000000102e+04 1.467713867187500000e+03
2.500258799999999974e+04 1.467796875000000000e+03
2.500267099999999846e+04 1.467802001953125000e+03
2.500275400000000081e+04 1.467830932617187500e+03
2.500283699999999953e+04 1.467834716796875000e+03
2.500291999999999825e+04 1.467837768554687500e+03
2.500300300000000061e+04 1.467841186523437500e+03
2.500308599999999933e+04 1.467844604492187500e+03
2.500316900000000169e+04 1.467848266601562500e+03
2.500325200000000041e+04 1.467853149414062500e+03
2.500333499999999913e+04 1.467858520507812500e+03
2.500341800000000148e+04 1.467864135742187500e+03
2.500350100000000020e+04 1.467869995117187500e+03
2.500358399999999892e+04 1.467944824218750000e+03
2.500366700000000128e+04 1.467950073242187500e+03
2.500375000000000000e+04 1.467976440429687500e+03
2.500383299999999872e+04 1.467980224609375000e+03
2.500391600000000108e+04 1.467983154296875000e+03
2.500399899999999980e+04 1.467986572265625000e+03
2.500408199999999852e+04 1.467989990234375000e+03
2.500416500000000087e+04 1.467993774414062500e+03
2.500424799999999959e+04 1.467998535156250000e+03
2.500433099999999831e+04 1.468003906250000000e+03
2.500441400000000067e+04 1.468009521484375000e+03
2.500449699999999939e+04 1.468015380859375000e+03
2.500458000000000175e+04 1.468083862304687500e+03
2.500466300000000047e+04 1.468089233398437500e+03
2.500474599999999919e+04 1.468113769531250000e+03
2.500482900000000154e+04 1.468117675781250000e+03
2.500491200000000026e+04 1.468120849609375000e+03
2.500499499999999898e+04 1.468124145507812500e+03
2.500507800000000134e+04 1.468127563476562500e+03
2.500516100000000006e+04 1.468131225585937500e+03
2.500524399999999878e+04 1.468135864257812500e+03
2.500532700000000114e+04 1.468141113281250000e+03
2.500540999999999985e+04 1.468146606445312500e+03
2.500549299999999857e+04 1.468152465820312500e+03
2.500557600000000093e+04 1.468215820312500000e+03
2.500565899999999965e+04 1.468221191406250000e+03
2.500574199999999837e+04 1.468244018554687500e+03
2.500582500000000073e+04 1.468247924804687500e+03
2.500590799999999945e+04 1.468251098632812500e+03
2.500599100000000180e+04 1.468254394531250000e+03
2.500607400000000052e+04 1.468257812500000000e+03
2.500615699999999924e+04 1.468261596679687500e+03
2.500624000000000160e+04 1.468266113281250000e+03
2.500632300000000032e+04 1.468271362304687500e+03
2.500640599999999904e+04 1.468276977539062500e+03
2.500648900000000140e+04 1.468282714843750000e+03
2.500657200000000012e+04 1.468341796875000000e+03
2.500665499999999884e+04 1.468347167968750000e+03
2.500673800000000119e+04 1.468368774414062500e+03
2.500682099999999991e+04 1.468372680664062500e+03
2.500690399999999863e+04 1.468375732421875000e+03
2.500698700000000099e+04 1.468379150390625000e+03
2.500706999999999971e+04 1.468382568359375000e+03
2.500715299999999843e+04 1.468386230468750000e+03
2.500723600000000079e+04 1.468390869140625000e+03
2.500731899999999951e+04 1.468396118164062500e+03
2.500740199999999822e+04 1.468401611328125000e+03
2.500748500000000058e+04 1.468407470703125000e+03
2.500756799999999930e+04 1.468462890625000000e+03
2.500765100000000166e+04 1.468468261718750000e+03
2.500773400000000038e+04 1.468488769531250000e+03
2.500781699999999910e+04 1.468492553710937500e+03
2.500790000000000146e+04 1.468495727539062500e+03
2.500798300000000017e+04 1.468499023437500000e+03
2.500806599999999889e+04 1.468502563476562500e+03
2.500814900000000125e+04 1.468506103515625000e+03
2.500823199999999997e+04 1.468510742187500000e+03
2.500831499999999869e+04 1.468515991210937500e+03
2.500839800000000105e+04 1.468521484375000000e+03
2.500848099999999977e+04 1.468527343750000000e+03
2.500856399999999849e+04 1.468579711914062500e+03
2.500864700000000084e+04 1.468585205078125000e+03
2.500872999999999956e+04 1.468604980468750000e+03
2.500881299999999828e+04 1.468608886718750000e+03
2.500889600000000064e+04 1.468612182617187500e+03
2.500897899999999936e+04 1.468615478515625000e+03
2.500906200000000172e+04 1.468618896484375000e+03
2.500914500000000044e+04 1.468622558593750000e+03
2.500922799999999916e+04 1.468626953125000000e+03
2.500931100000000151e+04 1.468632080078125000e+03
2.500939400000000023e+04 1.468637573242187500e+03
2.500947699999999895e+04 1.468643310546875000e+03
2.500956000000000131e+04 1.468693115234375000e+03
2.500964300000000003e+04 1.468698608398437500e+03
2.500972599999999875e+04 1.468717407226562500e+03
2.500980900000000111e+04 1.468721435546875000e+03
2.500989199999999983e+04 1.468724731445312500e+03
2.500997499999999854e+04 1.468728027343750000e+03
2.501005800000000090e+04 1.468731445312500000e+03
2.501014099999999962e+04 1.468735107421875000e+03
2.501022399999999834e+04 1.468739501953125000e+03
2.501030700000000070e+04 1.468744628906250000e+03
2.501038999999999942e+04 1.468750122070312500e+03
2.501047300000000178e+04 1.468755859375000000e+03
2.501055600000000049e+04 1.468803466796875000e+03
2.501063899999999921e+04 1.468808959960937500e+03
2.501072200000000157e+04 1.468827026367187500e+03
2.501080500000000029e+04 1.468831054687500000e+03
2.501088799999999901e+04 1.468834350585937500e+03
2.501097100000000137e+04 1.468837524414062500e+03
2.501105400000000009e+04 1.468841064453125000e+03
2.501113699999999881e+04 1.468844604492187500e+03
2.501122000000000116e+04 1.468848999023437500e+03
2.501130299999999988e+04 1.468854125976562500e+03
2.501138599999999860e+04 1.468859619140625000e+03
2.501146900000000096e+04 1.468865478515625000e+03
2.501155199999999968e+04 1.468911010742187500e+03
2.501163499999999840e+04 1.468916503906250000e+03
2.501171800000000076e+04 1.468933959960937500e+03
2.501180099999999948e+04 1.468937988281250000e+03
2.501188399999999820e+04 1.468941284179687500e+03
2.501196700000000055e+04 1.468944580078125000e+03
2.501204999999999927e+04 1.468947998046875000e+03
2.501213300000000163e+04 1.468951538085937500e+03
2.501221600000000035e+04 1.468955932617187500e+03
2.501229899999999907e+04 1.468961059570312500e+03
2.501238200000000143e+04 1.468966552734375000e+03
2.501246500000000015e+04 1.468972290039062500e+03
2.501254799999999886e+04 1.469016235351562500e+03
2.501263100000000122e+04 1.469021728515625000e+03
2.501271399999999994e+04 1.469038818359375000e+03
2.501279699999999866e+04 1.469042968750000000e+03
2.501288000000000102e+04 1.469046386718750000e+03
2.501296299999999974e+04 1.469049560546875000e+03
2.501304599999999846e+04 1.469052978515625000e+03
2.501312900000000081e+04 1.469056518554687500e+03
2.501321199999999953e+04 1.469060913085937500e+03
2.501329499999999825e+04 1.469066040039062500e+03
2.501337800000000061e+04 1.469071411132812500e+03
2.501346099999999933e+04 1.469077148437500000e+03
2.501354400000000169e+04 1.469119506835937500e+03
2.501362700000000041e+04 1.469125122070312500e+03
2.501370999999999913e+04 1.469141723632812500e+03
2.501379300000000148e+04 1.469145874023437500e+03
2.501387600000000020e+04 1.469149291992187500e+03
2.501395899999999892e+04 1.469152465820312500e+03
2.501404200000000128e+04 1.469155883789062500e+03
2.501412500000000000e+04 1.469159423828125000e+03
2.501420799999999872e+04 1.469163696289062500e+03
2.501429100000000108e+04 1.469168701171875000e+03
2.501437399999999980e+04 1.469174194335937500e+03
2.501445699999999852e+04 1.469179809570312500e+03
2.501454000000000087e+04 1.469220825195312500e+03
2.501462299999999959e+04 1.469226440429687500e+03
2.501470599999999831e+04 1.469242675781250000e+03
2.501478900000000067e+04 1.469246826171875000e+03
2.501487199999999939e+04 1.469250244140625000e+03
2.501495500000000175e+04 1.469253417968750000e+03
2.501503800000000047e+04 1.469256835937500000e+03
2.501512099999999919e+04 1.469260375976562500e+03
2.501520400000000154e+04 1.469264648437500000e+03
2.501528700000000026e+04 1.469269653320312500e+03
2.501536999999999898e+04 1.469275024414062500e+03
2.501545300000000134e+04 1.469280761718750000e+03
2.501553600000000006e+04 1.469320556640625000e+03
2.501561899999999878e+04 1.469326293945312500e+03
2.501570200000000114e+04 1.469342041015625000e+03
2.501578499999999985e+04 1.469346191406250000e+03
2.501586799999999857e+04 1.469349609375000000e+03
2.501595100000000093e+04 1.469352783203125000e+03
2.501603399999999965e+04 1.469356201171875000e+03
2.501611699999999837e+04 1.469359741210937500e+03
2.501620000000000073e+04 1.469363891601562500e+03
2.501628299999999945e+04 1.469368896484375000e+03
2.501636600000000180e+04 1.469374389648437500e+03
2.501644900000000052e+04 1.469380126953125000e+03
2.501653199999999924e+04 1.469418823242187500e+03
2.501661500000000160e+04 1.469424438476562500e+03
2.501669800000000032e+04 1.469440185546875000e+03
2.501678099999999904e+04 1.469444335937500000e+03
2.501686400000000140e+04 1.469447998046875000e+03
2.501694700000000012e+04 1.469451049804687500e+03
2.501702999999999884e+04 1.469454467773437500e+03
2.501711300000000119e+04 1.469458007812500000e+03
2.501719599999999991e+04 1.469462158203125000e+03
2.501727899999999863e+04 1.469467041015625000e+03
2.501736200000000099e+04 1.469472534179687500e+03
2.501744499999999971e+04 1.469478149414062500e+03
2.501752799999999843e+04 1.469515991210937500e+03
2.501761100000000079e+04 1.469521728515625000e+03
2.501769399999999951e+04 1.469537109375000000e+03
2.501777699999999822e+04 1.469541381835937500e+03
2.501786000000000058e+04 1.469544921875000000e+03
2.501794299999999930e+04 1.469547973632812500e+03
2.501802600000000166e+04 1.469551391601562500e+03
2.501810900000000038e+04 1.469554931640625000e+03
2.501819199999999910e+04 1.469558959960937500e+03
2.501827500000000146e+04 1.469563842773437500e+03
2.501835800000000017e+04 1.469569213867187500e+03
2.501844099999999889e+04 1.469574829101562500e+03
2.501852400000000125e+04 1.469611816406250000e+03
2.501860699999999997e+04 1.469617553710937500e+03
2.501868999999999869e+04 1.469632690429687500e+03
2.501877300000000105e+04 1.469636962890625000e+03
2.501885599999999977e+04 1.469640502929687500e+03
2.501893899999999849e+04 1.469643554687500000e+03
2.501902200000000084e+04 1.469646972656250000e+03
2.501910499999999956e+04 1.469650512695312500e+03
2.501918799999999828e+04 1.469654418945312500e+03
2.501927100000000064e+04 1.469659423828125000e+03
2.501935399999999936e+04 1.469664794921875000e+03
2.501943700000000172e+04 1.469670410156250000e+03
2.501952000000000044e+04 1.469706542968750000e+03
2.501960299999999916e+04 1.469712402343750000e+03
2.501968600000000151e+04 1.469727172851562500e+03
2.501976900000000023e+04 1.469731445312500000e+03
2.501985199999999895e+04 1.469734985351562500e+03
2.501993500000000131e+04 1.469738159179687500e+03
