2.500009800000000178e+04 8.698015747070312500e+02
2.500018100000000049e+04 8.698088989257812500e+02
2.500026399999999921e+04 8.698175659179687500e+02
2.500034700000000157e+04 8.698264770507812500e+02
2.500043000000000029e+04 8.698345336914062500e+02
2.500051299999999901e+04 8.698298950195312500e+02
2.500059600000000137e+04 8.698079223632812500e+02
2.500067900000000009e+04 8.697908935546875000e+02
2.500076199999999881e+04 8.697990112304687500e+02
2.500084500000000116e+04 8.698050537109375000e+02
2.500092799999999988e+04 8.698107299804687500e+02
2.500101099999999860e+04 8.698169555664062500e+02
2.500109400000000096e+04 8.698231811523437500e+02
2.500117699999999968e+04 8.698298339843750000e+02
2.500125999999999840e+04 8.698379516601562500e+02
2.500134300000000076e+04 8.698468017578125000e+02
2.500142599999999948e+04 8.698544921875000000e+02
2.500150899999999820e+04 8.698533325195312500e+02
2.500159200000000055e+04 8.698331298828125000e+02
2.500167499999999927e+04 8.698154907226562500e+02
2.500175800000000163e+04 8.698229980468750000e+02
2.500184100000000035e+04 8.698287353515625000e+02
2.500192399999999907e+04 8.698341674804687500e+02
2.500200700000000143e+04 8.698400878906250000e+02
2.500209000000000015e+04 8.698460693359375000e+02
2.500217299999999886e+04 8.698524169921875000e+02
2.500225600000000122e+04 8.698602905273437500e+02
2.500233899999999994e+04 8.698688354492187500e+02
2.500242199999999866e+04 8.698762207031250000e+02
2.500250500000000102e+04 8.698748168945312500e+02
2.500258799999999974e+04 8.698541870117187500e+02
2.500267099999999846e+04 8.698360595703125000e+02
2.500275400000000081e+04 8.698430786132812500e+02
2.500283699999999953e+04 8.698486328125000000e+02
2.500291999999999825e+04 8.698538208007812500e+02
2.500300300000000061e+04 8.698595581054687500e+02
2.500308599999999933e+04 8.698652954101562500e+02
2.500316900000000169e+04 8.698714599609375000e+02
2.500325200000000041e+04 8.698790893554687500e+02
2.500333499999999913e+04 8.698874511718750000e+02
2.500341800000000148e+04 8.698946533203125000e+02
2.500350100000000020e+04 8.698930664062500000e+02
2.500358399999999892e+04 8.698720092773437500e+02
2.500366700000000128e+04 8.698535156250000000e+02
2.500375000000000000e+04 8.698601684570312500e+02
2.500383299999999872e+04 8.698655395507812500e+02
2.500391600000000108e+04 8.698705444335937500e+02
2.500399899999999980e+04 8.698761596679687500e+02
2.500408199999999852e+04 8.698817138671875000e+02
2.500416500000000087e+04 8.698875732421875000e+02
2.500424799999999959e+04 8.698950805664062500e+02
2.500433099999999831e+04 8.699032592773437500e+02
2.500441400000000067e+04 8.699103393554687500e+02
2.500449699999999939e+04 8.699062500000000000e+02
2.500458000000000175e+04 8.698848876953125000e+02
2.500466300000000047e+04 8.698624267578125000e+02
2.500474599999999919e+04 8.698638305664062500e+02
2.500482900000000154e+04 8.698693237304687500e+02
2.500491200000000026e+04 8.698741455078125000e+02
2.500499499999999898e+04 8.698795166015625000e+02
2.500507800000000134e+04 8.698848876953125000e+02
2.500516100000000006e+04 8.698906860351562500e+02
2.500524399999999878e+04 8.698977050781250000e+02
2.500532700000000114e+04 8.699056396484375000e+02
2.500540999999999985e+04 8.699127807617187500e+02
2.500549299999999857e+04 8.699102172851562500e+02
2.500557600000000093e+04 8.698932495117187500e+02
2.500565899999999965e+04 8.698705444335937500e+02
2.500574199999999837e+04 8.698716430664062500e+02
2.500582500000000073e+04 8.698770751953125000e+02
2.500590799999999945e+04 8.698817749023437500e+02
2.500599100000000180e+04 8.698869628906250000e+02
2.500607400000000052e+04 8.698922729492187500e+02
2.500615699999999924e+04 8.698979492187500000e+02
2.500624000000000160e+04 8.699048461914062500e+02
2.500632300000000032e+04 8.699126586914062500e+02
2.500640599999999904e+04 8.699196777343750000e+02
2.500648900000000140e+04 8.699172973632812500e+02
2.500657200000000012e+04 8.699000244140625000e+02
2.500665499999999884e+04 8.698771362304687500e+02
2.500673800000000119e+04 8.698780517578125000e+02
2.500682099999999991e+04 8.698833618164062500e+02
2.500690399999999863e+04 8.698879394531250000e+02
2.500698700000000099e+04 8.698930664062500000e+02
2.500706999999999971e+04 8.698982543945312500e+02
2.500715299999999843e+04 8.699038085937500000e+02
2.500723600000000079e+04 8.699106445312500000e+02
2.500731899999999951e+04 8.699183959960937500e+02
2.500740199999999822e+04 8.699253540039062500e+02
2.500748500000000058e+04 8.699229125976562500e+02
2.500756799999999930e+04 8.699055175781250000e+02
2.500765100000000166e+04 8.698823852539062500e+02
2.500773400000000038e+04 8.698831787109375000e+02
2.500781699999999910e+04 8.698883666992187500e+02
2.500790000000000146e+04 8.698928833007812500e+02
2.500798300000000017e+04 8.698978881835937500e+02
2.500806599999999889e+04 8.699030151367187500e+02
2.500814900000000125e+04 8.699083862304687500e+02
2.500823199999999997e+04 8.699151611328125000e+02
2.500831499999999869e+04 8.699227905273437500e+02
2.500839800000000105e+04 8.699296875000000000e+02
2.500848099999999977e+04 8.699271850585937500e+02
2.500856399999999849e+04 8.699095458984375000e+02
2.500864700000000084e+04 8.698826293945312500e+02
2.500872999999999956e+04 8.698781738281250000e+02
2.500881299999999828e+04 8.698842163085937500e+02
2.500889600000000064e+04 8.698886718750000000e+02
2.500897899999999936e+04 8.698934936523437500e+02
2.500906200000000172e+04 8.698985595703125000e+02
2.500914500000000044e+04 8.699038696289062500e+02
2.500922799999999916e+04 8.699102172851562500e+02
2.500931100000000151e+04 8.699176635742187500e+02
2.500939400000000023e+04 8.699246826171875000e+02
2.500947699999999895e+04 8.699235229492187500e+02
2.500956000000000131e+04 8.699138793945312500e+02
2.500964300000000003e+04 8.698867797851562500e+02
2.500972599999999875e+04 8.698822631835937500e+02
2.500980900000000111e+04 8.698881225585937500e+02
2.500989199999999983e+04 8.698925170898437500e+02
2.500997499999999854e+04 8.698972778320312500e+02
2.501005800000000090e+04 8.699022827148437500e+02
2.501014099999999962e+04 8.699075317382812500e+02
2.501022399999999834e+04 8.699138183593750000e+02
2.501030700000000070e+04 8.699212036132812500e+02
2.501038999999999942e+04 8.699281616210937500e+02
2.501047300000000178e+04 8.699268188476562500e+02
2.501055600000000049e+04 8.699169921875000000e+02
2.501063899999999921e+04 8.698897705078125000e+02
2.501072200000000157e+04 8.698851318359375000e+02
2.501080500000000029e+04 8.698909301757812500e+02
2.501088799999999901e+04 8.698952026367187500e+02
2.501097100000000137e+04 8.698999023437500000e+02
2.501105400000000009e+04 8.699048461914062500e+02
2.501113699999999881e+04 8.699100341796875000e+02
2.501122000000000116e+04 8.699162597656250000e+02
2.501130299999999988e+04 8.699235839843750000e+02
2.501138599999999860e+04 8.699304809570312500e+02
2.501146900000000096e+04 8.699294433593750000e+02
2.501155199999999968e+04 8.699194946289062500e+02
2.501163499999999840e+04 8.698921508789062500e+02
2.501171800000000076e+04 8.698874511718750000e+02
2.501180099999999948e+04 8.698931274414062500e+02
2.501188399999999820e+04 8.698973388671875000e+02
2.501196700000000055e+04 8.699019775390625000e+02
2.501204999999999927e+04 8.699068603515625000e+02
2.501213300000000163e+04 8.699119262695312500e+02
2.501221600000000035e+04 8.699181518554687500e+02
2.501229899999999907e+04 8.699254150390625000e+02
2.501238200000000143e+04 8.699322509765625000e+02
2.501246500000000015e+04 8.699312133789062500e+02
2.501254799999999886e+04 8.699210815429687500e+02
2.501263100000000122e+04 8.698936157226562500e+02
2.501271399999999994e+04 8.698837280273437500e+02
2.501279699999999866e+04 8.698892822265625000e+02
2.501288000000000102e+04 8.698935546875000000e+02
2.501296299999999974e+04 8.698980102539062500e+02
2.501304599999999846e+04 8.699028930664062500e+02
2.501312900000000081e+04 8.699078979492187500e+02
2.501321199999999953e+04 8.699140625000000000e+02
2.501329499999999825e+04 8.699211425781250000e+02
2.501337800000000061e+04 8.699281616210937500e+02
2.501346099999999933e+04 8.699310302734375000e+02
2.501354400000000169e+04 8.699249267578125000e+02
2.501362700000000041e+04 8.698970336914062500e+02
2.501370999999999913e+04 8.698870849609375000e+02
2.501379300000000148e+04 8.698925170898437500e+02
2.501387600000000020e+04 8.698967285156250000e+02
2.501395899999999892e+04 8.699011840820312500e+02
2.501404200000000128e+04 8.699060058593750000e+02
2.501412500000000000e+04 8.699110107421875000e+02
2.501420799999999872e+04 8.699168090820312500e+02
2.501429100000000108e+04 8.699238281250000000e+02
2.501437399999999980e+04 8.699308471679687500e+02
2.501445699999999852e+04 8.699336547851562500e+02
2.501454000000000087e+04 8.699275512695312500e+02
2.501462299999999959e+04 8.698993530273437500e+02
2.501470599999999831e+04 8.698893432617187500e+02
2.501478900000000067e+04 8.698947143554687500e+02
2.501487199999999939e+04 8.698989257812500000e+02
2.501495500000000175e+04 8.699033203125000000e+02
2.501503800000000047e+04 8.699080810546875000e+02
2.501512099999999919e+04 8.699130249023437500e+02
2.501520400000000154e+04 8.699188842773437500e+02
2.501528700000000026e+04 8.699258422851562500e+02
2.501536999999999898e+04 8.699328613281250000e+02
2.501545300000000134e+04 8.699356079101562500e+02
2.501553600000000006e+04 8.699294433593750000e+02
2.501561899999999878e+04 8.699011840820312500e+02
2.501570200000000114e+04 8.698910522460937500e+02
2.501578499999999985e+04 8.698964233398437500e+02
2.501586799999999857e+04 8.699005737304687500e+02
2.501595100000000093e+04 8.699049682617187500e+02
2.501603399999999965e+04 8.699097290039062500e+02
2.501611699999999837e+04 8.699145507812500000e+02
2.501620000000000073e+04 8.699203491210937500e+02
2.501628299999999945e+04 8.699273071289062500e+02
2.501636600000000180e+04 8.699342651367187500e+02
2.501644900000000052e+04 8.699369506835937500e+02
2.501653199999999924e+04 8.699307861328125000e+02
2.501661500000000160e+04 8.699023437500000000e+02
2.501669800000000032e+04 8.698871459960937500e+02
2.501678099999999904e+04 8.698923339843750000e+02
2.501686400000000140e+04 8.698966674804687500e+02
2.501694700000000012e+04 8.699008789062500000e+02
2.501702999999999884e+04 8.699055786132812500e+02
2.501711300000000119e+04 8.699104003906250000e+02
2.501719599999999991e+04 8.699161376953125000e+02
2.501727899999999863e+04 8.699229736328125000e+02
2.501736200000000099e+04 8.699298706054687500e+02
2.501744499999999971e+04 8.699343872070312500e+02
2.501752799999999843e+04 8.699299926757812500e+02
2.501761100000000079e+04 8.699038696289062500e+02
2.501769399999999951e+04 8.698885498046875000e+02
2.501777699999999822e+04 8.698937377929687500e+02
2.501786000000000058e+04 8.698980102539062500e+02
2.501794299999999930e+04 8.699022216796875000e+02
2.501802600000000166e+04 8.699069213867187500e+02
2.501810900000000038e+04 8.699117431640625000e+02
2.501819199999999910e+04 8.699171752929687500e+02
2.501827500000000146e+04 8.699238891601562500e+02
2.501835800000000017e+04 8.699310302734375000e+02
2.501844099999999889e+04 8.699354858398437500e+02
2.501852400000000125e+04 8.699310913085937500e+02
2.501860699999999997e+04 8.699051513671875000e+02
2.501868999999999869e+04 8.698898315429687500e+02
2.501877300000000105e+04 8.698948974609375000e+02
2.501885599999999977e+04 8.698991699218750000e+02
2.501893899999999849e+04 8.699033813476562500e+02
2.501902200000000084e+04 8.699080810546875000e+02
2.501910499999999956e+04 8.699128417968750000e+02
2.501918799999999828e+04 8.699182128906250000e+02
2.501927100000000064e+04 8.699249877929687500e+02
2.501935399999999936e+04 8.699320678710937500e+02
2.501943700000000172e+04 8.699365234375000000e+02
2.501952000000000044e+04 8.699320678710937500e+02
2.501960299999999916e+04 8.699060668945312500e+02
2.501968600000000151e+04 8.698906860351562500e+02
2.501976900000000023e+04 8.698957519531250000e+02
2.501985199999999895e+04 8.699000244140625000e+02
2.501993500000000131e+04 8.699042358398437500e+02
