2.500009800000000178e+04 1.312633056640625000e+03
2.500018100000000049e+04 1.312636962890625000e+03
2.500026399999999921e+04 1.312641845703125000e+03
2.500034700000000157e+04 1.312647338867187500e+03
2.500043000000000029e+04 1.312652832031250000e+03
2.500051299999999901e+04 1.312658813476562500e+03
2.500059600000000137e+04 1.312938354492187500e+03
2.500067900000000009e+04 1.312943603515625000e+03
2.500076199999999881e+04 1.312984130859375000e+03
2.500084500000000116e+04 1.312987915039062500e+03
2.500092799999999988e+04 1.312990844726562500e+03
2.500101099999999860e+04 1.312994384765625000e+03
2.500109400000000096e+04 1.312997802734375000e+03
2.500117699999999968e+04 1.313001464843750000e+03
2.500125999999999840e+04 1.313006347656250000e+03
2.500134300000000076e+04 1.313011718750000000e+03
2.500142599999999948e+04 1.313017211914062500e+03
2.500150899999999820e+04 1.313023193359375000e+03
2.500159200000000055e+04 1.313117065429687500e+03
2.500167499999999927e+04 1.313122314453125000e+03
2.500175800000000163e+04 1.313154541015625000e+03
2.500184100000000035e+04 1.313158325195312500e+03
2.500192399999999907e+04 1.313161254882812500e+03
2.500200700000000143e+04 1.313164672851562500e+03
2.500209000000000015e+04 1.313168090820312500e+03
2.500217299999999886e+04 1.313171875000000000e+03
2.500225600000000122e+04 1.313176757812500000e+03
2.500233899999999994e+04 1.313182006835937500e+03
2.500242199999999866e+04 1.313187622070312500e+03
2.500250500000000102e+04 1.313193603515625000e+03
2.500258799999999974e+04 1.313276489257812500e+03
2.500267099999999846e+04 1.313281738281250000e+03
2.500275400000000081e+04 1.313310668945312500e+03
2.500283699999999953e+04 1.313314453125000000e+03
2.500291999999999825e+04 1.313317382812500000e+03
2.500300300000000061e+04 1.313320800781250000e+03
2.500308599999999933e+04 1.313324218750000000e+03
2.500316900000000169e+04 1.313328002929687500e+03
2.500325200000000041e+04 1.313332885742187500e+03
2.500333499999999913e+04 1.313338256835937500e+03
2.500341800000000148e+04 1.313343750000000000e+03
2.500350100000000020e+04 1.313349731445312500e+03
2.500358399999999892e+04 1.313424560546875000e+03
2.500366700000000128e+04 1.313429687500000000e+03
2.500375000000000000e+04 1.313456176757812500e+03
2.500383299999999872e+04 1.313459838867187500e+03
2.500391600000000108e+04 1.313462890625000000e+03
2.500399899999999980e+04 1.313466308593750000e+03
2.500408199999999852e+04 1.313469726562500000e+03
2.500416500000000087e+04 1.313473388671875000e+03
2.500424799999999959e+04 1.313478271484375000e+03
2.500433099999999831e+04 1.313483642578125000e+03
2.500441400000000067e+04 1.313489135742187500e+03
2.500449699999999939e+04 1.313495117187500000e+03
2.500458000000000175e+04 1.313563598632812500e+03
2.500466300000000047e+04 1.313568847656250000e+03
2.500474599999999919e+04 1.313593505859375000e+03
2.500482900000000154e+04 1.313597290039062500e+03
2.500491200000000026e+04 1.313600463867187500e+03
2.500499499999999898e+04 1.313603881835937500e+03
2.500507800000000134e+04 1.313607299804687500e+03
2.500516100000000006e+04 1.313610961914062500e+03
2.500524399999999878e+04 1.313615600585937500e+03
2.500532700000000114e+04 1.313620849609375000e+03
2.500540999999999985e+04 1.313626342773437500e+03
2.500549299999999857e+04 1.313632202148437500e+03
2.500557600000000093e+04 1.313695434570312500e+03
2.500565899999999965e+04 1.313700805664062500e+03
2.500574199999999837e+04 1.313723754882812500e+03
2.500582500000000073e+04 1.313727661132812500e+03
2.500590799999999945e+04 1.313730834960937500e+03
2.500599100000000180e+04 1.313734130859375000e+03
2.500607400000000052e+04 1.313737548828125000e+03
2.500615699999999924e+04 1.313741210937500000e+03
2.500624000000000160e+04 1.313745849609375000e+03
2.500632300000000032e+04 1.313751098632812500e+03
2.500640599999999904e+04 1.313756591796875000e+03
2.500648900000000140e+04 1.313762451171875000e+03
2.500657200000000012e+04 1.313821533203125000e+03
2.500665499999999884e+04 1.313826904296875000e+03
2.500673800000000119e+04 1.313848388671875000e+03
2.500682099999999991e+04 1.313852294921875000e+03
2.500690399999999863e+04 1.313855468750000000e+03
2.500698700000000099e+04 1.313858764648437500e+03
2.500706999999999971e+04 1.313862182617187500e+03
2.500715299999999843e+04 1.313865966796875000e+03
2.500723600000000079e+04 1.313870483398437500e+03
2.500731899999999951e+04 1.313875732421875000e+03
2.500740199999999822e+04 1.313881347656250000e+03
2.500748500000000058e+04 1.313887084960937500e+03
2.500756799999999930e+04 1.313942626953125000e+03
2.500765100000000166e+04 1.313947998046875000e+03
2.500773400000000038e+04 1.313968383789062500e+03
2.500781699999999910e+04 1.313972290039062500e+03
2.500790000000000146e+04 1.313975463867187500e+03
2.500798300000000017e+04 1.313978759765625000e+03
2.500806599999999889e+04 1.313982177734375000e+03
2.500814900000000125e+04 1.313985839843750000e+03
2.500823199999999997e+04 1.313990478515625000e+03
2.500831499999999869e+04 1.313995727539062500e+03
2.500839800000000105e+04 1.314001220703125000e+03
2.500848099999999977e+04 1.314007080078125000e+03
2.500856399999999849e+04 1.314059448242187500e+03
2.500864700000000084e+04 1.314064941406250000e+03
2.500872999999999956e+04 1.314084594726562500e+03
2.500881299999999828e+04 1.314088623046875000e+03
2.500889600000000064e+04 1.314091918945312500e+03
2.500897899999999936e+04 1.314095214843750000e+03
2.500906200000000172e+04 1.314098632812500000e+03
2.500914500000000044e+04 1.314102172851562500e+03
2.500922799999999916e+04 1.314106567382812500e+03
2.500931100000000151e+04 1.314111694335937500e+03
2.500939400000000023e+04 1.314117187500000000e+03
2.500947699999999895e+04 1.314123046875000000e+03
2.500956000000000131e+04 1.314172851562500000e+03
2.500964300000000003e+04 1.314178344726562500e+03
2.500972599999999875e+04 1.314197143554687500e+03
2.500980900000000111e+04 1.314201171875000000e+03
2.500989199999999983e+04 1.314204467773437500e+03
2.500997499999999854e+04 1.314207641601562500e+03
2.501005800000000090e+04 1.313774780273437500e+03
2.501014099999999962e+04 1.313778442382812500e+03
2.501022399999999834e+04 1.313782836914062500e+03
2.501030700000000070e+04 1.313787963867187500e+03
2.501038999999999942e+04 1.313793457031250000e+03
2.501047300000000178e+04 1.313799194335937500e+03
2.501055600000000049e+04 1.313846801757812500e+03
2.501063899999999921e+04 1.313852294921875000e+03
2.501072200000000157e+04 1.313870483398437500e+03
2.501080500000000029e+04 1.313874389648437500e+03
2.501088799999999901e+04 1.313877685546875000e+03
2.501097100000000137e+04 1.313880981445312500e+03
2.501105400000000009e+04 1.313884399414062500e+03
2.501113699999999881e+04 1.313888061523437500e+03
2.501122000000000116e+04 1.313892456054687500e+03
2.501130299999999988e+04 1.313897583007812500e+03
2.501138599999999860e+04 1.313903076171875000e+03
2.501146900000000096e+04 1.313908813476562500e+03
2.501155199999999968e+04 1.313954467773437500e+03
2.501163499999999840e+04 1.313959960937500000e+03
2.501171800000000076e+04 1.313977416992187500e+03
2.501180099999999948e+04 1.313981445312500000e+03
2.501188399999999820e+04 1.313984741210937500e+03
2.501196700000000055e+04 1.313987915039062500e+03
2.501204999999999927e+04 1.313991333007812500e+03
2.501213300000000163e+04 1.313994995117187500e+03
2.501221600000000035e+04 1.313999389648437500e+03
2.501229899999999907e+04 1.314004516601562500e+03
2.501238200000000143e+04 1.314010009765625000e+03
2.501246500000000015e+04 1.314015747070312500e+03
2.501254799999999886e+04 1.314059570312500000e+03
2.501263100000000122e+04 1.314065063476562500e+03
2.501271399999999994e+04 1.314082275390625000e+03
2.501279699999999866e+04 1.314086303710937500e+03
2.501288000000000102e+04 1.314089843750000000e+03
2.501296299999999974e+04 1.314093017578125000e+03
2.501304599999999846e+04 1.314096435546875000e+03
2.501312900000000081e+04 1.314099975585937500e+03
2.501321199999999953e+04 1.314104370117187500e+03
2.501329499999999825e+04 1.314109375000000000e+03
2.501337800000000061e+04 1.314114868164062500e+03
2.501346099999999933e+04 1.314120483398437500e+03
2.501354400000000169e+04 1.314162841796875000e+03
2.501362700000000041e+04 1.314168457031250000e+03
2.501370999999999913e+04 1.314185180664062500e+03
2.501379300000000148e+04 1.314189331054687500e+03
2.501387600000000020e+04 1.314192749023437500e+03
2.501395899999999892e+04 1.314195922851562500e+03
2.501404200000000128e+04 1.314199340820312500e+03
2.501412500000000000e+04 1.314202880859375000e+03
2.501420799999999872e+04 1.314207031250000000e+03
2.501429100000000108e+04 1.314212036132812500e+03
2.501437399999999980e+04 1.314217529296875000e+03
2.501445699999999852e+04 1.314223266601562500e+03
2.501454000000000087e+04 1.314264282226562500e+03
2.501462299999999959e+04 1.314269897460937500e+03
2.501470599999999831e+04 1.314286132812500000e+03
2.501478900000000067e+04 1.314290283203125000e+03
2.501487199999999939e+04 1.314293701171875000e+03
2.501495500000000175e+04 1.314296875000000000e+03
2.501503800000000047e+04 1.314300292968750000e+03
2.501512099999999919e+04 1.314303833007812500e+03
2.501520400000000154e+04 1.314307983398437500e+03
2.501528700000000026e+04 1.314312988281250000e+03
2.501536999999999898e+04 1.314318481445312500e+03
2.501545300000000134e+04 1.314324218750000000e+03
2.501553600000000006e+04 1.314364013671875000e+03
2.501561899999999878e+04 1.314369628906250000e+03
2.501570200000000114e+04 1.314385498046875000e+03
2.501578499999999985e+04 1.314389648437500000e+03
2.501586799999999857e+04 1.314393066406250000e+03
2.501595100000000093e+04 1.314396240234375000e+03
2.501603399999999965e+04 1.314399658203125000e+03
2.501611699999999837e+04 1.314403076171875000e+03
2.501620000000000073e+04 1.314407348632812500e+03
2.501628299999999945e+04 1.314412353515625000e+03
2.501636600000000180e+04 1.314417724609375000e+03
2.501644900000000052e+04 1.314423461914062500e+03
2.501653199999999924e+04 1.314462280273437500e+03
2.501661500000000160e+04 1.314467895507812500e+03
2.501669800000000032e+04 1.314483520507812500e+03
2.501678099999999904e+04 1.314487792968750000e+03
2.501686400000000140e+04 1.314491333007812500e+03
2.501694700000000012e+04 1.314494506835937500e+03
2.501702999999999884e+04 1.314497924804687500e+03
2.501711300000000119e+04 1.314501342773437500e+03
2.501719599999999991e+04 1.314505615234375000e+03
2.501727899999999863e+04 1.314510498046875000e+03
2.501736200000000099e+04 1.314515869140625000e+03
2.501744499999999971e+04 1.314521606445312500e+03
2.501752799999999843e+04 1.314559326171875000e+03
2.501761100000000079e+04 1.314565185546875000e+03
2.501769399999999951e+04 1.314580444335937500e+03
2.501777699999999822e+04 1.314584716796875000e+03
2.501786000000000058e+04 1.314588378906250000e+03
2.501794299999999930e+04 1.314591430664062500e+03
2.501802600000000166e+04 1.314594848632812500e+03
2.501810900000000038e+04 1.314598388671875000e+03
2.501819199999999910e+04 1.314602294921875000e+03
2.501827500000000146e+04 1.314607177734375000e+03
2.501835800000000017e+04 1.314612670898437500e+03
2.501844099999999889e+04 1.314618286132812500e+03
2.501852400000000125e+04 1.314655151367187500e+03
2.501860699999999997e+04 1.314661010742187500e+03
2.501868999999999869e+04 1.314676025390625000e+03
2.501877300000000105e+04 1.314680297851562500e+03
2.501885599999999977e+04 1.314683959960937500e+03
2.501893899999999849e+04 1.314687011718750000e+03
2.501902200000000084e+04 1.314690429687500000e+03
2.501910499999999956e+04 1.314693847656250000e+03
2.501918799999999828e+04 1.314697875976562500e+03
2.501927100000000064e+04 1.314702758789062500e+03
2.501935399999999936e+04 1.314708129882812500e+03
2.501943700000000172e+04 1.314713867187500000e+03
2.501952000000000044e+04 1.314750000000000000e+03
2.501960299999999916e+04 1.314755737304687500e+03
2.501968600000000151e+04 1.314770629882812500e+03
2.501976900000000023e+04 1.314774780273437500e+03
2.501985199999999895e+04 1.314778442382812500e+03
2.501993500000000131e+04 1.314781494140625000e+03
