2.500009800000000178e+04 1.312841918945312500e+03
2.500018100000000049e+04 1.312845825195312500e+03
2.500026399999999921e+04 1.312850830078125000e+03
2.500034700000000157e+04 1.312856201171875000e+03
2.500043000000000029e+04 1.312861816406250000e+03
2.500051299999999901e+04 1.312867675781250000e+03
2.500059600000000137e+04 1.313147094726562500e+03
2.500067900000000009e+04 1.313152343750000000e+03
2.500076199999999881e+04 1.313192871093750000e+03
2.500084500000000116e+04 1.313196655273437500e+03
2.500092799999999988e+04 1.313199584960937500e+03
2.500101099999999860e+04 1.313203002929687500e+03
2.500109400000000096e+04 1.313206420898437500e+03
2.500117699999999968e+04 1.313210205078125000e+03
2.500125999999999840e+04 1.313215087890625000e+03
2.500134300000000076e+04 1.313220336914062500e+03
2.500142599999999948e+04 1.313225952148437500e+03
2.500150899999999820e+04 1.313231933593750000e+03
2.500159200000000055e+04 1.313325683593750000e+03
2.500167499999999927e+04 1.313330932617187500e+03
2.500175800000000163e+04 1.313363159179687500e+03
2.500184100000000035e+04 1.313366943359375000e+03
2.500192399999999907e+04 1.313369873046875000e+03
2.500200700000000143e+04 1.313373291015625000e+03
2.500209000000000015e+04 1.313376708984375000e+03
2.500217299999999886e+04 1.313380493164062500e+03
2.500225600000000122e+04 1.313385375976562500e+03
2.500233899999999994e+04 1.313390625000000000e+03
2.500242199999999866e+04 1.313396240234375000e+03
2.500250500000000102e+04 1.313402221679687500e+03
2.500258799999999974e+04 1.313485107421875000e+03
2.500267099999999846e+04 1.313490356445312500e+03
2.500275400000000081e+04 1.313519287109375000e+03
2.500283699999999953e+04 1.313522949218750000e+03
2.500291999999999825e+04 1.313526000976562500e+03
2.500300300000000061e+04 1.313529418945312500e+03
2.500308599999999933e+04 1.313532836914062500e+03
2.500316900000000169e+04 1.313536621093750000e+03
2.500325200000000041e+04 1.313541381835937500e+03
2.500333499999999913e+04 1.313546752929687500e+03
2.500341800000000148e+04 1.313552368164062500e+03
2.500350100000000020e+04 1.313558227539062500e+03
2.500358399999999892e+04 1.313633056640625000e+03
2.500366700000000128e+04 1.313638305664062500e+03
2.500375000000000000e+04 1.313664672851562500e+03
2.500383299999999872e+04 1.313668334960937500e+03
2.500391600000000108e+04 1.313671386718750000e+03
2.500399899999999980e+04 1.313674804687500000e+03
2.500408199999999852e+04 1.313678222656250000e+03
2.500416500000000087e+04 1.313681884765625000e+03
2.500424799999999959e+04 1.313686767578125000e+03
2.500433099999999831e+04 1.313692138671875000e+03
2.500441400000000067e+04 1.313697631835937500e+03
2.500449699999999939e+04 1.313703613281250000e+03
2.500458000000000175e+04 1.313771972656250000e+03
2.500466300000000047e+04 1.313777343750000000e+03
2.500474599999999919e+04 1.313801879882812500e+03
2.500482900000000154e+04 1.313805786132812500e+03
2.500491200000000026e+04 1.313808959960937500e+03
2.500499499999999898e+04 1.313812255859375000e+03
2.500507800000000134e+04 1.313815673828125000e+03
2.500516100000000006e+04 1.313819335937500000e+03
2.500524399999999878e+04 1.313823974609375000e+03
2.500532700000000114e+04 1.313829223632812500e+03
2.500540999999999985e+04 1.313834716796875000e+03
2.500549299999999857e+04 1.313840576171875000e+03
2.500557600000000093e+04 1.313903808593750000e+03
2.500565899999999965e+04 1.313909179687500000e+03
2.500574199999999837e+04 1.313932128906250000e+03
2.500582500000000073e+04 1.313936035156250000e+03
2.500590799999999945e+04 1.313939208984375000e+03
2.500599100000000180e+04 1.313942504882812500e+03
2.500607400000000052e+04 1.313945922851562500e+03
2.500615699999999924e+04 1.313949584960937500e+03
2.500624000000000160e+04 1.313954223632812500e+03
2.500632300000000032e+04 1.313959472656250000e+03
2.500640599999999904e+04 1.313964965820312500e+03
2.500648900000000140e+04 1.313970825195312500e+03
2.500657200000000012e+04 1.314029907226562500e+03
2.500665499999999884e+04 1.314035156250000000e+03
2.500673800000000119e+04 1.314056762695312500e+03
2.500682099999999991e+04 1.314060668945312500e+03
2.500690399999999863e+04 1.314063842773437500e+03
2.500698700000000099e+04 1.314067138671875000e+03
2.500706999999999971e+04 1.314070556640625000e+03
2.500715299999999843e+04 1.314074218750000000e+03
2.500723600000000079e+04 1.314078857421875000e+03
2.500731899999999951e+04 1.314084106445312500e+03
2.500740199999999822e+04 1.314089599609375000e+03
2.500748500000000058e+04 1.314095458984375000e+03
2.500756799999999930e+04 1.314150878906250000e+03
2.500765100000000166e+04 1.314156250000000000e+03
2.500773400000000038e+04 1.314176757812500000e+03
2.500781699999999910e+04 1.314180541992187500e+03
2.500790000000000146e+04 1.314183715820312500e+03
2.500798300000000017e+04 1.314187011718750000e+03
2.500806599999999889e+04 1.314190551757812500e+03
2.500814900000000125e+04 1.314194091796875000e+03
2.500823199999999997e+04 1.314198730468750000e+03
2.500831499999999869e+04 1.314203979492187500e+03
2.500839800000000105e+04 1.314209472656250000e+03
2.500848099999999977e+04 1.314215332031250000e+03
2.500856399999999849e+04 1.314267700195312500e+03
2.500864700000000084e+04 1.314273193359375000e+03
2.500872999999999956e+04 1.314292846679687500e+03
2.500881299999999828e+04 1.314296875000000000e+03
2.500889600000000064e+04 1.314300170898437500e+03
2.500897899999999936e+04 1.314303466796875000e+03
2.500906200000000172e+04 1.314306884765625000e+03
2.500914500000000044e+04 1.314310424804687500e+03
2.500922799999999916e+04 1.314314819335937500e+03
2.500931100000000151e+04 1.314319946289062500e+03
2.500939400000000023e+04 1.314325439453125000e+03
2.500947699999999895e+04 1.314331298828125000e+03
2.500956000000000131e+04 1.314380981445312500e+03
2.500964300000000003e+04 1.314386474609375000e+03
2.500972599999999875e+04 1.314405395507812500e+03
2.500980900000000111e+04 1.314409301757812500e+03
2.500989199999999983e+04 1.314412597656250000e+03
2.500997499999999854e+04 1.314415893554687500e+03
2.501005800000000090e+04 1.313983276367187500e+03
2.501014099999999962e+04 1.313986816406250000e+03
2.501022399999999834e+04 1.313991210937500000e+03
2.501030700000000070e+04 1.313996337890625000e+03
2.501038999999999942e+04 1.314001831054687500e+03
2.501047300000000178e+04 1.314007690429687500e+03
2.501055600000000049e+04 1.314055175781250000e+03
2.501063899999999921e+04 1.314060668945312500e+03
2.501072200000000157e+04 1.314078735351562500e+03
2.501080500000000029e+04 1.314082763671875000e+03
2.501088799999999901e+04 1.314086059570312500e+03
2.501097100000000137e+04 1.314089355468750000e+03
2.501105400000000009e+04 1.314092773437500000e+03
2.501113699999999881e+04 1.314096435546875000e+03
2.501122000000000116e+04 1.314100830078125000e+03
2.501130299999999988e+04 1.314105957031250000e+03
2.501138599999999860e+04 1.314111450195312500e+03
2.501146900000000096e+04 1.314117187500000000e+03
2.501155199999999968e+04 1.314162719726562500e+03
2.501163499999999840e+04 1.314168212890625000e+03
2.501171800000000076e+04 1.314185668945312500e+03
2.501180099999999948e+04 1.314189697265625000e+03
2.501188399999999820e+04 1.314192993164062500e+03
2.501196700000000055e+04 1.314196289062500000e+03
2.501204999999999927e+04 1.314199707031250000e+03
2.501213300000000163e+04 1.314203247070312500e+03
2.501221600000000035e+04 1.314207641601562500e+03
2.501229899999999907e+04 1.314212768554687500e+03
2.501238200000000143e+04 1.314218261718750000e+03
2.501246500000000015e+04 1.314223999023437500e+03
2.501254799999999886e+04 1.314267944335937500e+03
2.501263100000000122e+04 1.314273437500000000e+03
2.501271399999999994e+04 1.314290527343750000e+03
2.501279699999999866e+04 1.314294677734375000e+03
2.501288000000000102e+04 1.314298095703125000e+03
2.501296299999999974e+04 1.314301269531250000e+03
2.501304599999999846e+04 1.314304687500000000e+03
2.501312900000000081e+04 1.314308227539062500e+03
2.501321199999999953e+04 1.314312622070312500e+03
2.501329499999999825e+04 1.314317626953125000e+03
2.501337800000000061e+04 1.314323120117187500e+03
2.501346099999999933e+04 1.314328857421875000e+03
2.501354400000000169e+04 1.314371093750000000e+03
2.501362700000000041e+04 1.314376708984375000e+03
2.501370999999999913e+04 1.314393432617187500e+03
2.501379300000000148e+04 1.314397583007812500e+03
2.501387600000000020e+04 1.314401000976562500e+03
2.501395899999999892e+04 1.314404174804687500e+03
2.501404200000000128e+04 1.314407592773437500e+03
2.501412500000000000e+04 1.314411132812500000e+03
2.501420799999999872e+04 1.314415283203125000e+03
2.501429100000000108e+04 1.314420288085937500e+03
2.501437399999999980e+04 1.314425781250000000e+03
2.501445699999999852e+04 1.314431518554687500e+03
2.501454000000000087e+04 1.314472412109375000e+03
2.501462299999999959e+04 1.314478149414062500e+03
2.501470599999999831e+04 1.314494262695312500e+03
2.501478900000000067e+04 1.314498413085937500e+03
2.501487199999999939e+04 1.314501831054687500e+03
2.501495500000000175e+04 1.314505004882812500e+03
2.501503800000000047e+04 1.314508422851562500e+03
2.501512099999999919e+04 1.314512084960937500e+03
2.501520400000000154e+04 1.314516235351562500e+03
2.501528700000000026e+04 1.314521240234375000e+03
2.501536999999999898e+04 1.314526733398437500e+03
2.501545300000000134e+04 1.314532348632812500e+03
2.501553600000000006e+04 1.314572143554687500e+03
2.501561899999999878e+04 1.314577758789062500e+03
2.501570200000000114e+04 1.314593627929687500e+03
2.501578499999999985e+04 1.314597778320312500e+03
2.501586799999999857e+04 1.314601196289062500e+03
2.501595100000000093e+04 1.314604370117187500e+03
2.501603399999999965e+04 1.314607788085937500e+03
2.501611699999999837e+04 1.314611328125000000e+03
2.501620000000000073e+04 1.314615478515625000e+03
2.501628299999999945e+04 1.314620483398437500e+03
2.501636600000000180e+04 1.314625976562500000e+03
2.501644900000000052e+04 1.314631713867187500e+03
2.501653199999999924e+04 1.314670410156250000e+03
2.501661500000000160e+04 1.314676025390625000e+03
2.501669800000000032e+04 1.314691650390625000e+03
2.501678099999999904e+04 1.314695922851562500e+03
2.501686400000000140e+04 1.314699462890625000e+03
2.501694700000000012e+04 1.314702636718750000e+03
2.501702999999999884e+04 1.314706054687500000e+03
2.501711300000000119e+04 1.314709472656250000e+03
2.501719599999999991e+04 1.314713745117187500e+03
2.501727899999999863e+04 1.314718627929687500e+03
2.501736200000000099e+04 1.314723999023437500e+03
2.501744499999999971e+04 1.314729736328125000e+03
2.501752799999999843e+04 1.314767456054687500e+03
2.501761100000000079e+04 1.314773193359375000e+03
2.501769399999999951e+04 1.314788574218750000e+03
2.501777699999999822e+04 1.314792846679687500e+03
2.501786000000000058e+04 1.314796386718750000e+03
2.501794299999999930e+04 1.314799560546875000e+03
2.501802600000000166e+04 1.314802978515625000e+03
2.501810900000000038e+04 1.314806396484375000e+03
2.501819199999999910e+04 1.314810424804687500e+03
2.501827500000000146e+04 1.314815307617187500e+03
2.501835800000000017e+04 1.314820678710937500e+03
2.501844099999999889e+04 1.314826416015625000e+03
2.501852400000000125e+04 1.314863281250000000e+03
2.501860699999999997e+04 1.314869018554687500e+03
2.501868999999999869e+04 1.314884155273437500e+03
2.501877300000000105e+04 1.314888427734375000e+03
2.501885599999999977e+04 1.314891967773437500e+03
2.501893899999999849e+04 1.314895019531250000e+03
2.501902200000000084e+04 1.314898437500000000e+03
2.501910499999999956e+04 1.314901977539062500e+03
2.501918799999999828e+04 1.314905883789062500e+03
2.501927100000000064e+04 1.314910888671875000e+03
2.501935399999999936e+04 1.314916259765625000e+03
2.501943700000000172e+04 1.314921875000000000e+03
2.501952000000000044e+04 1.314958007812500000e+03
2.501960299999999916e+04 1.314963745117187500e+03
2.501968600000000151e+04 1.314978637695312500e+03
2.501976900000000023e+04 1.314982910156250000e+03
2.501985199999999895e+04 1.314986450195312500e+03
2.501993500000000131e+04 1.314989501953125000e+03
