2.500009800000000178e+04 1.252305150032043457e+00
2.500018100000000049e+04 1.256520152091979980e+00
2.500026399999999921e+04 1.257407426834106445e+00
2.500034700000000157e+04 1.258309483528137207e+00
2.500043000000000029e+04 1.259261012077331543e+00
2.500051299999999901e+04 2.423434257507324219e+00
2.500059600000000137e+04 1.798619985580444336e+00
2.500067900000000009e+04 1.748674273490905762e+00
2.500076199999999881e+04 1.776192188262939453e+00
2.500084500000000116e+04 1.645123004913330078e+00
2.500092799999999988e+04 1.266096711158752441e+00
2.500101099999999860e+04 1.267072200775146484e+00
2.500109400000000096e+04 1.268056273460388184e+00
2.500117699999999968e+04 1.269046664237976074e+00
2.500125999999999840e+04 1.270043849945068359e+00
2.500134300000000076e+04 1.271050095558166504e+00
2.500142599999999948e+04 1.272063732147216797e+00
2.500150899999999820e+04 1.273265957832336426e+00
2.500159200000000055e+04 1.907532691955566406e+00
2.500167499999999927e+04 1.764205694198608398e+00
2.500175800000000163e+04 1.792074441909790039e+00
2.500184100000000035e+04 1.686706066131591797e+00
2.500192399999999907e+04 1.279434919357299805e+00
2.500200700000000143e+04 1.280466079711914062e+00
2.500209000000000015e+04 1.281500220298767090e+00
2.500217299999999886e+04 1.282535076141357422e+00
2.500225600000000122e+04 1.283571600914001465e+00
2.500233899999999994e+04 1.284611821174621582e+00
2.500242199999999866e+04 1.285654664039611816e+00
2.500250500000000102e+04 1.286877036094665527e+00
2.500258799999999974e+04 1.922773718833923340e+00
2.500267099999999846e+04 1.777186512947082520e+00
2.500275400000000081e+04 1.805410623550415039e+00
2.500283699999999953e+04 1.720146536827087402e+00
2.500291999999999825e+04 1.293091535568237305e+00
2.500300300000000061e+04 1.294120788574218750e+00
2.500308599999999933e+04 1.295149445533752441e+00
2.500316900000000169e+04 1.296175599098205566e+00
2.500325200000000041e+04 1.297200322151184082e+00
2.500333499999999913e+04 1.298225879669189453e+00
2.500341800000000148e+04 1.299251079559326172e+00
2.500350100000000020e+04 1.300450086593627930e+00
2.500358399999999892e+04 1.927150726318359375e+00
2.500366700000000128e+04 1.789767026901245117e+00
2.500375000000000000e+04 1.818009734153747559e+00
2.500383299999999872e+04 1.748993039131164551e+00
2.500391600000000108e+04 1.306582570075988770e+00
2.500399899999999980e+04 1.307577252388000488e+00
2.500408199999999852e+04 1.308569669723510742e+00
2.500416500000000087e+04 1.309557914733886719e+00
2.500424799999999959e+04 1.310542821884155273e+00
2.500433099999999831e+04 1.311527490615844727e+00
2.500441400000000067e+04 1.312510371208190918e+00
2.500449699999999939e+04 2.474284887313842773e+00
2.500458000000000175e+04 1.866927385330200195e+00
2.500466300000000047e+04 1.803188085556030273e+00
2.500474599999999919e+04 1.816150426864624023e+00
2.500482900000000154e+04 1.924118638038635254e+00
2.500491200000000026e+04 1.385548710823059082e+00
2.500499499999999898e+04 1.320516705513000488e+00
2.500507800000000134e+04 1.321457743644714355e+00
2.500516100000000006e+04 1.322394490242004395e+00
2.500524399999999878e+04 1.323327183723449707e+00
2.500532700000000114e+04 1.324258208274841309e+00
2.500540999999999985e+04 1.325187325477600098e+00
2.500549299999999857e+04 2.541994571685791016e+00
2.500557600000000093e+04 1.887697219848632812e+00
2.500565899999999965e+04 1.826728343963623047e+00
2.500574199999999837e+04 1.829038500785827637e+00
2.500582500000000073e+04 1.935958266258239746e+00
2.500590799999999945e+04 1.405653715133666992e+00
2.500599100000000180e+04 1.332697987556457520e+00
2.500607400000000052e+04 1.333582043647766113e+00
2.500615699999999924e+04 1.334461331367492676e+00
2.500624000000000160e+04 1.335336685180664062e+00
2.500632300000000032e+04 1.336210250854492188e+00
2.500640599999999904e+04 1.337081789970397949e+00
2.500648900000000140e+04 2.541973114013671875e+00
2.500657200000000012e+04 1.900940895080566406e+00
2.500665499999999884e+04 1.838219165802001953e+00
2.500673800000000119e+04 1.840420365333557129e+00
2.500682099999999991e+04 1.947574257850646973e+00
2.500690399999999863e+04 1.423317074775695801e+00
2.500698700000000099e+04 1.344182491302490234e+00
2.500706999999999971e+04 1.345008492469787598e+00
2.500715299999999843e+04 1.345830082893371582e+00
2.500723600000000079e+04 1.346647620201110840e+00
2.500731899999999951e+04 1.347463607788085938e+00
2.500740199999999822e+04 1.348277807235717773e+00
2.500748500000000058e+04 2.509923458099365234e+00
2.500756799999999930e+04 1.911655545234680176e+00
2.500765100000000166e+04 1.848770022392272949e+00
2.500773400000000038e+04 1.850898027420043945e+00
2.500781699999999910e+04 1.958559870719909668e+00
2.500790000000000146e+04 1.439570784568786621e+00
2.500798300000000017e+04 1.354979276657104492e+00
2.500806599999999889e+04 1.355749130249023438e+00
2.500814900000000125e+04 1.356514811515808105e+00
2.500823199999999997e+04 1.357276439666748047e+00
2.500831499999999869e+04 1.358037114143371582e+00
2.500839800000000105e+04 1.358796119689941406e+00
2.500848099999999977e+04 2.518704652786254883e+00
2.500856399999999849e+04 1.922196745872497559e+00
2.500864700000000084e+04 1.858372569084167480e+00
2.500872999999999956e+04 1.848594427108764648e+00
2.500881299999999828e+04 1.938054442405700684e+00
2.500889600000000064e+04 1.572384595870971680e+00
2.500897899999999936e+04 1.365182399749755859e+00
2.500906200000000172e+04 1.365898728370666504e+00
2.500914500000000044e+04 1.366611480712890625e+00
2.500922799999999916e+04 1.367320537567138672e+00
2.500931100000000151e+04 1.368028163909912109e+00
2.500939400000000023e+04 1.368734836578369141e+00
2.500947699999999895e+04 2.602382421493530273e+00
2.500956000000000131e+04 1.941462635993957520e+00
2.500964300000000003e+04 1.885335206985473633e+00
2.500972599999999875e+04 1.864629268646240234e+00
2.500980900000000111e+04 1.947322249412536621e+00
2.500989199999999983e+04 1.588135242462158203e+00
2.500997499999999854e+04 1.374755740165710449e+00
2.501005800000000090e+04 1.375422596931457520e+00
2.501014099999999962e+04 1.375686764717102051e+00
2.501022399999999834e+04 1.376346588134765625e+00
2.501030700000000070e+04 1.377005219459533691e+00
2.501038999999999942e+04 1.377663254737854004e+00
2.501047300000000178e+04 2.656093597412109375e+00
2.501055600000000049e+04 1.946667790412902832e+00
2.501063899999999921e+04 1.893206119537353516e+00
2.501072200000000157e+04 1.873290896415710449e+00
2.501080500000000029e+04 1.955895543098449707e+00
2.501088799999999901e+04 1.582771897315979004e+00
2.501097100000000137e+04 1.383350133895874023e+00
2.501105400000000009e+04 1.383970975875854492e+00
2.501113699999999881e+04 1.384588837623596191e+00
2.501122000000000116e+04 1.385203719139099121e+00
2.501130299999999988e+04 1.385817885398864746e+00
2.501138599999999860e+04 1.386431694030761719e+00
2.501146900000000096e+04 2.610119819641113281e+00
2.501155199999999968e+04 1.960506200790405273e+00
2.501163499999999840e+04 1.901587605476379395e+00
2.501171800000000076e+04 1.881748080253601074e+00
2.501180099999999948e+04 1.964293599128723145e+00
2.501188399999999820e+04 1.600382089614868164e+00
2.501196700000000055e+04 1.391812682151794434e+00
2.501204999999999927e+04 1.392391681671142578e+00
2.501213300000000163e+04 1.392968058586120605e+00
2.501221600000000035e+04 1.393541574478149414e+00
2.501229899999999907e+04 1.394114971160888672e+00
2.501238200000000143e+04 1.394688248634338379e+00
2.501246500000000015e+04 2.617198467254638672e+00
2.501254799999999886e+04 1.966225504875183105e+00
2.501263100000000122e+04 1.909809231758117676e+00
2.501271399999999994e+04 1.889275074005126953e+00
2.501279699999999866e+04 1.943642139434814453e+00
2.501288000000000102e+04 1.736131668090820312e+00
2.501296299999999974e+04 1.399856567382812500e+00
2.501304599999999846e+04 1.400396943092346191e+00
2.501312900000000081e+04 1.400935292243957520e+00
2.501321199999999953e+04 1.401471257209777832e+00
2.501329499999999825e+04 1.402007341384887695e+00
2.501337800000000061e+04 1.402543067932128906e+00
2.501346099999999933e+04 1.403146862983703613e+00
2.501354400000000169e+04 2.157109498977661133e+00
2.501362700000000041e+04 1.924089431762695312e+00
2.501370999999999913e+04 1.894505381584167480e+00
2.501379300000000148e+04 1.954451560974121094e+00
2.501387600000000020e+04 1.761248826980590820e+00
2.501395899999999892e+04 1.407467126846313477e+00
2.501404200000000128e+04 1.407972574234008789e+00
2.501412500000000000e+04 1.408476352691650391e+00
2.501420799999999872e+04 1.408977985382080078e+00
2.501429100000000108e+04 1.409479141235351562e+00
2.501437399999999980e+04 1.409981131553649902e+00
2.501445699999999852e+04 1.410551548004150391e+00
2.501454000000000087e+04 2.168522357940673828e+00
2.501462299999999959e+04 1.931323289871215820e+00
2.501470599999999831e+04 1.901460289955139160e+00
2.501478900000000067e+04 1.961538910865783691e+00
2.501487199999999939e+04 1.772727251052856445e+00
2.501495500000000175e+04 1.414678812026977539e+00
2.501503800000000047e+04 1.415152311325073242e+00
2.501512099999999919e+04 1.415624618530273438e+00
2.501520400000000154e+04 1.416094779968261719e+00
2.501528700000000026e+04 1.416564822196960449e+00
2.501536999999999898e+04 1.417035937309265137e+00
2.501545300000000134e+04 1.417575597763061523e+00
2.501553600000000006e+04 2.175346136093139648e+00
2.501561899999999878e+04 1.937487840652465820e+00
2.501570200000000114e+04 1.908460855484008789e+00
2.501578499999999985e+04 1.968460917472839355e+00
2.501586799999999857e+04 1.783467173576354980e+00
2.501595100000000093e+04 1.421527385711669922e+00
2.501603399999999965e+04 1.421971797943115234e+00
2.501611699999999837e+04 1.422415018081665039e+00
2.501620000000000073e+04 1.422856330871582031e+00
2.501628299999999945e+04 1.423298001289367676e+00
2.501636600000000180e+04 1.423740863800048828e+00
2.501644900000000052e+04 1.424252510070800781e+00
2.501653199999999924e+04 2.181861639022827148e+00
2.501661500000000160e+04 1.944206953048706055e+00
2.501669800000000032e+04 1.915006399154663086e+00
2.501678099999999904e+04 1.951926946640014648e+00
2.501686400000000140e+04 1.870737910270690918e+00
2.501694700000000012e+04 1.428107261657714844e+00
2.501702999999999884e+04 1.428524613380432129e+00
2.501711300000000119e+04 1.428941488265991211e+00
2.501719599999999991e+04 1.429356455802917480e+00
2.501727899999999863e+04 1.429772019386291504e+00
2.501736200000000099e+04 1.430188417434692383e+00
2.501744499999999971e+04 1.430674552917480469e+00
2.501752799999999843e+04 2.309351205825805664e+00
2.501761100000000079e+04 1.955971240997314453e+00
2.501769399999999951e+04 1.920388698577880859e+00
2.501777699999999822e+04 1.960429668426513672e+00
2.501786000000000058e+04 1.885218501091003418e+00
2.501794299999999930e+04 1.434334993362426758e+00
2.501802600000000166e+04 1.434727907180786133e+00
2.501810900000000038e+04 1.435120463371276855e+00
2.501819199999999910e+04 1.435511469841003418e+00
2.501827500000000146e+04 1.435902357101440430e+00
2.501835800000000017e+04 1.436295151710510254e+00
2.501844099999999889e+04 1.436723589897155762e+00
2.501852400000000125e+04 2.315271615982055664e+00
2.501860699999999997e+04 1.962124109268188477e+00
2.501868999999999869e+04 1.926576375961303711e+00
2.501877300000000105e+04 1.966182827949523926e+00
2.501885599999999977e+04 1.893256068229675293e+00
2.501893899999999849e+04 1.440268397331237793e+00
2.501902200000000084e+04 1.440638899803161621e+00
2.501910499999999956e+04 1.441009402275085449e+00
2.501918799999999828e+04 1.441378355026245117e+00
2.501927100000000064e+04 1.441747307777404785e+00
2.501935399999999936e+04 1.442118525505065918e+00
2.501943700000000172e+04 1.442525386810302734e+00
2.501952000000000044e+04 2.311834573745727539e+00
2.501960299999999916e+04 1.967857956886291504e+00
2.501968600000000151e+04 1.931843042373657227e+00
2.501976900000000023e+04 1.971927285194396973e+00
2.501985199999999895e+04 1.900732278823852539e+00
2.501993500000000131e+04 1.445948004722595215e+00
