2.500009800000000178e+04 0.000000000000000000e+00
2.500018100000000049e+04 0.000000000000000000e+00
2.500026399999999921e+04 0.000000000000000000e+00
2.500034700000000157e+04 0.000000000000000000e+00
2.500043000000000029e+04 2.036872625350952148e+00
2.500051299999999901e+04 8.418672943115234375e+01
2.500059600000000137e+04 2.013099975585937500e+02
2.500067900000000009e+04 1.539198303222656250e+02
2.500076199999999881e+04 3.252012968063354492e+00
2.500084500000000116e+04 0.000000000000000000e+00
2.500092799999999988e+04 0.000000000000000000e+00
2.500101099999999860e+04 0.000000000000000000e+00
2.500109400000000096e+04 0.000000000000000000e+00
2.500117699999999968e+04 0.000000000000000000e+00
2.500125999999999840e+04 0.000000000000000000e+00
2.500134300000000076e+04 0.000000000000000000e+00
2.500142599999999948e+04 0.000000000000000000e+00
2.500150899999999820e+04 6.298351669311523438e+01
2.500159200000000055e+04 1.890967712402343750e+02
2.500167499999999927e+04 1.492039489746093750e+02
2.500175800000000163e+04 3.834270954132080078e+00
2.500184100000000035e+04 0.000000000000000000e+00
2.500192399999999907e+04 0.000000000000000000e+00
2.500200700000000143e+04 0.000000000000000000e+00
2.500209000000000015e+04 0.000000000000000000e+00
2.500217299999999886e+04 0.000000000000000000e+00
2.500225600000000122e+04 0.000000000000000000e+00
2.500233899999999994e+04 0.000000000000000000e+00
2.500242199999999866e+04 0.000000000000000000e+00
2.500250500000000102e+04 6.338963699340820312e+01
2.500258799999999974e+04 1.905702056884765625e+02
2.500267099999999846e+04 1.500121765136718750e+02
2.500275400000000081e+04 4.287714481353759766e+00
2.500283699999999953e+04 0.000000000000000000e+00
2.500291999999999825e+04 0.000000000000000000e+00
2.500300300000000061e+04 0.000000000000000000e+00
2.500308599999999933e+04 0.000000000000000000e+00
2.500316900000000169e+04 0.000000000000000000e+00
2.500325200000000041e+04 0.000000000000000000e+00
2.500333499999999913e+04 0.000000000000000000e+00
2.500341800000000148e+04 0.000000000000000000e+00
2.500350100000000020e+04 6.765602111816406250e+01
2.500358399999999892e+04 1.940334777832031250e+02
2.500366700000000128e+04 1.519487609863281250e+02
2.500375000000000000e+04 4.673716068267822266e+00
2.500383299999999872e+04 0.000000000000000000e+00
2.500391600000000108e+04 0.000000000000000000e+00
2.500399899999999980e+04 0.000000000000000000e+00
2.500408199999999852e+04 0.000000000000000000e+00
2.500416500000000087e+04 0.000000000000000000e+00
2.500424799999999959e+04 0.000000000000000000e+00
2.500433099999999831e+04 0.000000000000000000e+00
2.500441400000000067e+04 2.217033147811889648e+00
2.500449699999999939e+04 6.796047973632812500e+01
2.500458000000000175e+04 1.979290924072265625e+02
2.500466300000000047e+04 1.810261077880859375e+02
2.500474599999999919e+04 3.622597503662109375e+01
2.500482900000000154e+04 3.390757441520690918e-01
2.500491200000000026e+04 0.000000000000000000e+00
2.500499499999999898e+04 0.000000000000000000e+00
2.500507800000000134e+04 0.000000000000000000e+00
2.500516100000000006e+04 0.000000000000000000e+00
2.500524399999999878e+04 0.000000000000000000e+00
2.500532700000000114e+04 0.000000000000000000e+00
2.500540999999999985e+04 1.744404077529907227e+00
2.500549299999999857e+04 5.558163070678710938e+01
2.500557600000000093e+04 1.720835266113281250e+02
2.500565899999999965e+04 1.793864288330078125e+02
2.500574199999999837e+04 3.671525573730468750e+01
2.500582500000000073e+04 3.846066594123840332e-01
2.500590799999999945e+04 0.000000000000000000e+00
2.500599100000000180e+04 0.000000000000000000e+00
2.500607400000000052e+04 0.000000000000000000e+00
2.500615699999999924e+04 0.000000000000000000e+00
2.500624000000000160e+04 0.000000000000000000e+00
2.500632300000000032e+04 0.000000000000000000e+00
2.500640599999999904e+04 1.764118194580078125e+00
2.500648900000000140e+04 5.578921508789062500e+01
2.500657200000000012e+04 1.726064605712890625e+02
2.500665499999999884e+04 1.801937561035156250e+02
2.500673800000000119e+04 3.713297653198242188e+01
2.500682099999999991e+04 4.224075078964233398e-01
2.500690399999999863e+04 0.000000000000000000e+00
2.500698700000000099e+04 0.000000000000000000e+00
2.500706999999999971e+04 0.000000000000000000e+00
2.500715299999999843e+04 0.000000000000000000e+00
2.500723600000000079e+04 0.000000000000000000e+00
2.500731899999999951e+04 0.000000000000000000e+00
2.500740199999999822e+04 1.780741453170776367e+00
2.500748500000000058e+04 5.851674270629882812e+01
2.500756799999999930e+04 1.739772949218750000e+02
2.500765100000000166e+04 1.814746398925781250e+02
2.500773400000000038e+04 3.748752975463867188e+01
2.500781699999999910e+04 4.542005360126495361e-01
2.500790000000000146e+04 0.000000000000000000e+00
2.500798300000000017e+04 0.000000000000000000e+00
2.500806599999999889e+04 0.000000000000000000e+00
2.500814900000000125e+04 0.000000000000000000e+00
2.500823199999999997e+04 0.000000000000000000e+00
2.500831499999999869e+04 0.000000000000000000e+00
2.500839800000000105e+04 1.794932365417480469e+00
2.500848099999999977e+04 5.869318389892578125e+01
2.500856399999999849e+04 1.758623809814453125e+02
2.500864700000000084e+04 2.105759735107421875e+02
2.500872999999999956e+04 7.052024841308593750e+01
2.500881299999999828e+04 1.337261438369750977e+00
2.500889600000000064e+04 0.000000000000000000e+00
2.500897899999999936e+04 0.000000000000000000e+00
2.500906200000000172e+04 0.000000000000000000e+00
2.500914500000000044e+04 0.000000000000000000e+00
2.500922799999999916e+04 0.000000000000000000e+00
2.500931100000000151e+04 0.000000000000000000e+00
2.500939400000000023e+04 1.309432625770568848e+00
2.500947699999999895e+04 4.360304641723632812e+01
2.500956000000000131e+04 1.405793304443359375e+02
2.500964300000000003e+04 1.950177154541015625e+02
2.500972599999999875e+04 7.025730133056640625e+01
2.500980900000000111e+04 1.398287773132324219e+00
2.500989199999999983e+04 0.000000000000000000e+00
2.500997499999999854e+04 0.000000000000000000e+00
2.501005800000000090e+04 0.000000000000000000e+00
2.501014099999999962e+04 0.000000000000000000e+00
2.501022399999999834e+04 0.000000000000000000e+00
2.501030700000000070e+04 0.000000000000000000e+00
2.501038999999999942e+04 1.319778442382812500e+00
2.501047300000000178e+04 4.371767425537109375e+01
2.501055600000000049e+04 1.427007141113281250e+02
2.501063899999999921e+04 1.954231719970703125e+02
2.501072200000000157e+04 7.054137420654296875e+01
2.501080500000000029e+04 1.264363288879394531e+00
2.501088799999999901e+04 0.000000000000000000e+00
2.501097100000000137e+04 0.000000000000000000e+00
2.501105400000000009e+04 0.000000000000000000e+00
2.501113699999999881e+04 0.000000000000000000e+00
2.501122000000000116e+04 0.000000000000000000e+00
2.501130299999999988e+04 0.000000000000000000e+00
2.501138599999999860e+04 1.328838586807250977e+00
2.501146900000000096e+04 4.441016387939453125e+01
2.501155199999999968e+04 1.429762878417968750e+02
2.501163499999999840e+04 1.960213012695312500e+02
2.501171800000000076e+04 7.089030456542968750e+01
2.501180099999999948e+04 1.344682812690734863e+00
2.501188399999999820e+04 0.000000000000000000e+00
2.501196700000000055e+04 0.000000000000000000e+00
2.501204999999999927e+04 0.000000000000000000e+00
2.501213300000000163e+04 0.000000000000000000e+00
2.501221600000000035e+04 0.000000000000000000e+00
2.501229899999999907e+04 0.000000000000000000e+00
2.501238200000000143e+04 1.336828470230102539e+00
2.501246500000000015e+04 4.587770080566406250e+01
2.501254799999999886e+04 1.433420257568359375e+02
2.501263100000000122e+04 1.976464996337890625e+02
2.501271399999999994e+04 1.046117172241210938e+02
2.501279699999999866e+04 2.747747659683227539e+00
2.501288000000000102e+04 0.000000000000000000e+00
2.501296299999999974e+04 0.000000000000000000e+00
2.501304599999999846e+04 0.000000000000000000e+00
2.501312900000000081e+04 0.000000000000000000e+00
2.501321199999999953e+04 0.000000000000000000e+00
2.501329499999999825e+04 0.000000000000000000e+00
2.501337800000000061e+04 0.000000000000000000e+00
2.501346099999999933e+04 3.131492996215820312e+01
2.501354400000000169e+04 1.180149917602539062e+02
2.501362700000000041e+04 2.022196655273437500e+02
2.501370999999999913e+04 1.009557876586914062e+02
2.501379300000000148e+04 3.053530454635620117e+00
2.501387600000000020e+04 0.000000000000000000e+00
2.501395899999999892e+04 0.000000000000000000e+00
2.501404200000000128e+04 0.000000000000000000e+00
2.501412500000000000e+04 0.000000000000000000e+00
2.501420799999999872e+04 0.000000000000000000e+00
2.501429100000000108e+04 0.000000000000000000e+00
2.501437399999999980e+04 0.000000000000000000e+00
2.501445699999999852e+04 3.138458061218261719e+01
2.501454000000000087e+04 1.182040100097656250e+02
2.501462299999999959e+04 2.034978179931640625e+02
2.501470599999999831e+04 1.014621353149414062e+02
2.501478900000000067e+04 3.120683193206787109e+00
2.501487199999999939e+04 0.000000000000000000e+00
2.501495500000000175e+04 0.000000000000000000e+00
2.501503800000000047e+04 0.000000000000000000e+00
2.501512099999999919e+04 0.000000000000000000e+00
2.501520400000000154e+04 0.000000000000000000e+00
2.501528700000000026e+04 0.000000000000000000e+00
2.501536999999999898e+04 0.000000000000000000e+00
2.501545300000000134e+04 3.144802474975585938e+01
2.501553600000000006e+04 1.198700256347656250e+02
2.501561899999999878e+04 2.038059234619140625e+02
2.501570200000000114e+04 1.016828765869140625e+02
2.501578499999999985e+04 3.186279773712158203e+00
2.501586799999999857e+04 0.000000000000000000e+00
2.501595100000000093e+04 0.000000000000000000e+00
2.501603399999999965e+04 0.000000000000000000e+00
2.501611699999999837e+04 0.000000000000000000e+00
2.501620000000000073e+04 0.000000000000000000e+00
2.501628299999999945e+04 0.000000000000000000e+00
2.501636600000000180e+04 0.000000000000000000e+00
2.501644900000000052e+04 3.150617980957031250e+01
2.501653199999999924e+04 1.200149993896484375e+02
2.501661500000000160e+04 2.043923492431640625e+02
2.501669800000000032e+04 1.353200836181640625e+02
2.501678099999999904e+04 4.751340866088867188e+00
2.501686400000000140e+04 0.000000000000000000e+00
2.501694700000000012e+04 0.000000000000000000e+00
2.501702999999999884e+04 0.000000000000000000e+00
2.501711300000000119e+04 0.000000000000000000e+00
2.501719599999999991e+04 0.000000000000000000e+00
2.501727899999999863e+04 0.000000000000000000e+00
2.501736200000000099e+04 0.000000000000000000e+00
2.501744499999999971e+04 1.671106529235839844e+01
2.501752799999999843e+04 9.874410247802734375e+01
2.501761100000000079e+04 2.051636199951171875e+02
2.501769399999999951e+04 1.323442840576171875e+02
2.501777699999999822e+04 5.014264106750488281e+00
2.501786000000000058e+04 0.000000000000000000e+00
2.501794299999999930e+04 0.000000000000000000e+00
2.501802600000000166e+04 0.000000000000000000e+00
2.501810900000000038e+04 0.000000000000000000e+00
2.501819199999999910e+04 0.000000000000000000e+00
2.501827500000000146e+04 0.000000000000000000e+00
2.501835800000000017e+04 0.000000000000000000e+00
2.501844099999999889e+04 1.674290657043457031e+01
2.501852400000000125e+04 9.891792297363281250e+01
2.501860699999999997e+04 2.050904541015625000e+02
2.501868999999999869e+04 1.329778289794921875e+02
2.501877300000000105e+04 5.068115234375000000e+00
2.501885599999999977e+04 0.000000000000000000e+00
2.501893899999999849e+04 0.000000000000000000e+00
2.501902200000000084e+04 0.000000000000000000e+00
2.501910499999999956e+04 0.000000000000000000e+00
2.501918799999999828e+04 0.000000000000000000e+00
2.501927100000000064e+04 0.000000000000000000e+00
2.501935399999999936e+04 0.000000000000000000e+00
2.501943700000000172e+04 1.677242469787597656e+01
2.501952000000000044e+04 1.004197463989257812e+02
2.501960299999999916e+04 2.066397094726562500e+02
2.501968600000000151e+04 1.332852172851562500e+02
2.501976900000000023e+04 5.117049217224121094e+00
2.501985199999999895e+04 0.000000000000000000e+00
2.501993500000000131e+04 0.000000000000000000e+00
