2.500009800000000178e+04 2.696777228266000748e-03
2.500018100000000049e+04 2.696784911677241325e-03
2.500026399999999921e+04 2.696799580007791519e-03
2.500034700000000157e+04 2.696814248338341713e-03
2.500043000000000029e+04 2.696828683838248253e-03
2.500051299999999901e+04 2.696841955184936523e-03
2.500059600000000137e+04 2.696878509595990181e-03
2.500067900000000009e+04 2.988245803862810135e-03
2.500076199999999881e+04 2.966197906062006950e-03
2.500084500000000116e+04 3.004048485308885574e-03
2.500092799999999988e+04 2.988019026815891266e-03
2.500101099999999860e+04 2.974844072014093399e-03
2.500109400000000096e+04 2.963383682072162628e-03
2.500117699999999968e+04 2.953411545604467392e-03
2.500125999999999840e+04 2.944736508652567863e-03
2.500134300000000076e+04 2.937191165983676910e-03
2.500142599999999948e+04 2.930632792413234711e-03
2.500150899999999820e+04 2.924939384683966637e-03
2.500159200000000055e+04 2.920021302998065948e-03
2.500167499999999927e+04 3.050653031095862389e-03
2.500175800000000163e+04 3.037210786715149879e-03
2.500184100000000035e+04 3.064784687012434006e-03
2.500192399999999907e+04 3.052754327654838562e-03
2.500200700000000143e+04 3.042656229808926582e-03
2.500209000000000015e+04 3.033882705494761467e-03
2.500217299999999886e+04 3.026265650987625122e-03
2.500225600000000122e+04 3.019660944119095802e-03
2.500233899999999994e+04 3.013944718986749649e-03
2.500242199999999866e+04 3.009008243680000305e-03
2.500250500000000102e+04 3.004758618772029877e-03
2.500258799999999974e+04 3.001131583005189896e-03
2.500267099999999846e+04 3.119358327239751816e-03
2.500275400000000081e+04 3.109206445515155792e-03
2.500283699999999953e+04 3.134618280455470085e-03
2.500291999999999825e+04 3.125247545540332794e-03
2.500300300000000061e+04 3.117281012237071991e-03
2.500308599999999933e+04 3.110373858362436295e-03
2.500316900000000169e+04 3.104394767433404922e-03
2.500325200000000041e+04 3.099231515079736710e-03
2.500333499999999913e+04 3.094787010923027992e-03
2.500341800000000148e+04 3.090974641963839531e-03
2.500350100000000020e+04 3.087720833718776703e-03
2.500358399999999892e+04 3.084978321567177773e-03
2.500366700000000128e+04 3.193393815308809280e-03
2.500375000000000000e+04 3.185496898368000984e-03
2.500383299999999872e+04 3.209125949069857597e-03
2.500391600000000108e+04 3.201613435521721840e-03
2.500399899999999980e+04 3.195150289684534073e-03
2.500408199999999852e+04 3.189557930454611778e-03
2.500416500000000087e+04 3.184730885550379753e-03
2.500424799999999959e+04 3.180577885359525681e-03
2.500433099999999831e+04 3.177020000293850899e-03
2.500441400000000067e+04 3.173986915498971939e-03
2.500449699999999939e+04 3.171417862176895142e-03
2.500458000000000175e+04 3.169278148561716080e-03
2.500466300000000047e+04 3.269612323492765427e-03
2.500474599999999919e+04 3.263318212702870369e-03
2.500482900000000154e+04 3.285421757027506828e-03
2.500491200000000026e+04 3.279241733253002167e-03
2.500499499999999898e+04 3.273861249908804893e-03
2.500507800000000134e+04 3.269212786108255386e-03
2.500516100000000006e+04 3.265208331868052483e-03
2.500524399999999878e+04 3.261771984398365021e-03
2.500532700000000114e+04 3.258838318288326263e-03
2.500540999999999985e+04 3.256348194554448128e-03
2.500549299999999857e+04 3.254250623285770416e-03
2.500557600000000093e+04 3.252516267821192741e-03
2.500565899999999965e+04 3.346032928675413132e-03
2.500574199999999837e+04 3.340890165418386459e-03
2.500582500000000073e+04 3.361650975421071053e-03
2.500590799999999945e+04 3.356444416567683220e-03
2.500599100000000180e+04 3.351855557411909103e-03
2.500607400000000052e+04 3.347892314195632935e-03
2.500615699999999924e+04 3.344480879604816437e-03
2.500624000000000160e+04 3.341556293889880180e-03
2.500632300000000032e+04 3.339062677696347237e-03
2.500640599999999904e+04 3.336949972435832024e-03
2.500648900000000140e+04 3.335174405947327614e-03
2.500657200000000012e+04 3.333713160827755928e-03
2.500665499999999884e+04 3.421405795961618423e-03
2.500673800000000119e+04 3.417107043787837029e-03
2.500682099999999991e+04 3.436675062403082848e-03
2.500690399999999863e+04 3.432188183069229126e-03
2.500698700000000099e+04 3.428183263167738914e-03
2.500706999999999971e+04 3.424721537157893181e-03
2.500715299999999843e+04 3.421738510951399803e-03
2.500723600000000079e+04 3.419178770855069160e-03
2.500731899999999951e+04 3.416993888095021248e-03
2.500740199999999822e+04 3.415140090510249138e-03
2.500748500000000058e+04 3.413579659536480904e-03
2.500756799999999930e+04 3.412295365706086159e-03
2.500765100000000166e+04 3.494949545711278915e-03
2.500773400000000038e+04 3.491274314001202583e-03
2.500781699999999910e+04 3.509751753881573677e-03
2.500790000000000146e+04 3.505804343149065971e-03
2.500798300000000017e+04 3.502234583720564842e-03
2.500806599999999889e+04 3.499142359942197800e-03
2.500814900000000125e+04 3.496471093967556953e-03
2.500823199999999997e+04 3.494172589853405952e-03
2.500831499999999869e+04 3.492203541100025177e-03
2.500839800000000105e+04 3.490526229143142700e-03
2.500848099999999977e+04 3.489106893539428711e-03
2.500856399999999849e+04 3.487932961434125900e-03
2.500864700000000084e+04 3.566195489838719368e-03
2.500872999999999956e+04 3.562998725101351738e-03
2.500881299999999828e+04 3.580549964681267738e-03
2.500889600000000064e+04 3.577003953978419304e-03
2.500897899999999936e+04 3.573755500838160515e-03
2.500906200000000172e+04 3.570931265130639076e-03
2.500914500000000044e+04 3.568481886759400368e-03
2.500922799999999916e+04 3.566363593563437462e-03
2.500931100000000151e+04 3.564538434147834778e-03
2.500939400000000023e+04 3.562972880899906158e-03
2.500947699999999895e+04 3.561636665835976601e-03
2.500956000000000131e+04 3.560516284778714180e-03
2.500964300000000003e+04 3.634908935055136681e-03
2.500972599999999875e+04 3.632057458162307739e-03
2.500980900000000111e+04 3.648743731901049614e-03
2.500989199999999983e+04 3.645498072728514671e-03
2.500997499999999854e+04 3.642486874014139175e-03
2.501005800000000090e+04 3.639856819063425064e-03
2.501014099999999962e+04 3.628607140854001045e-03
2.501022399999999834e+04 3.626616438850760460e-03
2.501030700000000070e+04 3.624888602644205093e-03
2.501038999999999942e+04 3.623392898589372635e-03
2.501047300000000178e+04 3.622102551162242889e-03
2.501055600000000049e+04 3.621007082983851433e-03
2.501063899999999921e+04 3.691793885082006454e-03
2.501072200000000157e+04 3.689205739647150040e-03
2.501080500000000029e+04 3.705065231770277023e-03
2.501088799999999901e+04 3.702051937580108643e-03
2.501097100000000137e+04 3.699222812429070473e-03
2.501105400000000009e+04 3.696738276630640030e-03
2.501113699999999881e+04 3.694557584822177887e-03
2.501122000000000116e+04 3.692645579576492310e-03
2.501130299999999988e+04 3.690971527248620987e-03
2.501138599999999860e+04 3.689507953822612762e-03
2.501146900000000096e+04 3.688230179250240326e-03
2.501155199999999968e+04 3.687130287289619446e-03
2.501163499999999840e+04 3.754907054826617241e-03
2.501171800000000076e+04 3.752507269382476807e-03
2.501180099999999948e+04 3.767659654840826988e-03
2.501188399999999820e+04 3.764812136068940163e-03
2.501196700000000055e+04 3.762108739465475082e-03
2.501204999999999927e+04 3.759719897061586380e-03
2.501213300000000163e+04 3.757609054446220398e-03
2.501221600000000035e+04 3.755743615329265594e-03
2.501229899999999907e+04 3.754095407202839851e-03
2.501238200000000143e+04 3.752639284357428551e-03
2.501246500000000015e+04 3.751352895051240921e-03
2.501254799999999886e+04 3.750230185687541962e-03
2.501263100000000122e+04 3.815327771008014679e-03
2.501271399999999994e+04 3.813065588474273682e-03
2.501279699999999866e+04 3.827582811936736107e-03
2.501288000000000102e+04 3.824856830760836601e-03
2.501296299999999974e+04 3.822242608293890953e-03
2.501304599999999846e+04 3.819917794317007065e-03
2.501312900000000081e+04 3.817849326878786087e-03
2.501321199999999953e+04 3.816006239503622055e-03
2.501329499999999825e+04 3.814363386482000351e-03
2.501337800000000061e+04 3.812897251918911934e-03
2.501346099999999933e+04 3.811586881056427956e-03
2.501354400000000169e+04 3.810423891991376877e-03
2.501362700000000041e+04 3.873115405440330505e-03
2.501370999999999913e+04 3.870963118970394135e-03
2.501379300000000148e+04 3.884896403178572655e-03
2.501387600000000020e+04 3.882258199155330658e-03
2.501395899999999892e+04 3.879705211147665977e-03
2.501404200000000128e+04 3.877420909702777863e-03
2.501412500000000000e+04 3.875373862683773041e-03
2.501420799999999872e+04 3.873535664752125740e-03
2.501429100000000108e+04 3.871883032843470573e-03
2.501437399999999980e+04 3.870394080877304077e-03
2.501445699999999852e+04 3.869049483910202980e-03
2.501454000000000087e+04 3.867841791361570358e-03
2.501462299999999959e+04 3.928388468921184540e-03
2.501470599999999831e+04 3.926305565983057022e-03
2.501478900000000067e+04 3.939707297831773758e-03
2.501487199999999939e+04 3.937130793929100037e-03
2.501495500000000175e+04 3.934618085622787476e-03
2.501503800000000047e+04 3.932355903089046478e-03
2.501512099999999919e+04 3.930314909666776657e-03
2.501520400000000154e+04 3.928469028323888779e-03
2.501528700000000026e+04 3.926795441657304764e-03
2.501536999999999898e+04 3.925275057554244995e-03
2.501545300000000134e+04 3.923888783901929855e-03
2.501553600000000006e+04 3.922631032764911652e-03
2.501561899999999878e+04 3.981248941272497177e-03
2.501570200000000114e+04 3.979213535785675049e-03
2.501578499999999985e+04 3.992129582911729813e-03
2.501586799999999857e+04 3.989595454186201096e-03
2.501595100000000093e+04 3.987106960266828537e-03
2.501603399999999965e+04 3.984853159636259079e-03
2.501611699999999837e+04 3.982807043939828873e-03
2.501620000000000073e+04 3.980943933129310608e-03
2.501628299999999945e+04 3.979242406785488129e-03
2.501636600000000180e+04 3.977684304118156433e-03
2.501644900000000052e+04 3.976251929998397827e-03
2.501653199999999924e+04 3.974940627813339233e-03
2.501661500000000160e+04 4.031819757074117661e-03
2.501669800000000032e+04 4.029814153909683228e-03
2.501678099999999904e+04 4.042293876409530640e-03
2.501686400000000140e+04 4.039786290377378464e-03
2.501694700000000012e+04 4.037309437990188599e-03
2.501702999999999884e+04 4.035054240375757217e-03
2.501711300000000119e+04 4.032995086163282394e-03
2.501719599999999991e+04 4.031108226627111435e-03
2.501727899999999863e+04 4.029373172670602798e-03
2.501736200000000099e+04 4.027773626148700714e-03
2.501744499999999971e+04 4.026292357593774796e-03
2.501752799999999843e+04 4.024920985102653503e-03
2.501761100000000079e+04 4.080213606357574463e-03
2.501769399999999951e+04 4.078236408531665802e-03
2.501777699999999822e+04 4.090310074388980865e-03
2.501786000000000058e+04 4.087817855179309845e-03
2.501794299999999930e+04 4.085343796759843826e-03
2.501802600000000166e+04 4.083079285919666290e-03
2.501810900000000038e+04 4.081001039594411850e-03
2.501819199999999910e+04 4.079085309058427811e-03
2.501827500000000146e+04 4.077314399182796478e-03
2.501835800000000017e+04 4.075670614838600159e-03
2.501844099999999889e+04 4.074139520525932312e-03
2.501852400000000125e+04 4.072711803019046783e-03
2.501860699999999997e+04 4.126578103750944138e-03
2.501868999999999869e+04 4.124607890844345093e-03
2.501877300000000105e+04 4.136309027671813965e-03
2.501885599999999977e+04 4.133823327720165253e-03
2.501893899999999849e+04 4.131345078349113464e-03
2.501902200000000084e+04 4.129066597670316696e-03
2.501910499999999956e+04 4.126964602619409561e-03
2.501918799999999828e+04 4.125017672777175903e-03
2.501927100000000064e+04 4.123208113014698029e-03
2.501935399999999936e+04 4.121519625186920166e-03
2.501943700000000172e+04 4.119937773793935776e-03
2.501952000000000044e+04 4.118455108255147934e-03
2.501960299999999916e+04 4.171023610979318619e-03
2.501968600000000151e+04 4.169053398072719574e-03
2.501976900000000023e+04 4.180412273854017258e-03
2.501985199999999895e+04 4.177926573902368546e-03
2.501993500000000131e+04 4.175439011305570602e-03
