2.500009800000000178e+04 6.285568237304687500e+02
2.500018100000000049e+04 6.285643310546875000e+02
2.500026399999999921e+04 6.285733032226562500e+02
2.500034700000000157e+04 6.285822143554687500e+02
2.500043000000000029e+04 6.285888671875000000e+02
2.500051299999999901e+04 6.285786743164062500e+02
2.500059600000000137e+04 6.285203857421875000e+02
2.500067900000000009e+04 6.284855957031250000e+02
2.500076199999999881e+04 6.284899902343750000e+02
2.500084500000000116e+04 6.284960937500000000e+02
2.500092799999999988e+04 6.285014648437500000e+02
2.500101099999999860e+04 6.285078735351562500e+02
2.500109400000000096e+04 6.285143432617187500e+02
2.500117699999999968e+04 6.285214233398437500e+02
2.500125999999999840e+04 6.285302124023437500e+02
2.500134300000000076e+04 6.285397338867187500e+02
2.500142599999999948e+04 6.285464477539062500e+02
2.500150899999999820e+04 6.285388183593750000e+02
2.500159200000000055e+04 6.284849243164062500e+02
2.500167499999999927e+04 6.284506835937500000e+02
2.500175800000000163e+04 6.284550781250000000e+02
2.500184100000000035e+04 6.284612426757812500e+02
2.500192399999999907e+04 6.284666137695312500e+02
2.500200700000000143e+04 6.284729003906250000e+02
2.500209000000000015e+04 6.284794921875000000e+02
2.500217299999999886e+04 6.284866333007812500e+02
2.500225600000000122e+04 6.284954223632812500e+02
2.500233899999999994e+04 6.285049438476562500e+02
2.500242199999999866e+04 6.285116577148437500e+02
2.500250500000000102e+04 6.285039062500000000e+02
2.500258799999999974e+04 6.284500122070312500e+02
2.500267099999999846e+04 6.284157714843750000e+02
2.500275400000000081e+04 6.284201049804687500e+02
2.500283699999999953e+04 6.284262084960937500e+02
2.500291999999999825e+04 6.284314575195312500e+02
2.500300300000000061e+04 6.284378662109375000e+02
2.500308599999999933e+04 6.284443359375000000e+02
2.500316900000000169e+04 6.284514160156250000e+02
2.500325200000000041e+04 6.284602661132812500e+02
2.500333499999999913e+04 6.284697875976562500e+02
2.500341800000000148e+04 6.284765014648437500e+02
2.500350100000000020e+04 6.284688720703125000e+02
2.500358399999999892e+04 6.284149169921875000e+02
2.500366700000000128e+04 6.283806762695312500e+02
2.500375000000000000e+04 6.283850708007812500e+02
2.500383299999999872e+04 6.283912353515625000e+02
2.500391600000000108e+04 6.283966674804687500e+02
2.500399899999999980e+04 6.284029541015625000e+02
2.500408199999999852e+04 6.284095458984375000e+02
2.500416500000000087e+04 6.284166259765625000e+02
2.500424799999999959e+04 6.284254150390625000e+02
2.500433099999999831e+04 6.284348754882812500e+02
2.500441400000000067e+04 6.284416503906250000e+02
2.500449699999999939e+04 6.284339599609375000e+02
2.500458000000000175e+04 6.283798828125000000e+02
2.500466300000000047e+04 6.283406372070312500e+02
2.500474599999999919e+04 6.283367919921875000e+02
2.500482900000000154e+04 6.283430175781250000e+02
2.500491200000000026e+04 6.283484497070312500e+02
2.500499499999999898e+04 6.283544311523437500e+02
2.500507800000000134e+04 6.283607177734375000e+02
2.500516100000000006e+04 6.283675537109375000e+02
2.500524399999999878e+04 6.283758544921875000e+02
2.500532700000000114e+04 6.283850097656250000e+02
2.500540999999999985e+04 6.283921508789062500e+02
2.500549299999999857e+04 6.283872680664062500e+02
2.500557600000000093e+04 6.283409423828125000e+02
2.500565899999999965e+04 6.283010864257812500e+02
2.500574199999999837e+04 6.282972412109375000e+02
2.500582500000000073e+04 6.283034667968750000e+02
2.500590799999999945e+04 6.283088989257812500e+02
2.500599100000000180e+04 6.283148193359375000e+02
2.500607400000000052e+04 6.283211669921875000e+02
2.500615699999999924e+04 6.283280639648437500e+02
2.500624000000000160e+04 6.283363037109375000e+02
2.500632300000000032e+04 6.283455200195312500e+02
2.500640599999999904e+04 6.283526611328125000e+02
2.500648900000000140e+04 6.283476562500000000e+02
2.500657200000000012e+04 6.283013305664062500e+02
2.500665499999999884e+04 6.282614746093750000e+02
2.500673800000000119e+04 6.282575683593750000e+02
2.500682099999999991e+04 6.282637939453125000e+02
2.500690399999999863e+04 6.282691650390625000e+02
2.500698700000000099e+04 6.282752075195312500e+02
2.500706999999999971e+04 6.282815551757812500e+02
2.500715299999999843e+04 6.282884521484375000e+02
2.500723600000000079e+04 6.282966918945312500e+02
2.500731899999999951e+04 6.283058471679687500e+02
2.500740199999999822e+04 6.283130493164062500e+02
2.500748500000000058e+04 6.283081054687500000e+02
2.500756799999999930e+04 6.282617187500000000e+02
2.500765100000000166e+04 6.282218017578125000e+02
2.500773400000000038e+04 6.282178955078125000e+02
2.500781699999999910e+04 6.282241210937500000e+02
2.500790000000000146e+04 6.282294921875000000e+02
2.500798300000000017e+04 6.282354736328125000e+02
2.500806599999999889e+04 6.282418212890625000e+02
2.500814900000000125e+04 6.282485961914062500e+02
2.500823199999999997e+04 6.282568969726562500e+02
2.500831499999999869e+04 6.282661132812500000e+02
2.500839800000000105e+04 6.282732543945312500e+02
2.500848099999999977e+04 6.282682495117187500e+02
2.500856399999999849e+04 6.282218017578125000e+02
2.500864700000000084e+04 6.281770629882812500e+02
2.500872999999999956e+04 6.281648559570312500e+02
2.500881299999999828e+04 6.281705932617187500e+02
2.500889600000000064e+04 6.281762084960937500e+02
2.500897899999999936e+04 6.281819458007812500e+02
2.500906200000000172e+04 6.281882934570312500e+02
2.500914500000000044e+04 6.281950683593750000e+02
2.500922799999999916e+04 6.282030639648437500e+02
2.500931100000000151e+04 6.282120971679687500e+02
2.500939400000000023e+04 6.282198486328125000e+02
2.500947699999999895e+04 6.282177124023437500e+02
2.500956000000000131e+04 6.281829223632812500e+02
2.500964300000000003e+04 6.281373901367187500e+02
2.500972599999999875e+04 6.281252441406250000e+02
2.500980900000000111e+04 6.281309814453125000e+02
2.500989199999999983e+04 6.281364746093750000e+02
2.500997499999999854e+04 6.281422729492187500e+02
2.501005800000000090e+04 6.281486206054687500e+02
2.501014099999999962e+04 6.281553955078125000e+02
2.501022399999999834e+04 6.281633300781250000e+02
2.501030700000000070e+04 6.281724243164062500e+02
2.501038999999999942e+04 6.281801147460937500e+02
2.501047300000000178e+04 6.281779785156250000e+02
2.501055600000000049e+04 6.281431884765625000e+02
2.501063899999999921e+04 6.280976562500000000e+02
2.501072200000000157e+04 6.280854492187500000e+02
2.501080500000000029e+04 6.280912475585937500e+02
2.501088799999999901e+04 6.280968627929687500e+02
2.501097100000000137e+04 6.281027221679687500e+02
2.501105400000000009e+04 6.281089477539062500e+02
2.501113699999999881e+04 6.281157226562500000e+02
2.501122000000000116e+04 6.281237182617187500e+02
2.501130299999999988e+04 6.281328125000000000e+02
2.501138599999999860e+04 6.281405029296875000e+02
2.501146900000000096e+04 6.281384887695312500e+02
2.501155199999999968e+04 6.281036376953125000e+02
2.501163499999999840e+04 6.280580444335937500e+02
2.501171800000000076e+04 6.280458984375000000e+02
2.501180099999999948e+04 6.280516357421875000e+02
2.501188399999999820e+04 6.280572509765625000e+02
2.501196700000000055e+04 6.280631103515625000e+02
2.501204999999999927e+04 6.280694580078125000e+02
2.501213300000000163e+04 6.280761108398437500e+02
2.501221600000000035e+04 6.280841064453125000e+02
2.501229899999999907e+04 6.280931396484375000e+02
2.501238200000000143e+04 6.281008911132812500e+02
2.501246500000000015e+04 6.280988159179687500e+02
2.501254799999999886e+04 6.280638427734375000e+02
2.501263100000000122e+04 6.280182495117187500e+02
2.501271399999999994e+04 6.279977416992187500e+02
2.501279699999999866e+04 6.280031127929687500e+02
2.501288000000000102e+04 6.280089111328125000e+02
2.501296299999999974e+04 6.280146484375000000e+02
2.501304599999999846e+04 6.280210571289062500e+02
2.501312900000000081e+04 6.280277709960937500e+02
2.501321199999999953e+04 6.280358886718750000e+02
2.501329499999999825e+04 6.280449218750000000e+02
2.501337800000000061e+04 6.280532226562500000e+02
2.501346099999999933e+04 6.280541381835937500e+02
2.501354400000000169e+04 6.280307006835937500e+02
2.501362700000000041e+04 6.279793090820312500e+02
2.501370999999999913e+04 6.279591674804687500e+02
2.501379300000000148e+04 6.279643554687500000e+02
2.501387600000000020e+04 6.279701538085937500e+02
2.501395899999999892e+04 6.279758911132812500e+02
2.501404200000000128e+04 6.279822998046875000e+02
2.501412500000000000e+04 6.279890747070312500e+02
2.501420799999999872e+04 6.279968261718750000e+02
2.501429100000000108e+04 6.280058593750000000e+02
2.501437399999999980e+04 6.280141601562500000e+02
2.501445699999999852e+04 6.280150146484375000e+02
2.501454000000000087e+04 6.279911499023437500e+02
2.501462299999999959e+04 6.279397583007812500e+02
2.501470599999999831e+04 6.279195556640625000e+02
2.501478900000000067e+04 6.279248046875000000e+02
2.501487199999999939e+04 6.279305419921875000e+02
2.501495500000000175e+04 6.279362182617187500e+02
2.501503800000000047e+04 6.279425659179687500e+02
2.501512099999999919e+04 6.279493408203125000e+02
2.501520400000000154e+04 6.279570922851562500e+02
2.501528700000000026e+04 6.279661254882812500e+02
2.501536999999999898e+04 6.279744262695312500e+02
2.501545300000000134e+04 6.279752807617187500e+02
2.501553600000000006e+04 6.279514160156250000e+02
2.501561899999999878e+04 6.278999633789062500e+02
2.501570200000000114e+04 6.278798217773437500e+02
2.501578499999999985e+04 6.278850708007812500e+02
2.501586799999999857e+04 6.278909301757812500e+02
2.501595100000000093e+04 6.278966674804687500e+02
2.501603399999999965e+04 6.279030151367187500e+02
2.501611699999999837e+04 6.279095458984375000e+02
2.501620000000000073e+04 6.279172973632812500e+02
2.501628299999999945e+04 6.279263305664062500e+02
2.501636600000000180e+04 6.279346923828125000e+02
2.501644900000000052e+04 6.279355468750000000e+02
2.501653199999999924e+04 6.279116210937500000e+02
2.501661500000000160e+04 6.278601684570312500e+02
2.501669800000000032e+04 6.278316650390625000e+02
2.501678099999999904e+04 6.278366088867187500e+02
2.501686400000000140e+04 6.278425292968750000e+02
2.501694700000000012e+04 6.278481445312500000e+02
2.501702999999999884e+04 6.278546142578125000e+02
2.501711300000000119e+04 6.278613281250000000e+02
2.501719599999999991e+04 6.278690795898437500e+02
2.501727899999999863e+04 6.278779907226562500e+02
2.501736200000000099e+04 6.278864135742187500e+02
2.501744499999999971e+04 6.278901367187500000e+02
2.501752799999999843e+04 6.278770751953125000e+02
2.501761100000000079e+04 6.278203735351562500e+02
2.501769399999999951e+04 6.277926025390625000e+02
2.501777699999999822e+04 6.277973022460937500e+02
2.501786000000000058e+04 6.278033447265625000e+02
2.501794299999999930e+04 6.278089599609375000e+02
2.501802600000000166e+04 6.278153686523437500e+02
2.501810900000000038e+04 6.278220825195312500e+02
2.501819199999999910e+04 6.278294677734375000e+02
2.501827500000000146e+04 6.278384399414062500e+02
2.501835800000000017e+04 6.278474121093750000e+02
2.501844099999999889e+04 6.278511962890625000e+02
2.501852400000000125e+04 6.278386840820312500e+02
2.501860699999999997e+04 6.277819824218750000e+02
2.501868999999999869e+04 6.277538452148437500e+02
2.501877300000000105e+04 6.277586059570312500e+02
2.501885599999999977e+04 6.277644653320312500e+02
2.501893899999999849e+04 6.277700805664062500e+02
2.501902200000000084e+04 6.277764892578125000e+02
2.501910499999999956e+04 6.277830810546875000e+02
2.501918799999999828e+04 6.277905273437500000e+02
2.501927100000000064e+04 6.277994384765625000e+02
2.501935399999999936e+04 6.278084106445312500e+02
2.501943700000000172e+04 6.278121948242187500e+02
2.501952000000000044e+04 6.277996826171875000e+02
2.501960299999999916e+04 6.277429199218750000e+02
2.501968600000000151e+04 6.277149047851562500e+02
2.501976900000000023e+04 6.277196655273437500e+02
2.501985199999999895e+04 6.277257690429687500e+02
2.501993500000000131e+04 6.277313842773437500e+02
