2.500009800000000178e+04 6.627623901367187500e+02
2.500018100000000049e+04 6.627692260742187500e+02
2.500026399999999921e+04 6.627775878906250000e+02
2.500034700000000157e+04 6.627860717773437500e+02
2.500043000000000029e+04 6.627924194335937500e+02
2.500051299999999901e+04 6.627826538085937500e+02
2.500059600000000137e+04 6.627282104492187500e+02
2.500067900000000009e+04 6.626911010742187500e+02
2.500076199999999881e+04 6.626989135742187500e+02
2.500084500000000116e+04 6.627052612304687500e+02
2.500092799999999988e+04 6.627105102539062500e+02
2.500101099999999860e+04 6.627164916992187500e+02
2.500109400000000096e+04 6.627224731445312500e+02
2.500117699999999968e+04 6.627290039062500000e+02
2.500125999999999840e+04 6.627372436523437500e+02
2.500134300000000076e+04 6.627462158203125000e+02
2.500142599999999948e+04 6.627526245117187500e+02
2.500150899999999820e+04 6.627451782226562500e+02
2.500159200000000055e+04 6.626937866210937500e+02
2.500167499999999927e+04 6.626574707031250000e+02
2.500175800000000163e+04 6.626638183593750000e+02
2.500184100000000035e+04 6.626702270507812500e+02
2.500192399999999907e+04 6.626754760742187500e+02
2.500200700000000143e+04 6.626814575195312500e+02
2.500209000000000015e+04 6.626874389648437500e+02
2.500217299999999886e+04 6.626939697265625000e+02
2.500225600000000122e+04 6.627021484375000000e+02
2.500233899999999994e+04 6.627111816406250000e+02
2.500242199999999866e+04 6.627175903320312500e+02
2.500250500000000102e+04 6.627101440429687500e+02
2.500258799999999974e+04 6.626588745117187500e+02
2.500267099999999846e+04 6.626223754882812500e+02
2.500275400000000081e+04 6.626289672851562500e+02
2.500283699999999953e+04 6.626353149414062500e+02
2.500291999999999825e+04 6.626405639648437500e+02
2.500300300000000061e+04 6.626465454101562500e+02
2.500308599999999933e+04 6.626525268554687500e+02
2.500316900000000169e+04 6.626591186523437500e+02
2.500325200000000041e+04 6.626672973632812500e+02
2.500333499999999913e+04 6.626763305664062500e+02
2.500341800000000148e+04 6.626826782226562500e+02
2.500350100000000020e+04 6.626752929687500000e+02
2.500358399999999892e+04 6.626238403320312500e+02
2.500366700000000128e+04 6.625874023437500000e+02
2.500375000000000000e+04 6.625939331054687500e+02
2.500383299999999872e+04 6.626002807617187500e+02
2.500391600000000108e+04 6.626055297851562500e+02
2.500399899999999980e+04 6.626115112304687500e+02
2.500408199999999852e+04 6.626174926757812500e+02
2.500416500000000087e+04 6.626239624023437500e+02
2.500424799999999959e+04 6.626321411132812500e+02
2.500433099999999831e+04 6.626411743164062500e+02
2.500441400000000067e+04 6.626475830078125000e+02
2.500449699999999939e+04 6.626401367187500000e+02
2.500458000000000175e+04 6.625886840820312500e+02
2.500466300000000047e+04 6.625472412109375000e+02
2.500474599999999919e+04 6.625460205078125000e+02
2.500482900000000154e+04 6.625523681640625000e+02
2.500491200000000026e+04 6.625578002929687500e+02
2.500499499999999898e+04 6.625635986328125000e+02
2.500507800000000134e+04 6.625695800781250000e+02
2.500516100000000006e+04 6.625759887695312500e+02
2.500524399999999878e+04 6.625838623046875000e+02
2.500532700000000114e+04 6.625927124023437500e+02
2.500540999999999985e+04 6.625995483398437500e+02
2.500549299999999857e+04 6.625949096679687500e+02
2.500557600000000093e+04 6.625500488281250000e+02
2.500565899999999965e+04 6.625100097656250000e+02
2.500574199999999837e+04 6.625072631835937500e+02
2.500582500000000073e+04 6.625137329101562500e+02
2.500590799999999945e+04 6.625191650390625000e+02
2.500599100000000180e+04 6.625249633789062500e+02
2.500607400000000052e+04 6.625309448242187500e+02
2.500615699999999924e+04 6.625374145507812500e+02
2.500624000000000160e+04 6.625452270507812500e+02
2.500632300000000032e+04 6.625540771484375000e+02
2.500640599999999904e+04 6.625609741210937500e+02
2.500648900000000140e+04 6.625562744140625000e+02
2.500657200000000012e+04 6.625114746093750000e+02
2.500665499999999884e+04 6.624712524414062500e+02
2.500673800000000119e+04 6.624686279296875000e+02
2.500682099999999991e+04 6.624750976562500000e+02
2.500690399999999863e+04 6.624805297851562500e+02
2.500698700000000099e+04 6.624863281250000000e+02
2.500706999999999971e+04 6.624923095703125000e+02
2.500715299999999843e+04 6.624987182617187500e+02
2.500723600000000079e+04 6.625065917968750000e+02
2.500731899999999951e+04 6.625153808593750000e+02
2.500740199999999822e+04 6.625222778320312500e+02
2.500748500000000058e+04 6.625175781250000000e+02
2.500756799999999930e+04 6.624727783203125000e+02
2.500765100000000166e+04 6.624325561523437500e+02
2.500773400000000038e+04 6.624299316406250000e+02
2.500781699999999910e+04 6.624363403320312500e+02
2.500790000000000146e+04 6.624417724609375000e+02
2.500798300000000017e+04 6.624476318359375000e+02
2.500806599999999889e+04 6.624536132812500000e+02
2.500814900000000125e+04 6.624598999023437500e+02
2.500823199999999997e+04 6.624677734375000000e+02
2.500831499999999869e+04 6.624766235351562500e+02
2.500839800000000105e+04 6.624834594726562500e+02
2.500848099999999977e+04 6.624787597656250000e+02
2.500856399999999849e+04 6.624337768554687500e+02
2.500864700000000084e+04 6.623887329101562500e+02
2.500872999999999956e+04 6.623780517578125000e+02
2.500881299999999828e+04 6.623845214843750000e+02
2.500889600000000064e+04 6.623901367187500000e+02
2.500897899999999936e+04 6.623958129882812500e+02
2.500906200000000172e+04 6.624017944335937500e+02
2.500914500000000044e+04 6.624081420898437500e+02
2.500922799999999916e+04 6.624156494140625000e+02
2.500931100000000151e+04 6.624243164062500000e+02
2.500939400000000023e+04 6.624317626953125000e+02
2.500947699999999895e+04 6.624298095703125000e+02
2.500956000000000131e+04 6.623952026367187500e+02
2.500964300000000003e+04 6.623526000976562500e+02
2.500972599999999875e+04 6.623402709960937500e+02
2.500980900000000111e+04 6.623482055664062500e+02
2.500989199999999983e+04 6.623538818359375000e+02
2.500997499999999854e+04 6.623595581054687500e+02
2.501005800000000090e+04 6.623655395507812500e+02
2.501014099999999962e+04 6.623718872070312500e+02
2.501022399999999834e+04 6.623793945312500000e+02
2.501030700000000070e+04 6.623880615234375000e+02
2.501038999999999942e+04 6.623955078125000000e+02
2.501047300000000178e+04 6.623935546875000000e+02
2.501055600000000049e+04 6.623588867187500000e+02
2.501063899999999921e+04 6.623162231445312500e+02
2.501072200000000157e+04 6.623039550781250000e+02
2.501080500000000029e+04 6.623118896484375000e+02
2.501088799999999901e+04 6.623175659179687500e+02
2.501097100000000137e+04 6.623231811523437500e+02
2.501105400000000009e+04 6.623291625976562500e+02
2.501113699999999881e+04 6.623355102539062500e+02
2.501122000000000116e+04 6.623430786132812500e+02
2.501130299999999988e+04 6.623517456054687500e+02
2.501138599999999860e+04 6.623591308593750000e+02
2.501146900000000096e+04 6.623571777343750000e+02
2.501155199999999968e+04 6.623225097656250000e+02
2.501163499999999840e+04 6.622797851562500000e+02
2.501171800000000076e+04 6.622675170898437500e+02
2.501180099999999948e+04 6.622753906250000000e+02
2.501188399999999820e+04 6.622810668945312500e+02
2.501196700000000055e+04 6.622867431640625000e+02
2.501204999999999927e+04 6.622927246093750000e+02
2.501213300000000163e+04 6.622989501953125000e+02
2.501221600000000035e+04 6.623065185546875000e+02
2.501229899999999907e+04 6.623151855468750000e+02
2.501238200000000143e+04 6.623226318359375000e+02
2.501246500000000015e+04 6.623206787109375000e+02
2.501254799999999886e+04 6.622858886718750000e+02
2.501263100000000122e+04 6.622431030273437500e+02
2.501271399999999994e+04 6.622225952148437500e+02
2.501279699999999866e+04 6.622308959960937500e+02
2.501288000000000102e+04 6.622368164062500000e+02
2.501296299999999974e+04 6.622423706054687500e+02
2.501304599999999846e+04 6.622484130859375000e+02
2.501312900000000081e+04 6.622546386718750000e+02
2.501321199999999953e+04 6.622621459960937500e+02
2.501329499999999825e+04 6.622706909179687500e+02
2.501337800000000061e+04 6.622786865234375000e+02
2.501346099999999933e+04 6.622794799804687500e+02
2.501354400000000169e+04 6.622554931640625000e+02
2.501362700000000041e+04 6.622094116210937500e+02
2.501370999999999913e+04 6.621882324218750000e+02
2.501379300000000148e+04 6.621970825195312500e+02
2.501387600000000020e+04 6.622030029296875000e+02
2.501395899999999892e+04 6.622085571289062500e+02
2.501404200000000128e+04 6.622145385742187500e+02
2.501412500000000000e+04 6.622207641601562500e+02
2.501420799999999872e+04 6.622280273437500000e+02
2.501429100000000108e+04 6.622365722656250000e+02
2.501437399999999980e+04 6.622445068359375000e+02
2.501445699999999852e+04 6.622453613281250000e+02
2.501454000000000087e+04 6.622210693359375000e+02
2.501462299999999959e+04 6.621750488281250000e+02
2.501470599999999831e+04 6.621538085937500000e+02
2.501478900000000067e+04 6.621626586914062500e+02
2.501487199999999939e+04 6.621685791015625000e+02
2.501495500000000175e+04 6.621741333007812500e+02
2.501503800000000047e+04 6.621801147460937500e+02
2.501512099999999919e+04 6.621863403320312500e+02
2.501520400000000154e+04 6.621936035156250000e+02
2.501528700000000026e+04 6.622021484375000000e+02
2.501536999999999898e+04 6.622100830078125000e+02
2.501545300000000134e+04 6.622109375000000000e+02
2.501553600000000006e+04 6.621866455078125000e+02
2.501561899999999878e+04 6.621405639648437500e+02
2.501570200000000114e+04 6.621193847656250000e+02
2.501578499999999985e+04 6.621281738281250000e+02
2.501586799999999857e+04 6.621340942382812500e+02
2.501595100000000093e+04 6.621396484375000000e+02
2.501603399999999965e+04 6.621456909179687500e+02
2.501611699999999837e+04 6.621517944335937500e+02
2.501620000000000073e+04 6.621590576171875000e+02
2.501628299999999945e+04 6.621676025390625000e+02
2.501636600000000180e+04 6.621755371093750000e+02
2.501644900000000052e+04 6.621763916015625000e+02
2.501653199999999924e+04 6.621519775390625000e+02
2.501661500000000160e+04 6.621059570312500000e+02
2.501669800000000032e+04 6.620764160156250000e+02
2.501678099999999904e+04 6.620856933593750000e+02
2.501686400000000140e+04 6.620918579101562500e+02
2.501694700000000012e+04 6.620972900390625000e+02
2.501702999999999884e+04 6.621032714843750000e+02
2.501711300000000119e+04 6.621094360351562500e+02
2.501719599999999991e+04 6.621166381835937500e+02
2.501727899999999863e+04 6.621250610351562500e+02
2.501736200000000099e+04 6.621330566406250000e+02
2.501744499999999971e+04 6.621365966796875000e+02
2.501752799999999843e+04 6.621230468750000000e+02
2.501761100000000079e+04 6.620712890625000000e+02
2.501769399999999951e+04 6.620419311523437500e+02
2.501777699999999822e+04 6.620502319335937500e+02
2.501786000000000058e+04 6.620563964843750000e+02
2.501794299999999930e+04 6.620618286132812500e+02
2.501802600000000166e+04 6.620678100585937500e+02
2.501810900000000038e+04 6.620739746093750000e+02
2.501819199999999910e+04 6.620808715820312500e+02
2.501827500000000146e+04 6.620892333984375000e+02
2.501835800000000017e+04 6.620977783203125000e+02
2.501844099999999889e+04 6.621013793945312500e+02
2.501852400000000125e+04 6.620885009765625000e+02
2.501860699999999997e+04 6.620367431640625000e+02
2.501868999999999869e+04 6.620073852539062500e+02
2.501877300000000105e+04 6.620156860351562500e+02
2.501885599999999977e+04 6.620218505859375000e+02
2.501893899999999849e+04 6.620272827148437500e+02
2.501902200000000084e+04 6.620332641601562500e+02
2.501910499999999956e+04 6.620394287109375000e+02
2.501918799999999828e+04 6.620463256835937500e+02
2.501927100000000064e+04 6.620546875000000000e+02
2.501935399999999936e+04 6.620632324218750000e+02
2.501943700000000172e+04 6.620668334960937500e+02
2.501952000000000044e+04 6.620539550781250000e+02
2.501960299999999916e+04 6.620021362304687500e+02
2.501968600000000151e+04 6.619727783203125000e+02
2.501976900000000023e+04 6.619810791015625000e+02
2.501985199999999895e+04 6.619872436523437500e+02
2.501993500000000131e+04 6.619926757812500000e+02
