2.500009800000000178e+04 7.299667968750000000e+02
2.500018100000000049e+04 7.299736328125000000e+02
2.500026399999999921e+04 7.299819946289062500e+02
2.500034700000000157e+04 7.299904785156250000e+02
2.500043000000000029e+04 7.299968261718750000e+02
2.500051299999999901e+04 7.299870605468750000e+02
2.500059600000000137e+04 7.299326171875000000e+02
2.500067900000000009e+04 7.298955078125000000e+02
2.500076199999999881e+04 7.299033203125000000e+02
2.500084500000000116e+04 7.299096679687500000e+02
2.500092799999999988e+04 7.299149169921875000e+02
2.500101099999999860e+04 7.299208984375000000e+02
2.500109400000000096e+04 7.299268798828125000e+02
2.500117699999999968e+04 7.299334106445312500e+02
2.500125999999999840e+04 7.299416503906250000e+02
2.500134300000000076e+04 7.299506225585937500e+02
2.500142599999999948e+04 7.299570312500000000e+02
2.500150899999999820e+04 7.299496459960937500e+02
2.500159200000000055e+04 7.298981933593750000e+02
2.500167499999999927e+04 7.298618774414062500e+02
2.500175800000000163e+04 7.298682861328125000e+02
2.500184100000000035e+04 7.298746337890625000e+02
2.500192399999999907e+04 7.298798828125000000e+02
2.500200700000000143e+04 7.298858642578125000e+02
2.500209000000000015e+04 7.298918457031250000e+02
2.500217299999999886e+04 7.298983764648437500e+02
2.500225600000000122e+04 7.299066162109375000e+02
2.500233899999999994e+04 7.299155883789062500e+02
2.500242199999999866e+04 7.299219970703125000e+02
2.500250500000000102e+04 7.299145507812500000e+02
2.500258799999999974e+04 7.298632812500000000e+02
2.500267099999999846e+04 7.298267822265625000e+02
2.500275400000000081e+04 7.298333740234375000e+02
2.500283699999999953e+04 7.298397216796875000e+02
2.500291999999999825e+04 7.298449707031250000e+02
2.500300300000000061e+04 7.298509521484375000e+02
2.500308599999999933e+04 7.298569335937500000e+02
2.500316900000000169e+04 7.298635253906250000e+02
2.500325200000000041e+04 7.298717041015625000e+02
2.500333499999999913e+04 7.298807373046875000e+02
2.500341800000000148e+04 7.298870849609375000e+02
2.500350100000000020e+04 7.298796997070312500e+02
2.500358399999999892e+04 7.298283081054687500e+02
2.500366700000000128e+04 7.297918090820312500e+02
2.500375000000000000e+04 7.297983398437500000e+02
2.500383299999999872e+04 7.298046875000000000e+02
2.500391600000000108e+04 7.298099365234375000e+02
2.500399899999999980e+04 7.298159179687500000e+02
2.500408199999999852e+04 7.298218994140625000e+02
2.500416500000000087e+04 7.298283691406250000e+02
2.500424799999999959e+04 7.298365478515625000e+02
2.500433099999999831e+04 7.298455810546875000e+02
2.500441400000000067e+04 7.298519897460937500e+02
2.500449699999999939e+04 7.298445434570312500e+02
2.500458000000000175e+04 7.297931518554687500e+02
2.500466300000000047e+04 7.297516479492187500e+02
2.500474599999999919e+04 7.297504272460937500e+02
2.500482900000000154e+04 7.297567749023437500e+02
2.500491200000000026e+04 7.297622070312500000e+02
2.500499499999999898e+04 7.297680053710937500e+02
2.500507800000000134e+04 7.297739868164062500e+02
2.500516100000000006e+04 7.297803955078125000e+02
2.500524399999999878e+04 7.297882690429687500e+02
2.500532700000000114e+04 7.297971191406250000e+02
2.500540999999999985e+04 7.298040161132812500e+02
2.500549299999999857e+04 7.297993164062500000e+02
2.500557600000000093e+04 7.297544555664062500e+02
2.500565899999999965e+04 7.297144165039062500e+02
2.500574199999999837e+04 7.297116699218750000e+02
2.500582500000000073e+04 7.297181396484375000e+02
2.500590799999999945e+04 7.297235717773437500e+02
2.500599100000000180e+04 7.297293701171875000e+02
2.500607400000000052e+04 7.297354125976562500e+02
2.500615699999999924e+04 7.297418212890625000e+02
2.500624000000000160e+04 7.297496337890625000e+02
2.500632300000000032e+04 7.297584838867187500e+02
2.500640599999999904e+04 7.297653808593750000e+02
2.500648900000000140e+04 7.297606811523437500e+02
2.500657200000000012e+04 7.297158813476562500e+02
2.500665499999999884e+04 7.296756591796875000e+02
2.500673800000000119e+04 7.296730346679687500e+02
2.500682099999999991e+04 7.296795043945312500e+02
2.500690399999999863e+04 7.296849365234375000e+02
2.500698700000000099e+04 7.296907348632812500e+02
2.500706999999999971e+04 7.296967163085937500e+02
2.500715299999999843e+04 7.297031250000000000e+02
2.500723600000000079e+04 7.297109985351562500e+02
2.500731899999999951e+04 7.297197875976562500e+02
2.500740199999999822e+04 7.297266845703125000e+02
2.500748500000000058e+04 7.297219848632812500e+02
2.500756799999999930e+04 7.296771850585937500e+02
2.500765100000000166e+04 7.296369628906250000e+02
2.500773400000000038e+04 7.296343383789062500e+02
2.500781699999999910e+04 7.296407470703125000e+02
2.500790000000000146e+04 7.296462402343750000e+02
2.500798300000000017e+04 7.296520385742187500e+02
2.500806599999999889e+04 7.296580200195312500e+02
2.500814900000000125e+04 7.296643066406250000e+02
2.500823199999999997e+04 7.296721801757812500e+02
2.500831499999999869e+04 7.296810302734375000e+02
2.500839800000000105e+04 7.296879272460937500e+02
2.500848099999999977e+04 7.296831665039062500e+02
2.500856399999999849e+04 7.296381835937500000e+02
2.500864700000000084e+04 7.295931396484375000e+02
2.500872999999999956e+04 7.295824584960937500e+02
2.500881299999999828e+04 7.295889282226562500e+02
2.500889600000000064e+04 7.295946044921875000e+02
2.500897899999999936e+04 7.296002197265625000e+02
2.500906200000000172e+04 7.296062011718750000e+02
2.500914500000000044e+04 7.296125488281250000e+02
2.500922799999999916e+04 7.296200561523437500e+02
2.500931100000000151e+04 7.296287231445312500e+02
2.500939400000000023e+04 7.296361694335937500e+02
2.500947699999999895e+04 7.296342163085937500e+02
2.500956000000000131e+04 7.295996093750000000e+02
2.500964300000000003e+04 7.295570068359375000e+02
2.500972599999999875e+04 7.295446777343750000e+02
2.500980900000000111e+04 7.295526123046875000e+02
2.500989199999999983e+04 7.295582885742187500e+02
2.500997499999999854e+04 7.295639648437500000e+02
2.501005800000000090e+04 7.296774291992187500e+02
2.501014099999999962e+04 7.296837768554687500e+02
2.501022399999999834e+04 7.296912841796875000e+02
2.501030700000000070e+04 7.296999511718750000e+02
2.501038999999999942e+04 7.297073974609375000e+02
2.501047300000000178e+04 7.297054443359375000e+02
2.501055600000000049e+04 7.296707763671875000e+02
2.501063899999999921e+04 7.296281127929687500e+02
2.501072200000000157e+04 7.296158447265625000e+02
2.501080500000000029e+04 7.296237182617187500e+02
2.501088799999999901e+04 7.296294555664062500e+02
2.501097100000000137e+04 7.296350708007812500e+02
2.501105400000000009e+04 7.296410522460937500e+02
2.501113699999999881e+04 7.296473999023437500e+02
2.501122000000000116e+04 7.296549072265625000e+02
2.501130299999999988e+04 7.296636352539062500e+02
2.501138599999999860e+04 7.296710205078125000e+02
2.501146900000000096e+04 7.296690673828125000e+02
2.501155199999999968e+04 7.296343994140625000e+02
2.501163499999999840e+04 7.295916748046875000e+02
2.501171800000000076e+04 7.295794067382812500e+02
2.501180099999999948e+04 7.295872802734375000e+02
2.501188399999999820e+04 7.295929565429687500e+02
2.501196700000000055e+04 7.295986328125000000e+02
2.501204999999999927e+04 7.296046142578125000e+02
2.501213300000000163e+04 7.296108398437500000e+02
2.501221600000000035e+04 7.296184082031250000e+02
2.501229899999999907e+04 7.296270751953125000e+02
2.501238200000000143e+04 7.296344604492187500e+02
2.501246500000000015e+04 7.296325683593750000e+02
2.501254799999999886e+04 7.295977783203125000e+02
2.501263100000000122e+04 7.295549926757812500e+02
2.501271399999999994e+04 7.295344848632812500e+02
2.501279699999999866e+04 7.295427856445312500e+02
2.501288000000000102e+04 7.295487060546875000e+02
2.501296299999999974e+04 7.295542602539062500e+02
2.501304599999999846e+04 7.295602416992187500e+02
2.501312900000000081e+04 7.295665283203125000e+02
2.501321199999999953e+04 7.295740356445312500e+02
2.501329499999999825e+04 7.295825805664062500e+02
2.501337800000000061e+04 7.295905761718750000e+02
2.501346099999999933e+04 7.295913696289062500e+02
2.501354400000000169e+04 7.295673828125000000e+02
2.501362700000000041e+04 7.295213012695312500e+02
2.501370999999999913e+04 7.295001220703125000e+02
2.501379300000000148e+04 7.295089721679687500e+02
2.501387600000000020e+04 7.295148925781250000e+02
2.501395899999999892e+04 7.295204467773437500e+02
2.501404200000000128e+04 7.295264282226562500e+02
2.501412500000000000e+04 7.295326538085937500e+02
2.501420799999999872e+04 7.295399169921875000e+02
2.501429100000000108e+04 7.295484619140625000e+02
2.501437399999999980e+04 7.295563964843750000e+02
2.501445699999999852e+04 7.295572509765625000e+02
2.501454000000000087e+04 7.295329589843750000e+02
2.501462299999999959e+04 7.294869384765625000e+02
2.501470599999999831e+04 7.294656982421875000e+02
2.501478900000000067e+04 7.294745483398437500e+02
2.501487199999999939e+04 7.294804687500000000e+02
2.501495500000000175e+04 7.294860229492187500e+02
2.501503800000000047e+04 7.294920043945312500e+02
2.501512099999999919e+04 7.294982299804687500e+02
2.501520400000000154e+04 7.295054931640625000e+02
2.501528700000000026e+04 7.295140380859375000e+02
2.501536999999999898e+04 7.295219726562500000e+02
2.501545300000000134e+04 7.295228271484375000e+02
2.501553600000000006e+04 7.294985351562500000e+02
2.501561899999999878e+04 7.294524536132812500e+02
2.501570200000000114e+04 7.294312744140625000e+02
2.501578499999999985e+04 7.294400634765625000e+02
2.501586799999999857e+04 7.294459838867187500e+02
2.501595100000000093e+04 7.294515380859375000e+02
2.501603399999999965e+04 7.294575805664062500e+02
2.501611699999999837e+04 7.294636840820312500e+02
2.501620000000000073e+04 7.294709472656250000e+02
2.501628299999999945e+04 7.294794921875000000e+02
2.501636600000000180e+04 7.294874267578125000e+02
2.501644900000000052e+04 7.294882812500000000e+02
2.501653199999999924e+04 7.294638671875000000e+02
2.501661500000000160e+04 7.294178466796875000e+02
2.501669800000000032e+04 7.293883056640625000e+02
2.501678099999999904e+04 7.293975830078125000e+02
2.501686400000000140e+04 7.294037475585937500e+02
2.501694700000000012e+04 7.294091796875000000e+02
2.501702999999999884e+04 7.294151611328125000e+02
2.501711300000000119e+04 7.294213256835937500e+02
2.501719599999999991e+04 7.294285278320312500e+02
2.501727899999999863e+04 7.294369506835937500e+02
2.501736200000000099e+04 7.294449462890625000e+02
2.501744499999999971e+04 7.294484863281250000e+02
2.501752799999999843e+04 7.294349365234375000e+02
2.501761100000000079e+04 7.293831787109375000e+02
2.501769399999999951e+04 7.293538208007812500e+02
2.501777699999999822e+04 7.293621215820312500e+02
2.501786000000000058e+04 7.293682861328125000e+02
2.501794299999999930e+04 7.293737182617187500e+02
2.501802600000000166e+04 7.293796997070312500e+02
2.501810900000000038e+04 7.293858642578125000e+02
2.501819199999999910e+04 7.293927612304687500e+02
2.501827500000000146e+04 7.294011230468750000e+02
2.501835800000000017e+04 7.294096679687500000e+02
2.501844099999999889e+04 7.294132690429687500e+02
2.501852400000000125e+04 7.294003906250000000e+02
2.501860699999999997e+04 7.293486328125000000e+02
2.501868999999999869e+04 7.293192749023437500e+02
2.501877300000000105e+04 7.293275756835937500e+02
2.501885599999999977e+04 7.293337402343750000e+02
2.501893899999999849e+04 7.293391723632812500e+02
2.501902200000000084e+04 7.293451538085937500e+02
2.501910499999999956e+04 7.293513183593750000e+02
2.501918799999999828e+04 7.293582153320312500e+02
2.501927100000000064e+04 7.293665771484375000e+02
2.501935399999999936e+04 7.293751220703125000e+02
2.501943700000000172e+04 7.293787231445312500e+02
2.501952000000000044e+04 7.293658447265625000e+02
2.501960299999999916e+04 7.293140258789062500e+02
2.501968600000000151e+04 7.292846679687500000e+02
2.501976900000000023e+04 7.292929687500000000e+02
2.501985199999999895e+04 7.292991333007812500e+02
2.501993500000000131e+04 7.293045654296875000e+02
