2.500009800000000178e+04 7.051921997070312500e+02
2.500018100000000049e+04 7.051997070312500000e+02
2.500026399999999921e+04 7.052086791992187500e+02
2.500034700000000157e+04 7.052175903320312500e+02
2.500043000000000029e+04 7.052242431640625000e+02
2.500051299999999901e+04 7.052140502929687500e+02
2.500059600000000137e+04 7.051557617187500000e+02
2.500067900000000009e+04 7.051209716796875000e+02
2.500076199999999881e+04 7.051253662109375000e+02
2.500084500000000116e+04 7.051315307617187500e+02
2.500092799999999988e+04 7.051369018554687500e+02
2.500101099999999860e+04 7.051432495117187500e+02
2.500109400000000096e+04 7.051497192382812500e+02
2.500117699999999968e+04 7.051567993164062500e+02
2.500125999999999840e+04 7.051655883789062500e+02
2.500134300000000076e+04 7.051751098632812500e+02
2.500142599999999948e+04 7.051818237304687500e+02
2.500150899999999820e+04 7.051741943359375000e+02
2.500159200000000055e+04 7.051203002929687500e+02
2.500167499999999927e+04 7.050860595703125000e+02
2.500175800000000163e+04 7.050904541015625000e+02
2.500184100000000035e+04 7.050966186523437500e+02
2.500192399999999907e+04 7.051019897460937500e+02
2.500200700000000143e+04 7.051082763671875000e+02
2.500209000000000015e+04 7.051148681640625000e+02
2.500217299999999886e+04 7.051220092773437500e+02
2.500225600000000122e+04 7.051307983398437500e+02
2.500233899999999994e+04 7.051403198242187500e+02
2.500242199999999866e+04 7.051470336914062500e+02
2.500250500000000102e+04 7.051393432617187500e+02
2.500258799999999974e+04 7.050853881835937500e+02
2.500267099999999846e+04 7.050511474609375000e+02
2.500275400000000081e+04 7.050554809570312500e+02
2.500283699999999953e+04 7.050615844726562500e+02
2.500291999999999825e+04 7.050668334960937500e+02
2.500300300000000061e+04 7.050732421875000000e+02
2.500308599999999933e+04 7.050797729492187500e+02
2.500316900000000169e+04 7.050868530273437500e+02
2.500325200000000041e+04 7.050956420898437500e+02
2.500333499999999913e+04 7.051051635742187500e+02
2.500341800000000148e+04 7.051118774414062500e+02
2.500350100000000020e+04 7.051042480468750000e+02
2.500358399999999892e+04 7.050503540039062500e+02
2.500366700000000128e+04 7.050160522460937500e+02
2.500375000000000000e+04 7.050204467773437500e+02
2.500383299999999872e+04 7.050266723632812500e+02
2.500391600000000108e+04 7.050320434570312500e+02
2.500399899999999980e+04 7.050383300781250000e+02
2.500408199999999852e+04 7.050449218750000000e+02
2.500416500000000087e+04 7.050520019531250000e+02
2.500424799999999959e+04 7.050607910156250000e+02
2.500433099999999831e+04 7.050702514648437500e+02
2.500441400000000067e+04 7.050770263671875000e+02
2.500449699999999939e+04 7.050693359375000000e+02
2.500458000000000175e+04 7.050152587890625000e+02
2.500466300000000047e+04 7.049760131835937500e+02
2.500474599999999919e+04 7.049721679687500000e+02
2.500482900000000154e+04 7.049783935546875000e+02
2.500491200000000026e+04 7.049838256835937500e+02
2.500499499999999898e+04 7.049898071289062500e+02
2.500507800000000134e+04 7.049961547851562500e+02
2.500516100000000006e+04 7.050029296875000000e+02
2.500524399999999878e+04 7.050112304687500000e+02
2.500532700000000114e+04 7.050203857421875000e+02
2.500540999999999985e+04 7.050275268554687500e+02
2.500549299999999857e+04 7.050226440429687500e+02
2.500557600000000093e+04 7.049763183593750000e+02
2.500565899999999965e+04 7.049364624023437500e+02
2.500574199999999837e+04 7.049326171875000000e+02
2.500582500000000073e+04 7.049388427734375000e+02
2.500590799999999945e+04 7.049442749023437500e+02
2.500599100000000180e+04 7.049502563476562500e+02
2.500607400000000052e+04 7.049565429687500000e+02
2.500615699999999924e+04 7.049634399414062500e+02
2.500624000000000160e+04 7.049716796875000000e+02
2.500632300000000032e+04 7.049808959960937500e+02
2.500640599999999904e+04 7.049880371093750000e+02
2.500648900000000140e+04 7.049830322265625000e+02
2.500657200000000012e+04 7.049367065429687500e+02
2.500665499999999884e+04 7.048968505859375000e+02
2.500673800000000119e+04 7.048930053710937500e+02
2.500682099999999991e+04 7.048991699218750000e+02
2.500690399999999863e+04 7.049045410156250000e+02
2.500698700000000099e+04 7.049105834960937500e+02
2.500706999999999971e+04 7.049169311523437500e+02
2.500715299999999843e+04 7.049238281250000000e+02
2.500723600000000079e+04 7.049320678710937500e+02
2.500731899999999951e+04 7.049412231445312500e+02
2.500740199999999822e+04 7.049484252929687500e+02
2.500748500000000058e+04 7.049434814453125000e+02
2.500756799999999930e+04 7.048970947265625000e+02
2.500765100000000166e+04 7.048571777343750000e+02
2.500773400000000038e+04 7.048532714843750000e+02
2.500781699999999910e+04 7.048594970703125000e+02
2.500790000000000146e+04 7.048648681640625000e+02
2.500798300000000017e+04 7.048709106445312500e+02
2.500806599999999889e+04 7.048771972656250000e+02
2.500814900000000125e+04 7.048839721679687500e+02
2.500823199999999997e+04 7.048922729492187500e+02
2.500831499999999869e+04 7.049014892578125000e+02
2.500839800000000105e+04 7.049086303710937500e+02
2.500848099999999977e+04 7.049036254882812500e+02
2.500856399999999849e+04 7.048571777343750000e+02
2.500864700000000084e+04 7.048124389648437500e+02
2.500872999999999956e+04 7.048002319335937500e+02
2.500881299999999828e+04 7.048059692382812500e+02
2.500889600000000064e+04 7.048115844726562500e+02
2.500897899999999936e+04 7.048173217773437500e+02
2.500906200000000172e+04 7.048236694335937500e+02
2.500914500000000044e+04 7.048304443359375000e+02
2.500922799999999916e+04 7.048384399414062500e+02
2.500931100000000151e+04 7.048475341796875000e+02
2.500939400000000023e+04 7.048552246093750000e+02
2.500947699999999895e+04 7.048530883789062500e+02
2.500956000000000131e+04 7.048182983398437500e+02
2.500964300000000003e+04 7.047727661132812500e+02
2.500972599999999875e+04 7.047606201171875000e+02
2.500980900000000111e+04 7.047663574218750000e+02
2.500989199999999983e+04 7.047718505859375000e+02
2.500997499999999854e+04 7.047776489257812500e+02
2.501005800000000090e+04 7.048944091796875000e+02
2.501014099999999962e+04 7.049011840820312500e+02
2.501022399999999834e+04 7.049091796875000000e+02
2.501030700000000070e+04 7.049182128906250000e+02
2.501038999999999942e+04 7.049259033203125000e+02
2.501047300000000178e+04 7.049238281250000000e+02
2.501055600000000049e+04 7.048890380859375000e+02
2.501063899999999921e+04 7.048434448242187500e+02
2.501072200000000157e+04 7.048312988281250000e+02
2.501080500000000029e+04 7.048370971679687500e+02
2.501088799999999901e+04 7.048427124023437500e+02
2.501097100000000137e+04 7.048485107421875000e+02
2.501105400000000009e+04 7.048547973632812500e+02
2.501113699999999881e+04 7.048615722656250000e+02
2.501122000000000116e+04 7.048695678710937500e+02
2.501130299999999988e+04 7.048786010742187500e+02
2.501138599999999860e+04 7.048863525390625000e+02
2.501146900000000096e+04 7.048842773437500000e+02
2.501155199999999968e+04 7.048494262695312500e+02
2.501163499999999840e+04 7.048038940429687500e+02
2.501171800000000076e+04 7.047916870117187500e+02
2.501180099999999948e+04 7.047974853515625000e+02
2.501188399999999820e+04 7.048031005859375000e+02
2.501196700000000055e+04 7.048088989257812500e+02
2.501204999999999927e+04 7.048153076171875000e+02
2.501213300000000163e+04 7.048218994140625000e+02
2.501221600000000035e+04 7.048299560546875000e+02
2.501229899999999907e+04 7.048389892578125000e+02
2.501238200000000143e+04 7.048467407226562500e+02
2.501246500000000015e+04 7.048446655273437500e+02
2.501254799999999886e+04 7.048096923828125000e+02
2.501263100000000122e+04 7.047640380859375000e+02
2.501271399999999994e+04 7.047435302734375000e+02
2.501279699999999866e+04 7.047489624023437500e+02
2.501288000000000102e+04 7.047546997070312500e+02
2.501296299999999974e+04 7.047604980468750000e+02
2.501304599999999846e+04 7.047668457031250000e+02
2.501312900000000081e+04 7.047736206054687500e+02
2.501321199999999953e+04 7.047816772460937500e+02
2.501329499999999825e+04 7.047907104492187500e+02
2.501337800000000061e+04 7.047990722656250000e+02
2.501346099999999933e+04 7.047999267578125000e+02
2.501354400000000169e+04 7.047764892578125000e+02
2.501362700000000041e+04 7.047250976562500000e+02
2.501370999999999913e+04 7.047049560546875000e+02
2.501379300000000148e+04 7.047102050781250000e+02
2.501387600000000020e+04 7.047160034179687500e+02
2.501395899999999892e+04 7.047217407226562500e+02
2.501404200000000128e+04 7.047281494140625000e+02
2.501412500000000000e+04 7.047348632812500000e+02
2.501420799999999872e+04 7.047426147460937500e+02
2.501429100000000108e+04 7.047516479492187500e+02
2.501437399999999980e+04 7.047599487304687500e+02
2.501445699999999852e+04 7.047608642578125000e+02
2.501454000000000087e+04 7.047369995117187500e+02
2.501462299999999959e+04 7.046855468750000000e+02
2.501470599999999831e+04 7.046653442382812500e+02
2.501478900000000067e+04 7.046705932617187500e+02
2.501487199999999939e+04 7.046763916015625000e+02
2.501495500000000175e+04 7.046820068359375000e+02
2.501503800000000047e+04 7.046884155273437500e+02
2.501512099999999919e+04 7.046951293945312500e+02
2.501520400000000154e+04 7.047029418945312500e+02
2.501528700000000026e+04 7.047119140625000000e+02
2.501536999999999898e+04 7.047202758789062500e+02
2.501545300000000134e+04 7.047211303710937500e+02
2.501553600000000006e+04 7.046972656250000000e+02
2.501561899999999878e+04 7.046458129882812500e+02
2.501570200000000114e+04 7.046256103515625000e+02
2.501578499999999985e+04 7.046309204101562500e+02
2.501586799999999857e+04 7.046367187500000000e+02
2.501595100000000093e+04 7.046424560546875000e+02
2.501603399999999965e+04 7.046488037109375000e+02
2.501611699999999837e+04 7.046553955078125000e+02
2.501620000000000073e+04 7.046630859375000000e+02
2.501628299999999945e+04 7.046721801757812500e+02
2.501636600000000180e+04 7.046805419921875000e+02
2.501644900000000052e+04 7.046813964843750000e+02
2.501653199999999924e+04 7.046574707031250000e+02
2.501661500000000160e+04 7.046060180664062500e+02
2.501669800000000032e+04 7.045775146484375000e+02
2.501678099999999904e+04 7.045823974609375000e+02
2.501686400000000140e+04 7.045883178710937500e+02
2.501694700000000012e+04 7.045939331054687500e+02
2.501702999999999884e+04 7.046004028320312500e+02
2.501711300000000119e+04 7.046071166992187500e+02
2.501719599999999991e+04 7.046149291992187500e+02
2.501727899999999863e+04 7.046238403320312500e+02
2.501736200000000099e+04 7.046322021484375000e+02
2.501744499999999971e+04 7.046359252929687500e+02
2.501752799999999843e+04 7.046229248046875000e+02
2.501761100000000079e+04 7.045661621093750000e+02
2.501769399999999951e+04 7.045383911132812500e+02
2.501777699999999822e+04 7.045431518554687500e+02
2.501786000000000058e+04 7.045491943359375000e+02
2.501794299999999930e+04 7.045548095703125000e+02
2.501802600000000166e+04 7.045612182617187500e+02
2.501810900000000038e+04 7.045678710937500000e+02
2.501819199999999910e+04 7.045753173828125000e+02
2.501827500000000146e+04 7.045842285156250000e+02
2.501835800000000017e+04 7.045932006835937500e+02
2.501844099999999889e+04 7.045970458984375000e+02
2.501852400000000125e+04 7.045845336914062500e+02
2.501860699999999997e+04 7.045277709960937500e+02
2.501868999999999869e+04 7.044996337890625000e+02
2.501877300000000105e+04 7.045043945312500000e+02
2.501885599999999977e+04 7.045103149414062500e+02
2.501893899999999849e+04 7.045158691406250000e+02
2.501902200000000084e+04 7.045222778320312500e+02
2.501910499999999956e+04 7.045289306640625000e+02
2.501918799999999828e+04 7.045363769531250000e+02
2.501927100000000064e+04 7.045452270507812500e+02
2.501935399999999936e+04 7.045541992187500000e+02
2.501943700000000172e+04 7.045580444335937500e+02
2.501952000000000044e+04 7.045455322265625000e+02
2.501960299999999916e+04 7.044887695312500000e+02
2.501968600000000151e+04 7.044606933593750000e+02
2.501976900000000023e+04 7.044655151367187500e+02
2.501985199999999895e+04 7.044716186523437500e+02
2.501993500000000131e+04 7.044772338867187500e+02
