2.500009800000000178e+04 3.549546241760253906e+00
2.500018100000000049e+04 3.528553485870361328e+00
2.500026399999999921e+04 3.506464242935180664e+00
2.500034700000000157e+04 3.485985040664672852e+00
2.500043000000000029e+04 3.475810766220092773e+00
2.500051299999999901e+04 3.515813827514648438e+00
2.500059600000000137e+04 8.303586959838867188e+00
2.500067900000000009e+04 5.992022037506103516e+00
2.500076199999999881e+04 7.126192092895507812e+00
2.500084500000000116e+04 3.654188632965087891e+00
2.500092799999999988e+04 3.598964691162109375e+00
2.500101099999999860e+04 3.572011470794677734e+00
2.500109400000000096e+04 3.551240682601928711e+00
2.500117699999999968e+04 3.529720067977905273e+00
2.500125999999999840e+04 3.505991697311401367e+00
2.500134300000000076e+04 3.485204696655273438e+00
2.500142599999999948e+04 3.463811874389648438e+00
2.500150899999999820e+04 3.498095750808715820e+00
2.500159200000000055e+04 7.003525733947753906e+00
2.500167499999999927e+04 6.490625858306884766e+00
2.500175800000000163e+04 6.360604286193847656e+00
2.500184100000000035e+04 3.739362478256225586e+00
2.500192399999999907e+04 3.623421192169189453e+00
2.500200700000000143e+04 3.577594280242919922e+00
2.500209000000000015e+04 3.551915884017944336e+00
2.500217299999999886e+04 3.531087875366210938e+00
2.500225600000000122e+04 3.507529497146606445e+00
2.500233899999999994e+04 3.486760616302490234e+00
2.500242199999999866e+04 3.463747978210449219e+00
2.500250500000000102e+04 3.502143144607543945e+00
2.500258799999999974e+04 7.184904098510742188e+00
2.500267099999999846e+04 6.398989200592041016e+00
2.500275400000000081e+04 6.448080539703369141e+00
2.500283699999999953e+04 3.709588050842285156e+00
2.500291999999999825e+04 3.611031293869018555e+00
2.500300300000000061e+04 3.576725482940673828e+00
2.500308599999999933e+04 3.553033113479614258e+00
2.500316900000000169e+04 3.529741764068603516e+00
2.500325200000000041e+04 3.507417678833007812e+00
2.500333499999999913e+04 3.487886905670166016e+00
2.500341800000000148e+04 3.466766119003295898e+00
2.500350100000000020e+04 3.501200437545776367e+00
2.500358399999999892e+04 7.107379436492919922e+00
2.500366700000000128e+04 6.444480895996093750e+00
2.500375000000000000e+04 6.408881664276123047e+00
2.500383299999999872e+04 3.743868112564086914e+00
2.500391600000000108e+04 3.618048429489135742e+00
2.500399899999999980e+04 3.579225540161132812e+00
2.500408199999999852e+04 3.554745674133300781e+00
2.500416500000000087e+04 3.531278133392333984e+00
2.500424799999999959e+04 3.510138273239135742e+00
2.500433099999999831e+04 3.489663839340209961e+00
2.500441400000000067e+04 3.466719150543212891e+00
2.500449699999999939e+04 3.502382040023803711e+00
2.500458000000000175e+04 7.193712234497070312e+00
2.500466300000000047e+04 6.404805183410644531e+00
2.500474599999999919e+04 6.813477039337158203e+00
2.500482900000000154e+04 3.650220394134521484e+00
2.500491200000000026e+04 3.593309402465820312e+00
2.500499499999999898e+04 3.575223445892333984e+00
2.500507800000000134e+04 3.554747581481933594e+00
2.500516100000000006e+04 3.532343387603759766e+00
2.500524399999999878e+04 3.511404275894165039e+00
2.500532700000000114e+04 3.489448070526123047e+00
2.500540999999999985e+04 3.469205379486083984e+00
2.500549299999999857e+04 3.492699623107910156e+00
2.500557600000000093e+04 6.044431686401367188e+00
2.500565899999999965e+04 6.979989051818847656e+00
2.500574199999999837e+04 6.259830474853515625e+00
2.500582500000000073e+04 3.719762563705444336e+00
2.500590799999999945e+04 3.598172664642333984e+00
2.500599100000000180e+04 3.579484701156616211e+00
2.500607400000000052e+04 3.557388782501220703e+00
2.500615699999999924e+04 3.535801887512207031e+00
2.500624000000000160e+04 3.515381813049316406e+00
2.500632300000000032e+04 3.491917371749877930e+00
2.500640599999999904e+04 3.469685554504394531e+00
2.500648900000000140e+04 3.494033575057983398e+00
2.500657200000000012e+04 6.126745223999023438e+00
2.500665499999999884e+04 6.912903785705566406e+00
2.500673800000000119e+04 6.304163932800292969e+00
2.500682099999999991e+04 3.697852373123168945e+00
2.500690399999999863e+04 3.598707199096679688e+00
2.500698700000000099e+04 3.579120397567749023e+00
2.500706999999999971e+04 3.558338165283203125e+00
2.500715299999999843e+04 3.536995172500610352e+00
2.500723600000000079e+04 3.515065431594848633e+00
2.500731899999999951e+04 3.492907762527465820e+00
2.500740199999999822e+04 3.470911741256713867e+00
2.500748500000000058e+04 3.495340108871459961e+00
2.500756799999999930e+04 6.128316402435302734e+00
2.500765100000000166e+04 6.914642810821533203e+00
2.500773400000000038e+04 6.306875228881835938e+00
2.500781699999999910e+04 3.706521272659301758e+00
2.500790000000000146e+04 3.600358247756958008e+00
2.500798300000000017e+04 3.580595016479492188e+00
2.500806599999999889e+04 3.559774398803710938e+00
2.500814900000000125e+04 3.538387298583984375e+00
2.500823199999999997e+04 3.516569375991821289e+00
2.500831499999999869e+04 3.494323253631591797e+00
2.500839800000000105e+04 3.472315549850463867e+00
2.500848099999999977e+04 3.498733520507812500e+00
2.500856399999999849e+04 6.046329975128173828e+00
2.500864700000000084e+04 6.995023727416992188e+00
2.500872999999999956e+04 6.524512767791748047e+00
2.500881299999999828e+04 4.644545555114746094e+00
2.500889600000000064e+04 3.619910240173339844e+00
2.500897899999999936e+04 3.599386930465698242e+00
2.500906200000000172e+04 3.575516939163208008e+00
2.500914500000000044e+04 3.554835557937622070e+00
2.500922799999999916e+04 3.534681320190429688e+00
2.500931100000000151e+04 3.511344194412231445e+00
2.500939400000000023e+04 3.489060401916503906e+00
2.500947699999999895e+04 3.502355575561523438e+00
2.500956000000000131e+04 5.094727039337158203e+00
2.500964300000000003e+04 8.167365074157714844e+00
2.500972599999999875e+04 5.853306293487548828e+00
2.500980900000000111e+04 5.178344726562500000e+00
2.500989199999999983e+04 3.624127388000488281e+00
2.500997499999999854e+04 3.600084304809570312e+00
2.501005800000000090e+04 3.578427076339721680e+00
2.501014099999999962e+04 3.551170349121093750e+00
2.501022399999999834e+04 3.530399560928344727e+00
2.501030700000000070e+04 3.506930589675903320e+00
2.501038999999999942e+04 3.483575582504272461e+00
2.501047300000000178e+04 3.498992919921875000e+00
2.501055600000000049e+04 5.091749191284179688e+00
2.501063899999999921e+04 8.163523674011230469e+00
2.501072200000000157e+04 5.850469589233398438e+00
2.501080500000000029e+04 5.173519611358642578e+00
2.501088799999999901e+04 3.619268178939819336e+00
2.501097100000000137e+04 3.595250606536865234e+00
2.501105400000000009e+04 3.575202465057373047e+00
2.501113699999999881e+04 3.551169633865356445e+00
2.501122000000000116e+04 3.530118465423583984e+00
2.501130299999999988e+04 3.508189439773559570e+00
2.501138599999999860e+04 3.486256599426269531e+00
2.501146900000000096e+04 3.499696969985961914e+00
2.501155199999999968e+04 5.152839183807373047e+00
2.501163499999999840e+04 8.094954490661621094e+00
2.501171800000000076e+04 5.880133628845214844e+00
2.501180099999999948e+04 5.150207519531250000e+00
2.501188399999999820e+04 3.620823860168457031e+00
2.501196700000000055e+04 3.598618507385253906e+00
2.501204999999999927e+04 3.574297189712524414e+00
2.501213300000000163e+04 3.552437067031860352e+00
2.501221600000000035e+04 3.530627489089965820e+00
2.501229899999999907e+04 3.508473396301269531e+00
2.501238200000000143e+04 3.489076375961303711e+00
2.501246500000000015e+04 3.501587867736816406e+00
2.501254799999999886e+04 5.153989791870117188e+00
2.501263100000000122e+04 8.103683471679687500e+00
2.501271399999999994e+04 5.881248950958251953e+00
2.501279699999999866e+04 6.275597572326660156e+00
2.501288000000000102e+04 3.630369186401367188e+00
2.501296299999999974e+04 3.604259014129638672e+00
2.501304599999999846e+04 3.582504987716674805e+00
2.501312900000000081e+04 3.563612461090087891e+00
2.501321199999999953e+04 3.540833711624145508e+00
2.501329499999999825e+04 3.517301559448242188e+00
2.501337800000000061e+04 3.497777938842773438e+00
2.501346099999999933e+04 3.499164819717407227e+00
2.501354400000000169e+04 4.132708549499511719e+00
2.501362700000000041e+04 8.928497314453125000e+00
2.501370999999999913e+04 5.653497219085693359e+00
2.501379300000000148e+04 6.533571720123291016e+00
2.501387600000000020e+04 3.640335559844970703e+00
2.501395899999999892e+04 3.607064247131347656e+00
2.501404200000000128e+04 3.584381103515625000e+00
2.501412500000000000e+04 3.562777996063232422e+00
2.501420799999999872e+04 3.540992975234985352e+00
2.501429100000000108e+04 3.521501302719116211e+00
2.501437399999999980e+04 3.500050067901611328e+00
2.501445699999999852e+04 3.500994682312011719e+00
2.501454000000000087e+04 4.161113739013671875e+00
2.501462299999999959e+04 8.911437034606933594e+00
2.501470599999999831e+04 5.669713020324707031e+00
2.501478900000000067e+04 6.528260707855224609e+00
2.501487199999999939e+04 3.642052412033081055e+00
2.501495500000000175e+04 3.608778238296508789e+00
2.501503800000000047e+04 3.585195541381835938e+00
2.501512099999999919e+04 3.566865921020507812e+00
2.501520400000000154e+04 3.545846939086914062e+00
2.501528700000000026e+04 3.522273302078247070e+00
2.501536999999999898e+04 3.499965429306030273e+00
2.501545300000000134e+04 3.502401590347290039e+00
2.501553600000000006e+04 4.135612010955810547e+00
2.501561899999999878e+04 8.963517189025878906e+00
2.501570200000000114e+04 5.653752803802490234e+00
2.501578499999999985e+04 6.549982547760009766e+00
2.501586799999999857e+04 3.643843173980712891e+00
2.501595100000000093e+04 3.610505342483520508e+00
2.501603399999999965e+04 3.588989019393920898e+00
2.501611699999999837e+04 3.566351413726806641e+00
2.501620000000000073e+04 3.543656110763549805e+00
2.501628299999999945e+04 3.523269891738891602e+00
2.501636600000000180e+04 3.503056764602661133e+00
2.501644900000000052e+04 3.504216909408569336e+00
2.501653199999999924e+04 4.164161682128906250e+00
2.501661500000000160e+04 8.936575889587402344e+00
2.501669800000000032e+04 5.669811725616455078e+00
2.501678099999999904e+04 7.391705989837646484e+00
2.501686400000000140e+04 3.644319295883178711e+00
2.501694700000000012e+04 3.611315727233886719e+00
2.501702999999999884e+04 3.589938640594482422e+00
2.501711300000000119e+04 3.569665670394897461e+00
2.501719599999999991e+04 3.548190116882324219e+00
2.501727899999999863e+04 3.527620315551757812e+00
2.501736200000000099e+04 3.504325628280639648e+00
2.501744499999999971e+04 3.506480216979980469e+00
2.501752799999999843e+04 3.605288267135620117e+00
2.501761100000000079e+04 8.659619331359863281e+00
2.501769399999999951e+04 5.838435173034667969e+00
2.501777699999999822e+04 6.919711589813232422e+00
2.501786000000000058e+04 3.663481950759887695e+00
2.501794299999999930e+04 3.618960618972778320e+00
2.501802600000000166e+04 3.593855619430541992e+00
2.501810900000000038e+04 3.571802854537963867e+00
2.501819199999999910e+04 3.549996614456176758e+00
2.501827500000000146e+04 3.529457092285156250e+00
2.501835800000000017e+04 3.506045818328857422e+00
2.501844099999999889e+04 3.496144294738769531e+00
2.501852400000000125e+04 3.602241516113281250e+00
2.501860699999999997e+04 8.651139259338378906e+00
2.501868999999999869e+04 5.842800140380859375e+00
2.501877300000000105e+04 6.926821231842041016e+00
2.501885599999999977e+04 3.665193796157836914e+00
2.501893899999999849e+04 3.620625972747802734e+00
2.501902200000000084e+04 3.595504522323608398e+00
2.501910499999999956e+04 3.573441028594970703e+00
2.501918799999999828e+04 3.551625728607177734e+00
2.501927100000000064e+04 3.529514551162719727e+00
2.501935399999999936e+04 3.507390499114990234e+00
2.501943700000000172e+04 3.498376131057739258e+00
2.501952000000000044e+04 3.598456382751464844e+00
2.501960299999999916e+04 8.666810989379882812e+00
2.501968600000000151e+04 5.838770866394042969e+00
2.501976900000000023e+04 6.937782287597656250e+00
2.501985199999999895e+04 3.666940212249755859e+00
2.501993500000000131e+04 3.619896173477172852e+00
