2.500009800000000178e+04 0.000000000000000000e+00
2.500018100000000049e+04 0.000000000000000000e+00
2.500026399999999921e+04 0.000000000000000000e+00
2.500034700000000157e+04 0.000000000000000000e+00
2.500043000000000029e+04 0.000000000000000000e+00
2.500051299999999901e+04 8.831462860107421875e+00
2.500059600000000137e+04 2.843555831909179688e+01
2.500067900000000009e+04 2.058032989501953125e+01
2.500076199999999881e+04 3.468777239322662354e-01
2.500084500000000116e+04 0.000000000000000000e+00
2.500092799999999988e+04 0.000000000000000000e+00
2.500101099999999860e+04 0.000000000000000000e+00
2.500109400000000096e+04 0.000000000000000000e+00
2.500117699999999968e+04 0.000000000000000000e+00
2.500125999999999840e+04 0.000000000000000000e+00
2.500134300000000076e+04 0.000000000000000000e+00
2.500142599999999948e+04 0.000000000000000000e+00
2.500150899999999820e+04 6.933290481567382812e+00
2.500159200000000055e+04 2.669061851501464844e+01
2.500167499999999927e+04 2.018944931030273438e+01
2.500175800000000163e+04 3.556910157203674316e-01
2.500184100000000035e+04 0.000000000000000000e+00
2.500192399999999907e+04 0.000000000000000000e+00
2.500200700000000143e+04 0.000000000000000000e+00
2.500209000000000015e+04 0.000000000000000000e+00
2.500217299999999886e+04 0.000000000000000000e+00
2.500225600000000122e+04 0.000000000000000000e+00
2.500233899999999994e+04 0.000000000000000000e+00
2.500242199999999866e+04 0.000000000000000000e+00
2.500250500000000102e+04 6.939462184906005859e+00
2.500258799999999974e+04 2.671221923828125000e+01
2.500267099999999846e+04 2.020147323608398438e+01
2.500275400000000081e+04 3.576551079750061035e-01
2.500283699999999953e+04 0.000000000000000000e+00
2.500291999999999825e+04 0.000000000000000000e+00
2.500300300000000061e+04 0.000000000000000000e+00
2.500308599999999933e+04 0.000000000000000000e+00
2.500316900000000169e+04 0.000000000000000000e+00
2.500325200000000041e+04 0.000000000000000000e+00
2.500333499999999913e+04 0.000000000000000000e+00
2.500341800000000148e+04 0.000000000000000000e+00
2.500350100000000020e+04 6.939498424530029297e+00
2.500358399999999892e+04 2.673006439208984375e+01
2.500366700000000128e+04 2.021780014038085938e+01
2.500375000000000000e+04 3.580378293991088867e-01
2.500383299999999872e+04 0.000000000000000000e+00
2.500391600000000108e+04 0.000000000000000000e+00
2.500399899999999980e+04 0.000000000000000000e+00
2.500408199999999852e+04 0.000000000000000000e+00
2.500416500000000087e+04 0.000000000000000000e+00
2.500424799999999959e+04 0.000000000000000000e+00
2.500433099999999831e+04 0.000000000000000000e+00
2.500441400000000067e+04 0.000000000000000000e+00
2.500449699999999939e+04 6.945658206939697266e+00
2.500458000000000175e+04 2.678225708007812500e+01
2.500466300000000047e+04 2.339284515380859375e+01
2.500474599999999919e+04 4.342425346374511719e+00
2.500482900000000154e+04 0.000000000000000000e+00
2.500491200000000026e+04 0.000000000000000000e+00
2.500499499999999898e+04 0.000000000000000000e+00
2.500507800000000134e+04 0.000000000000000000e+00
2.500516100000000006e+04 0.000000000000000000e+00
2.500524399999999878e+04 0.000000000000000000e+00
2.500532700000000114e+04 0.000000000000000000e+00
2.500540999999999985e+04 0.000000000000000000e+00
2.500549299999999857e+04 5.091697692871093750e+00
2.500557600000000093e+04 2.327028846740722656e+01
2.500565899999999965e+04 2.329296302795410156e+01
2.500574199999999837e+04 4.153898239135742188e+00
2.500582500000000073e+04 0.000000000000000000e+00
2.500590799999999945e+04 0.000000000000000000e+00
2.500599100000000180e+04 0.000000000000000000e+00
2.500607400000000052e+04 0.000000000000000000e+00
2.500615699999999924e+04 0.000000000000000000e+00
2.500624000000000160e+04 0.000000000000000000e+00
2.500632300000000032e+04 0.000000000000000000e+00
2.500640599999999904e+04 0.000000000000000000e+00
2.500648900000000140e+04 5.093862533569335938e+00
2.500657200000000012e+04 2.328796768188476562e+01
2.500665499999999884e+04 2.331509399414062500e+01
2.500673800000000119e+04 4.157229423522949219e+00
2.500682099999999991e+04 0.000000000000000000e+00
2.500690399999999863e+04 0.000000000000000000e+00
2.500698700000000099e+04 0.000000000000000000e+00
2.500706999999999971e+04 0.000000000000000000e+00
2.500715299999999843e+04 0.000000000000000000e+00
2.500723600000000079e+04 0.000000000000000000e+00
2.500731899999999951e+04 0.000000000000000000e+00
2.500740199999999822e+04 0.000000000000000000e+00
2.500748500000000058e+04 5.096055984497070312e+00
2.500756799999999930e+04 2.330482864379882812e+01
2.500765100000000166e+04 2.333000946044921875e+01
2.500773400000000038e+04 4.160130023956298828e+00
2.500781699999999910e+04 0.000000000000000000e+00
2.500790000000000146e+04 0.000000000000000000e+00
2.500798300000000017e+04 0.000000000000000000e+00
2.500806599999999889e+04 0.000000000000000000e+00
2.500814900000000125e+04 0.000000000000000000e+00
2.500823199999999997e+04 0.000000000000000000e+00
2.500831499999999869e+04 0.000000000000000000e+00
2.500839800000000105e+04 0.000000000000000000e+00
2.500848099999999977e+04 5.098273754119873047e+00
2.500856399999999849e+04 2.335273551940917969e+01
2.500864700000000084e+04 2.651458358764648438e+01
2.500872999999999956e+04 8.374260902404785156e+00
2.500881299999999828e+04 0.000000000000000000e+00
2.500889600000000064e+04 0.000000000000000000e+00
2.500897899999999936e+04 0.000000000000000000e+00
2.500906200000000172e+04 0.000000000000000000e+00
2.500914500000000044e+04 0.000000000000000000e+00
2.500922799999999916e+04 0.000000000000000000e+00
2.500931100000000151e+04 0.000000000000000000e+00
2.500939400000000023e+04 0.000000000000000000e+00
2.500947699999999895e+04 3.384732246398925781e+00
2.500956000000000131e+04 1.834448242187500000e+01
2.500964300000000003e+04 2.541832923889160156e+01
2.500972599999999875e+04 8.316366195678710938e+00
2.500980900000000111e+04 0.000000000000000000e+00
2.500989199999999983e+04 0.000000000000000000e+00
2.500997499999999854e+04 0.000000000000000000e+00
2.501005800000000090e+04 0.000000000000000000e+00
2.501014099999999962e+04 0.000000000000000000e+00
2.501022399999999834e+04 0.000000000000000000e+00
2.501030700000000070e+04 0.000000000000000000e+00
2.501038999999999942e+04 0.000000000000000000e+00
2.501047300000000178e+04 3.386216640472412109e+00
2.501055600000000049e+04 1.835851478576660156e+01
2.501063899999999921e+04 2.543392753601074219e+01
2.501072200000000157e+04 8.323345184326171875e+00
2.501080500000000029e+04 0.000000000000000000e+00
2.501088799999999901e+04 0.000000000000000000e+00
2.501097100000000137e+04 0.000000000000000000e+00
2.501105400000000009e+04 0.000000000000000000e+00
2.501113699999999881e+04 0.000000000000000000e+00
2.501122000000000116e+04 0.000000000000000000e+00
2.501130299999999988e+04 0.000000000000000000e+00
2.501138599999999860e+04 0.000000000000000000e+00
2.501146900000000096e+04 3.387715339660644531e+00
2.501155199999999968e+04 1.837250328063964844e+01
2.501163499999999840e+04 2.544881439208984375e+01
2.501171800000000076e+04 8.330590248107910156e+00
2.501180099999999948e+04 0.000000000000000000e+00
2.501188399999999820e+04 0.000000000000000000e+00
2.501196700000000055e+04 0.000000000000000000e+00
2.501204999999999927e+04 0.000000000000000000e+00
2.501213300000000163e+04 0.000000000000000000e+00
2.501221600000000035e+04 0.000000000000000000e+00
2.501229899999999907e+04 0.000000000000000000e+00
2.501238200000000143e+04 0.000000000000000000e+00
2.501246500000000015e+04 3.389221429824829102e+00
2.501254799999999886e+04 1.841097640991210938e+01
2.501263100000000122e+04 2.547760200500488281e+01
2.501271399999999994e+04 1.260972023010253906e+01
2.501279699999999866e+04 5.710570514202117920e-02
2.501288000000000102e+04 0.000000000000000000e+00
2.501296299999999974e+04 0.000000000000000000e+00
2.501304599999999846e+04 0.000000000000000000e+00
2.501312900000000081e+04 0.000000000000000000e+00
2.501321199999999953e+04 0.000000000000000000e+00
2.501329499999999825e+04 0.000000000000000000e+00
2.501337800000000061e+04 0.000000000000000000e+00
2.501346099999999933e+04 1.887097358703613281e+00
2.501354400000000169e+04 1.346394824981689453e+01
2.501362700000000041e+04 2.687608718872070312e+01
2.501370999999999913e+04 1.242575359344482422e+01
2.501379300000000148e+04 5.828746780753135681e-02
2.501387600000000020e+04 0.000000000000000000e+00
2.501395899999999892e+04 0.000000000000000000e+00
2.501404200000000128e+04 0.000000000000000000e+00
2.501412500000000000e+04 0.000000000000000000e+00
2.501420799999999872e+04 0.000000000000000000e+00
2.501429100000000108e+04 0.000000000000000000e+00
2.501437399999999980e+04 0.000000000000000000e+00
2.501445699999999852e+04 1.888034224510192871e+00
2.501454000000000087e+04 1.354305171966552734e+01
2.501462299999999959e+04 2.696285820007324219e+01
2.501470599999999831e+04 1.245224857330322266e+01
2.501478900000000067e+04 5.866649001836776733e-02
2.501487199999999939e+04 0.000000000000000000e+00
2.501495500000000175e+04 0.000000000000000000e+00
2.501503800000000047e+04 0.000000000000000000e+00
2.501512099999999919e+04 0.000000000000000000e+00
2.501520400000000154e+04 0.000000000000000000e+00
2.501528700000000026e+04 0.000000000000000000e+00
2.501536999999999898e+04 0.000000000000000000e+00
2.501545300000000134e+04 1.888949513435363770e+00
2.501553600000000006e+04 1.354185104370117188e+01
2.501561899999999878e+04 2.698087501525878906e+01
2.501570200000000114e+04 1.246311855316162109e+01
2.501578499999999985e+04 5.910100415349006653e-02
2.501586799999999857e+04 0.000000000000000000e+00
2.501595100000000093e+04 0.000000000000000000e+00
2.501603399999999965e+04 0.000000000000000000e+00
2.501611699999999837e+04 0.000000000000000000e+00
2.501620000000000073e+04 0.000000000000000000e+00
2.501628299999999945e+04 0.000000000000000000e+00
2.501636600000000180e+04 0.000000000000000000e+00
2.501644900000000052e+04 1.889853477478027344e+00
2.501653199999999924e+04 1.357978057861328125e+01
2.501661500000000160e+04 2.701966285705566406e+01
2.501669800000000032e+04 1.675053215026855469e+01
2.501678099999999904e+04 1.923461407423019409e-01
2.501686400000000140e+04 0.000000000000000000e+00
2.501694700000000012e+04 0.000000000000000000e+00
2.501702999999999884e+04 0.000000000000000000e+00
2.501711300000000119e+04 0.000000000000000000e+00
2.501719599999999991e+04 0.000000000000000000e+00
2.501727899999999863e+04 0.000000000000000000e+00
2.501736200000000099e+04 0.000000000000000000e+00
2.501744499999999971e+04 7.058185935020446777e-01
2.501752799999999843e+04 9.945569038391113281e+00
2.501761100000000079e+04 2.768130493164062500e+01
2.501769399999999951e+04 1.659201049804687500e+01
2.501777699999999822e+04 1.895738542079925537e-01
2.501786000000000058e+04 0.000000000000000000e+00
2.501794299999999930e+04 0.000000000000000000e+00
2.501802600000000166e+04 0.000000000000000000e+00
2.501810900000000038e+04 0.000000000000000000e+00
2.501819199999999910e+04 0.000000000000000000e+00
2.501827500000000146e+04 0.000000000000000000e+00
2.501835800000000017e+04 0.000000000000000000e+00
2.501844099999999889e+04 0.000000000000000000e+00
2.501852400000000125e+04 9.851036071777343750e+00
2.501860699999999997e+04 2.764093399047851562e+01
2.501868999999999869e+04 1.662228393554687500e+01
2.501877300000000105e+04 1.902348101139068604e-01
2.501885599999999977e+04 0.000000000000000000e+00
2.501893899999999849e+04 0.000000000000000000e+00
2.501902200000000084e+04 0.000000000000000000e+00
2.501910499999999956e+04 0.000000000000000000e+00
2.501918799999999828e+04 0.000000000000000000e+00
2.501927100000000064e+04 0.000000000000000000e+00
2.501935399999999936e+04 0.000000000000000000e+00
2.501943700000000172e+04 0.000000000000000000e+00
2.501952000000000044e+04 9.857351303100585938e+00
2.501960299999999916e+04 2.766108131408691406e+01
2.501968600000000151e+04 1.663338851928710938e+01
2.501976900000000023e+04 1.909137815237045288e-01
2.501985199999999895e+04 0.000000000000000000e+00
2.501993500000000131e+04 0.000000000000000000e+00
