2.500009800000000178e+04 7.873264789581298828e+00
2.500018100000000049e+04 7.703383445739746094e+00
2.500026399999999921e+04 7.555897235870361328e+00
2.500034700000000157e+04 7.432493686676025391e+00
2.500043000000000029e+04 7.374579906463623047e+00
2.500051299999999901e+04 7.716639518737792969e+00
2.500059600000000137e+04 8.465984344482421875e+00
2.500067900000000009e+04 9.208291053771972656e+00
2.500076199999999881e+04 8.492301940917968750e+00
2.500084500000000116e+04 8.457073211669921875e+00
2.500092799999999988e+04 8.266082763671875000e+00
2.500101099999999860e+04 8.063154220581054688e+00
2.500109400000000096e+04 7.887930870056152344e+00
2.500117699999999968e+04 7.719238281250000000e+00
2.500125999999999840e+04 7.547121047973632812e+00
2.500134300000000076e+04 7.403994083404541016e+00
2.500142599999999948e+04 7.284821510314941406e+00
2.500150899999999820e+04 7.569890499114990234e+00
2.500159200000000055e+04 8.423188209533691406e+00
2.500167499999999927e+04 9.526247024536132812e+00
2.500175800000000163e+04 8.494249343872070312e+00
2.500184100000000035e+04 8.459089279174804688e+00
2.500192399999999907e+04 8.287207603454589844e+00
2.500200700000000143e+04 8.074261665344238281e+00
2.500209000000000015e+04 7.876326084136962891e+00
2.500217299999999886e+04 7.708689212799072266e+00
2.500225600000000122e+04 7.544305801391601562e+00
2.500233899999999994e+04 7.414278507232666016e+00
2.500242199999999866e+04 7.277841091156005859e+00
2.500250500000000102e+04 7.594932556152343750e+00
2.500258799999999974e+04 8.450113296508789062e+00
2.500267099999999846e+04 9.522186279296875000e+00
2.500275400000000081e+04 8.505475044250488281e+00
2.500283699999999953e+04 8.473067283630371094e+00
2.500291999999999825e+04 8.289184570312500000e+00
2.500300300000000061e+04 8.068304061889648438e+00
2.500308599999999933e+04 7.884172916412353516e+00
2.500316900000000169e+04 7.701105117797851562e+00
2.500325200000000041e+04 7.538357734680175781e+00
2.500333499999999913e+04 7.412548542022705078e+00
2.500341800000000148e+04 7.291630744934082031e+00
2.500350100000000020e+04 7.572564601898193359e+00
2.500358399999999892e+04 8.445985794067382812e+00
2.500366700000000128e+04 9.532224655151367188e+00
2.500375000000000000e+04 8.504858016967773438e+00
2.500383299999999872e+04 8.464036941528320312e+00
2.500391600000000108e+04 8.278613090515136719e+00
2.500399899999999980e+04 8.080612182617187500e+00
2.500408199999999852e+04 7.879352092742919922e+00
2.500416500000000087e+04 7.693853378295898438e+00
2.500424799999999959e+04 7.554247379302978516e+00
2.500433099999999831e+04 7.422672271728515625e+00
2.500441400000000067e+04 7.279707431793212891e+00
2.500449699999999939e+04 7.582705974578857422e+00
2.500458000000000175e+04 8.457817077636718750e+00
2.500466300000000047e+04 9.535112380981445312e+00
2.500474599999999919e+04 8.516413688659667969e+00
2.500482900000000154e+04 8.482669830322265625e+00
2.500491200000000026e+04 8.249899864196777344e+00
2.500499499999999898e+04 8.075855255126953125e+00
2.500507800000000134e+04 7.883960723876953125e+00
2.500516100000000006e+04 7.704701423645019531e+00
2.500524399999999878e+04 7.544038772583007812e+00
2.500532700000000114e+04 7.404025554656982422e+00
2.500540999999999985e+04 7.282906532287597656e+00
2.500549299999999857e+04 7.477567672729492188e+00
2.500557600000000093e+04 8.406354904174804688e+00
2.500565899999999965e+04 9.229682922363281250e+00
2.500574199999999837e+04 8.509846687316894531e+00
2.500582500000000073e+04 8.493678092956542969e+00
2.500590799999999945e+04 8.253364562988281250e+00
2.500599100000000180e+04 8.093895912170410156e+00
2.500607400000000052e+04 7.892636775970458984e+00
2.500615699999999924e+04 7.709084033966064453e+00
2.500624000000000160e+04 7.567030906677246094e+00
2.500632300000000032e+04 7.406588554382324219e+00
2.500640599999999904e+04 7.274406909942626953e+00
2.500648900000000140e+04 7.489717006683349609e+00
2.500657200000000012e+04 8.434304237365722656e+00
2.500665499999999884e+04 9.218728065490722656e+00
2.500673800000000119e+04 8.520778656005859375e+00
2.500682099999999991e+04 8.492848396301269531e+00
2.500690399999999863e+04 8.264356613159179688e+00
2.500698700000000099e+04 8.082221031188964844e+00
2.500706999999999971e+04 7.890502452850341797e+00
2.500715299999999843e+04 7.709703445434570312e+00
2.500723600000000079e+04 7.562402725219726562e+00
2.500731899999999951e+04 7.415937900543212891e+00
2.500740199999999822e+04 7.275008201599121094e+00
2.500748500000000058e+04 7.488149166107177734e+00
2.500756799999999930e+04 8.437063217163085938e+00
2.500765100000000166e+04 9.219606399536132812e+00
2.500773400000000038e+04 8.528049468994140625e+00
2.500781699999999910e+04 8.497009277343750000e+00
2.500790000000000146e+04 8.267118453979492188e+00
2.500798300000000017e+04 8.087597846984863281e+00
2.500806599999999889e+04 7.897749900817871094e+00
2.500814900000000125e+04 7.719775199890136719e+00
2.500823199999999997e+04 7.559085845947265625e+00
2.500831499999999869e+04 7.414152622222900391e+00
2.500839800000000105e+04 7.281344890594482422e+00
2.500848099999999977e+04 7.511623859405517578e+00
2.500856399999999849e+04 8.423237800598144531e+00
2.500864700000000084e+04 9.234776496887207031e+00
2.500872999999999956e+04 8.535829544067382812e+00
2.500881299999999828e+04 8.514934539794921875e+00
2.500889600000000064e+04 8.382222175598144531e+00
2.500897899999999936e+04 8.216946601867675781e+00
2.500906200000000172e+04 7.995070934295654297e+00
2.500914500000000044e+04 7.824341297149658203e+00
2.500922799999999916e+04 7.673844337463378906e+00
2.500931100000000151e+04 7.512912750244140625e+00
2.500939400000000023e+04 7.376292705535888672e+00
2.500947699999999895e+04 7.508082389831542969e+00
2.500956000000000131e+04 8.397021293640136719e+00
2.500964300000000003e+04 8.896147727966308594e+00
2.500972599999999875e+04 8.538545608520507812e+00
2.500980900000000111e+04 8.524761199951171875e+00
2.500989199999999983e+04 8.395094871520996094e+00
2.500997499999999854e+04 8.212495803833007812e+00
2.501005800000000090e+04 8.009554862976074219e+00
2.501014099999999962e+04 7.815928459167480469e+00
2.501022399999999834e+04 7.662750720977783203e+00
2.501030700000000070e+04 7.505649089813232422e+00
2.501038999999999942e+04 7.363645553588867188e+00
2.501047300000000178e+04 7.513242244720458984e+00
2.501055600000000049e+04 8.390528678894042969e+00
2.501063899999999921e+04 8.892307281494140625e+00
2.501072200000000157e+04 8.530919075012207031e+00
2.501080500000000029e+04 8.504414558410644531e+00
2.501088799999999901e+04 8.372710227966308594e+00
2.501097100000000137e+04 8.197603225708007812e+00
2.501105400000000009e+04 8.022213935852050781e+00
2.501113699999999881e+04 7.807948589324951172e+00
2.501122000000000116e+04 7.655103683471679688e+00
2.501130299999999988e+04 7.509663105010986328e+00
2.501138599999999860e+04 7.370547771453857422e+00
2.501146900000000096e+04 7.497923851013183594e+00
2.501155199999999968e+04 8.417051315307617188e+00
2.501163499999999840e+04 8.891318321228027344e+00
2.501171800000000076e+04 8.533983230590820312e+00
2.501180099999999948e+04 8.512447357177734375e+00
2.501188399999999820e+04 8.379686355590820312e+00
2.501196700000000055e+04 8.212251663208007812e+00
2.501204999999999927e+04 7.993132114410400391e+00
2.501213300000000163e+04 7.815962791442871094e+00
2.501221600000000035e+04 7.647286891937255859e+00
2.501229899999999907e+04 7.504992485046386719e+00
2.501238200000000143e+04 7.378047943115234375e+00
2.501246500000000015e+04 7.507973194122314453e+00
2.501254799999999886e+04 8.423341751098632812e+00
2.501263100000000122e+04 8.894762039184570312e+00
2.501271399999999994e+04 8.543188095092773438e+00
2.501279699999999866e+04 8.549628257751464844e+00
2.501288000000000102e+04 8.464545249938964844e+00
2.501296299999999974e+04 8.265529632568359375e+00
2.501304599999999846e+04 8.069251060485839844e+00
2.501312900000000081e+04 7.898006916046142578e+00
2.501321199999999953e+04 7.721302986145019531e+00
2.501329499999999825e+04 7.561157226562500000e+00
2.501337800000000061e+04 7.442102432250976562e+00
2.501346099999999933e+04 7.486189365386962891e+00
2.501354400000000169e+04 8.340738296508789062e+00
2.501362700000000041e+04 8.631925582885742188e+00
2.501370999999999913e+04 8.616783142089843750e+00
2.501379300000000148e+04 8.536814689636230469e+00
2.501387600000000020e+04 8.469351768493652344e+00
2.501395899999999892e+04 8.271456718444824219e+00
2.501404200000000128e+04 8.068488121032714844e+00
2.501412500000000000e+04 7.881975173950195312e+00
2.501420799999999872e+04 7.715989112854003906e+00
2.501429100000000108e+04 7.581508636474609375e+00
2.501437399999999980e+04 7.452246189117431641e+00
2.501445699999999852e+04 7.489078998565673828e+00
2.501454000000000087e+04 8.395244598388671875e+00
2.501462299999999959e+04 8.635918617248535156e+00
2.501470599999999831e+04 8.627474784851074219e+00
2.501478900000000067e+04 8.537012100219726562e+00
2.501487199999999939e+04 8.475836753845214844e+00
2.501495500000000175e+04 8.284986495971679688e+00
2.501503800000000047e+04 8.073820114135742188e+00
2.501512099999999919e+04 7.903721809387207031e+00
2.501520400000000154e+04 7.741445541381835938e+00
2.501528700000000026e+04 7.584669589996337891e+00
2.501536999999999898e+04 7.443122386932373047e+00
2.501545300000000134e+04 7.491277217864990234e+00
2.501553600000000006e+04 8.363607406616210938e+00
2.501561899999999878e+04 8.646387100219726562e+00
2.501570200000000114e+04 8.629202842712402344e+00
2.501578499999999985e+04 8.542790412902832031e+00
2.501586799999999857e+04 8.472217559814453125e+00
2.501595100000000093e+04 8.280929565429687500e+00
2.501603399999999965e+04 8.091438293457031250e+00
2.501611699999999837e+04 7.903831481933593750e+00
2.501620000000000073e+04 7.718967437744140625e+00
2.501628299999999945e+04 7.575025558471679688e+00
2.501636600000000180e+04 7.453729152679443359e+00
2.501644900000000052e+04 7.497812747955322266e+00
2.501653199999999924e+04 8.395804405212402344e+00
2.501661500000000160e+04 8.645688056945800781e+00
2.501669800000000032e+04 8.638005256652832031e+00
2.501678099999999904e+04 8.575344085693359375e+00
2.501686400000000140e+04 8.515950202941894531e+00
2.501694700000000012e+04 8.298867225646972656e+00
2.501702999999999884e+04 8.094757080078125000e+00
2.501711300000000119e+04 7.917746067047119141e+00
2.501719599999999991e+04 7.752250194549560547e+00
2.501727899999999863e+04 7.612010955810546875e+00
2.501736200000000099e+04 7.463521003723144531e+00
2.501744499999999971e+04 7.506710529327392578e+00
2.501752799999999843e+04 8.258620262145996094e+00
2.501761100000000079e+04 8.550875663757324219e+00
2.501769399999999951e+04 8.914753913879394531e+00
2.501777699999999822e+04 8.560786247253417969e+00
2.501786000000000058e+04 8.509922027587890625e+00
2.501794299999999930e+04 8.318592071533203125e+00
2.501802600000000166e+04 8.118263244628906250e+00
2.501810900000000038e+04 7.929194450378417969e+00
2.501819199999999910e+04 7.762681961059570312e+00
2.501827500000000146e+04 7.612504959106445312e+00
2.501835800000000017e+04 7.459210872650146484e+00
2.501844099999999889e+04 7.423154830932617188e+00
2.501852400000000125e+04 8.230291366577148438e+00
2.501860699999999997e+04 8.567285537719726562e+00
2.501868999999999869e+04 8.787895202636718750e+00
2.501877300000000105e+04 8.560895919799804688e+00
2.501885599999999977e+04 8.524918556213378906e+00
2.501893899999999849e+04 8.327771186828613281e+00
2.501902200000000084e+04 8.123418807983398438e+00
2.501910499999999956e+04 7.938760757446289062e+00
2.501918799999999828e+04 7.765820503234863281e+00
2.501927100000000064e+04 7.612244129180908203e+00
2.501935399999999936e+04 7.462998867034912109e+00
2.501943700000000172e+04 7.428634643554687500e+00
2.501952000000000044e+04 8.195691108703613281e+00
2.501960299999999916e+04 8.572312355041503906e+00
2.501968600000000151e+04 8.786466598510742188e+00
2.501976900000000023e+04 8.563751220703125000e+00
2.501985199999999895e+04 8.511775970458984375e+00
2.501993500000000131e+04 8.316102981567382812e+00
