2.500009800000000178e+04 8.674406738281250000e+02
2.500018100000000049e+04 8.674483642578125000e+02
2.500026399999999921e+04 8.674573364257812500e+02
2.500034700000000157e+04 8.674667358398437500e+02
2.500043000000000029e+04 8.674750366210937500e+02
2.500051299999999901e+04 8.673653564453125000e+02
2.500059600000000137e+04 8.675434570312500000e+02
2.500067900000000009e+04 8.674671020507812500e+02
2.500076199999999881e+04 8.675094604492187500e+02
2.500084500000000116e+04 8.675159301757812500e+02
2.500092799999999988e+04 8.675219726562500000e+02
2.500101099999999860e+04 8.675285644531250000e+02
2.500109400000000096e+04 8.675350952148437500e+02
2.500117699999999968e+04 8.675421752929687500e+02
2.500125999999999840e+04 8.675506591796875000e+02
2.500134300000000076e+04 8.675598754882812500e+02
2.500142599999999948e+04 8.675679931640625000e+02
2.500150899999999820e+04 8.675653076171875000e+02
2.500159200000000055e+04 8.676152954101562500e+02
2.500167499999999927e+04 8.675859985351562500e+02
2.500175800000000163e+04 8.676055297851562500e+02
2.500184100000000035e+04 8.676122436523437500e+02
2.500192399999999907e+04 8.676179199218750000e+02
2.500200700000000143e+04 8.676241455078125000e+02
2.500209000000000015e+04 8.676304321289062500e+02
2.500217299999999886e+04 8.676372070312500000e+02
2.500225600000000122e+04 8.676453857421875000e+02
2.500233899999999994e+04 8.676543579101562500e+02
2.500242199999999866e+04 8.676621704101562500e+02
2.500250500000000102e+04 8.675698852539062500e+02
2.500258799999999974e+04 8.677959594726562500e+02
2.500267099999999846e+04 8.677286376953125000e+02
2.500275400000000081e+04 8.677736816406250000e+02
2.500283699999999953e+04 8.677799682617187500e+02
2.500291999999999825e+04 8.677854003906250000e+02
2.500300300000000061e+04 8.677914428710937500e+02
2.500308599999999933e+04 8.677974853515625000e+02
2.500316900000000169e+04 8.678040161132812500e+02
2.500325200000000041e+04 8.678119506835937500e+02
2.500333499999999913e+04 8.678206787109375000e+02
2.500341800000000148e+04 8.678283081054687500e+02
2.500350100000000020e+04 8.677366943359375000e+02
2.500358399999999892e+04 8.679555664062500000e+02
2.500366700000000128e+04 8.678882446289062500e+02
2.500375000000000000e+04 8.679277343750000000e+02
2.500383299999999872e+04 8.679336547851562500e+02
2.500391600000000108e+04 8.679389038085937500e+02
2.500399899999999980e+04 8.679447631835937500e+02
2.500408199999999852e+04 8.679506225585937500e+02
2.500416500000000087e+04 8.679568481445312500e+02
2.500424799999999959e+04 8.679646606445312500e+02
2.500433099999999831e+04 8.679732055664062500e+02
2.500441400000000067e+04 8.679805908203125000e+02
2.500449699999999939e+04 8.678569335937500000e+02
2.500458000000000175e+04 8.680340576171875000e+02
2.500466300000000047e+04 8.679459228515625000e+02
2.500474599999999919e+04 8.679827270507812500e+02
2.500482900000000154e+04 8.679790039062500000e+02
2.500491200000000026e+04 8.679855957031250000e+02
2.500499499999999898e+04 8.679912109375000000e+02
2.500507800000000134e+04 8.679970092773437500e+02
2.500516100000000006e+04 8.680031127929687500e+02
2.500524399999999878e+04 8.680104980468750000e+02
2.500532700000000114e+04 8.680187988281250000e+02
2.500540999999999985e+04 8.680263061523437500e+02
2.500549299999999857e+04 8.679509887695312500e+02
2.500557600000000093e+04 8.681625976562500000e+02
2.500565899999999965e+04 8.680923461914062500e+02
2.500574199999999837e+04 8.681301879882812500e+02
2.500582500000000073e+04 8.681298217773437500e+02
2.500590799999999945e+04 8.681351928710937500e+02
2.500599100000000180e+04 8.681406860351562500e+02
2.500607400000000052e+04 8.681463623046875000e+02
2.500615699999999924e+04 8.681523437500000000e+02
2.500624000000000160e+04 8.681596069335937500e+02
2.500632300000000032e+04 8.681677856445312500e+02
2.500640599999999904e+04 8.681752319335937500e+02
2.500648900000000140e+04 8.681014404296875000e+02
2.500657200000000012e+04 8.683271484375000000e+02
2.500665499999999884e+04 8.682588500976562500e+02
2.500673800000000119e+04 8.683075561523437500e+02
2.500682099999999991e+04 8.683074340820312500e+02
2.500690399999999863e+04 8.683120727539062500e+02
2.500698700000000099e+04 8.683174438476562500e+02
2.500706999999999971e+04 8.683229980468750000e+02
2.500715299999999843e+04 8.683288574218750000e+02
2.500723600000000079e+04 8.683360595703125000e+02
2.500731899999999951e+04 8.683441162109375000e+02
2.500740199999999822e+04 8.683514404296875000e+02
2.500748500000000058e+04 8.682487182617187500e+02
2.500756799999999930e+04 8.684176025390625000e+02
2.500765100000000166e+04 8.683308715820312500e+02
2.500773400000000038e+04 8.683666992187500000e+02
2.500781699999999910e+04 8.683627319335937500e+02
2.500790000000000146e+04 8.683684082031250000e+02
2.500798300000000017e+04 8.683737182617187500e+02
2.500806599999999889e+04 8.683791503906250000e+02
2.500814900000000125e+04 8.683848876953125000e+02
2.500823199999999997e+04 8.683919677734375000e+02
2.500831499999999869e+04 8.683999023437500000e+02
2.500839800000000105e+04 8.684071655273437500e+02
2.500848099999999977e+04 8.683066406250000000e+02
2.500856399999999849e+04 8.684724121093750000e+02
2.500864700000000084e+04 8.683826904296875000e+02
2.500872999999999956e+04 8.684136352539062500e+02
2.500881299999999828e+04 8.684055175781250000e+02
2.500889600000000064e+04 8.684108276367187500e+02
2.500897899999999936e+04 8.684159545898437500e+02
2.500906200000000172e+04 8.684212646484375000e+02
2.500914500000000044e+04 8.684268798828125000e+02
2.500922799999999916e+04 8.684335937500000000e+02
2.500931100000000151e+04 8.684412841796875000e+02
2.500939400000000023e+04 8.684486694335937500e+02
2.500947699999999895e+04 8.683894653320312500e+02
2.500956000000000131e+04 8.685982055664062500e+02
2.500964300000000003e+04 8.685282592773437500e+02
2.500972599999999875e+04 8.685621337890625000e+02
2.500980900000000111e+04 8.685585327148437500e+02
2.500989199999999983e+04 8.685623779296875000e+02
2.500997499999999854e+04 8.685674438476562500e+02
2.501005800000000090e+04 8.685727539062500000e+02
2.501014099999999962e+04 8.685783691406250000e+02
2.501022399999999834e+04 8.685850219726562500e+02
2.501030700000000070e+04 8.685927734375000000e+02
2.501038999999999942e+04 8.686000976562500000e+02
2.501047300000000178e+04 8.685415649414062500e+02
2.501055600000000049e+04 8.687644042968750000e+02
2.501063899999999921e+04 8.686959228515625000e+02
2.501072200000000157e+04 8.687405395507812500e+02
2.501080500000000029e+04 8.687371215820312500e+02
2.501088799999999901e+04 8.687409667968750000e+02
2.501097100000000137e+04 8.687459716796875000e+02
2.501105400000000009e+04 8.687512207031250000e+02
2.501113699999999881e+04 8.687567749023437500e+02
2.501122000000000116e+04 8.687633666992187500e+02
2.501130299999999988e+04 8.687709960937500000e+02
2.501138599999999860e+04 8.687782592773437500e+02
2.501146900000000096e+04 8.687187500000000000e+02
2.501155199999999968e+04 8.689279174804687500e+02
2.501163499999999840e+04 8.688567504882812500e+02
2.501171800000000076e+04 8.688972167968750000e+02
2.501180099999999948e+04 8.688928833007812500e+02
2.501188399999999820e+04 8.688967895507812500e+02
2.501196700000000055e+04 8.689017333984375000e+02
2.501204999999999927e+04 8.689069213867187500e+02
2.501213300000000163e+04 8.689123535156250000e+02
2.501221600000000035e+04 8.689188842773437500e+02
2.501229899999999907e+04 8.689264526367187500e+02
2.501238200000000143e+04 8.689336547851562500e+02
2.501246500000000015e+04 8.688508300781250000e+02
2.501254799999999886e+04 8.690171508789062500e+02
2.501263100000000122e+04 8.689287719726562500e+02
2.501271399999999994e+04 8.689557495117187500e+02
2.501279699999999866e+04 8.689440307617187500e+02
2.501288000000000102e+04 8.689490966796875000e+02
2.501296299999999974e+04 8.689538574218750000e+02
2.501304599999999846e+04 8.689589843750000000e+02
2.501312900000000081e+04 8.689642944335937500e+02
2.501321199999999953e+04 8.689707641601562500e+02
2.501329499999999825e+04 8.689781494140625000e+02
2.501337800000000061e+04 8.689855346679687500e+02
2.501346099999999933e+04 8.689873046875000000e+02
2.501354400000000169e+04 8.690485229492187500e+02
2.501362700000000041e+04 8.690129394531250000e+02
2.501370999999999913e+04 8.690258789062500000e+02
2.501379300000000148e+04 8.690241699218750000e+02
2.501387600000000020e+04 8.690265502929687500e+02
2.501395899999999892e+04 8.690313110351562500e+02
2.501404200000000128e+04 8.690364379882812500e+02
2.501412500000000000e+04 8.690416870117187500e+02
2.501420799999999872e+04 8.690478515625000000e+02
2.501429100000000108e+04 8.690552368164062500e+02
2.501437399999999980e+04 8.690625610351562500e+02
2.501445699999999852e+04 8.690350952148437500e+02
2.501454000000000087e+04 8.692047119140625000e+02
2.501462299999999959e+04 8.691583251953125000e+02
2.501470599999999831e+04 8.691752319335937500e+02
2.501478900000000067e+04 8.691726684570312500e+02
2.501487199999999939e+04 8.691750488281250000e+02
2.501495500000000175e+04 8.691797485351562500e+02
2.501503800000000047e+04 8.691848144531250000e+02
2.501512099999999919e+04 8.691900634765625000e+02
2.501520400000000154e+04 8.691961669921875000e+02
2.501528700000000026e+04 8.692034301757812500e+02
2.501536999999999898e+04 8.692107543945312500e+02
2.501545300000000134e+04 8.691693115234375000e+02
2.501553600000000006e+04 8.693617553710937500e+02
2.501561899999999878e+04 8.692976074218750000e+02
2.501570200000000114e+04 8.693222656250000000e+02
2.501578499999999985e+04 8.693167114257812500e+02
2.501586799999999857e+04 8.693201293945312500e+02
2.501595100000000093e+04 8.693247680664062500e+02
2.501603399999999965e+04 8.693298339843750000e+02
2.501611699999999837e+04 8.693349609375000000e+02
2.501620000000000073e+04 8.693410644531250000e+02
2.501628299999999945e+04 8.693483276367187500e+02
2.501636600000000180e+04 8.693555908203125000e+02
2.501644900000000052e+04 8.693134155273437500e+02
2.501653199999999924e+04 8.695009155273437500e+02
2.501661500000000160e+04 8.694350585937500000e+02
2.501669800000000032e+04 8.694533691406250000e+02
2.501678099999999904e+04 8.694449462890625000e+02
2.501686400000000140e+04 8.694490356445312500e+02
2.501694700000000012e+04 8.694534912109375000e+02
2.501702999999999884e+04 8.694584350585937500e+02
2.501711300000000119e+04 8.694635009765625000e+02
2.501719599999999991e+04 8.694695434570312500e+02
2.501727899999999863e+04 8.694765625000000000e+02
2.501736200000000099e+04 8.694837646484375000e+02
2.501744499999999971e+04 8.694441528320312500e+02
2.501752799999999843e+04 8.695756835937500000e+02
2.501761100000000079e+04 8.695062255859375000e+02
2.501769399999999951e+04 8.695056152343750000e+02
2.501777699999999822e+04 8.694980468750000000e+02
2.501786000000000058e+04 8.695016479492187500e+02
2.501794299999999930e+04 8.695061035156250000e+02
2.501802600000000166e+04 8.695110473632812500e+02
2.501810900000000038e+04 8.695161132812500000e+02
2.501819199999999910e+04 8.695217895507812500e+02
2.501827500000000146e+04 8.695288696289062500e+02
2.501835800000000017e+04 8.695362548828125000e+02
2.501844099999999889e+04 8.695408325195312500e+02
2.501852400000000125e+04 8.695559082031250000e+02
2.501860699999999997e+04 8.695278320312500000e+02
2.501868999999999869e+04 8.695234985351562500e+02
2.501877300000000105e+04 8.695216674804687500e+02
2.501885599999999977e+04 8.695233154296875000e+02
2.501893899999999849e+04 8.695277099609375000e+02
2.501902200000000084e+04 8.695326538085937500e+02
2.501910499999999956e+04 8.695377197265625000e+02
2.501918799999999828e+04 8.695433959960937500e+02
2.501927100000000064e+04 8.695504150390625000e+02
2.501935399999999936e+04 8.695578613281250000e+02
2.501943700000000172e+04 8.695623779296875000e+02
2.501952000000000044e+04 8.695778198242187500e+02
2.501960299999999916e+04 8.695497436523437500e+02
2.501968600000000151e+04 8.695452270507812500e+02
2.501976900000000023e+04 8.695433959960937500e+02
2.501985199999999895e+04 8.695450439453125000e+02
2.501993500000000131e+04 8.695494995117187500e+02
