2.500009800000000178e+04 8.676497802734375000e+02
2.500018100000000049e+04 8.676575317382812500e+02
2.500026399999999921e+04 8.676666259765625000e+02
2.500034700000000157e+04 8.676760253906250000e+02
2.500043000000000029e+04 8.676844482421875000e+02
2.500051299999999901e+04 8.675656738281250000e+02
2.500059600000000137e+04 8.677365722656250000e+02
2.500067900000000009e+04 8.676597900390625000e+02
2.500076199999999881e+04 8.677025756835937500e+02
2.500084500000000116e+04 8.677087402343750000e+02
2.500092799999999988e+04 8.677148437500000000e+02
2.500101099999999860e+04 8.677215576171875000e+02
2.500109400000000096e+04 8.677282104492187500e+02
2.500117699999999968e+04 8.677352905273437500e+02
2.500125999999999840e+04 8.677438964843750000e+02
2.500134300000000076e+04 8.677531738281250000e+02
2.500142599999999948e+04 8.677613525390625000e+02
2.500150899999999820e+04 8.677592773437500000e+02
2.500159200000000055e+04 8.678028564453125000e+02
2.500167499999999927e+04 8.677746582031250000e+02
2.500175800000000163e+04 8.677924194335937500e+02
2.500184100000000035e+04 8.677990722656250000e+02
2.500192399999999907e+04 8.678048095703125000e+02
2.500200700000000143e+04 8.678112182617187500e+02
2.500209000000000015e+04 8.678175659179687500e+02
2.500217299999999886e+04 8.678243408203125000e+02
2.500225600000000122e+04 8.678326416015625000e+02
2.500233899999999994e+04 8.678416748046875000e+02
2.500242199999999866e+04 8.678495483398437500e+02
2.500250500000000102e+04 8.677533569335937500e+02
2.500258799999999974e+04 8.679696044921875000e+02
2.500267099999999846e+04 8.679031372070312500e+02
2.500275400000000081e+04 8.679450683593750000e+02
2.500283699999999953e+04 8.679510498046875000e+02
2.500291999999999825e+04 8.679566040039062500e+02
2.500300300000000061e+04 8.679627685546875000e+02
2.500308599999999933e+04 8.679689331054687500e+02
2.500316900000000169e+04 8.679755249023437500e+02
2.500325200000000041e+04 8.679835815429687500e+02
2.500333499999999913e+04 8.679923706054687500e+02
2.500341800000000148e+04 8.680000610351562500e+02
2.500350100000000020e+04 8.679034423828125000e+02
2.500358399999999892e+04 8.681152343750000000e+02
2.500366700000000128e+04 8.680485229492187500e+02
2.500375000000000000e+04 8.680881347656250000e+02
2.500383299999999872e+04 8.680938720703125000e+02
2.500391600000000108e+04 8.680992431640625000e+02
2.500399899999999980e+04 8.681052246093750000e+02
2.500408199999999852e+04 8.681112060546875000e+02
2.500416500000000087e+04 8.681175537109375000e+02
2.500424799999999959e+04 8.681254272460937500e+02
2.500433099999999831e+04 8.681340332031250000e+02
2.500441400000000067e+04 8.681416015625000000e+02
2.500449699999999939e+04 8.680107421875000000e+02
2.500458000000000175e+04 8.681810302734375000e+02
2.500466300000000047e+04 8.680935668945312500e+02
2.500474599999999919e+04 8.681315917968750000e+02
2.500482900000000154e+04 8.681276855468750000e+02
2.500491200000000026e+04 8.681341552734375000e+02
2.500499499999999898e+04 8.681398925781250000e+02
2.500507800000000134e+04 8.681457519531250000e+02
2.500516100000000006e+04 8.681519775390625000e+02
2.500524399999999878e+04 8.681594238281250000e+02
2.500532700000000114e+04 8.681677856445312500e+02
2.500540999999999985e+04 8.681754150390625000e+02
2.500549299999999857e+04 8.680932006835937500e+02
2.500557600000000093e+04 8.683038940429687500e+02
2.500565899999999965e+04 8.682339477539062500e+02
2.500574199999999837e+04 8.682721557617187500e+02
2.500582500000000073e+04 8.682719116210937500e+02
2.500590799999999945e+04 8.682772216796875000e+02
2.500599100000000180e+04 8.682828369140625000e+02
2.500607400000000052e+04 8.682885742187500000e+02
2.500615699999999924e+04 8.682946166992187500e+02
2.500624000000000160e+04 8.683020019531250000e+02
2.500632300000000032e+04 8.683102416992187500e+02
2.500640599999999904e+04 8.683177490234375000e+02
2.500648900000000140e+04 8.682374267578125000e+02
2.500657200000000012e+04 8.684607543945312500e+02
2.500665499999999884e+04 8.683919677734375000e+02
2.500673800000000119e+04 8.684428100585937500e+02
2.500682099999999991e+04 8.684425659179687500e+02
2.500690399999999863e+04 8.684473266601562500e+02
2.500698700000000099e+04 8.684528808593750000e+02
2.500706999999999971e+04 8.684584960937500000e+02
2.500715299999999843e+04 8.684644775390625000e+02
2.500723600000000079e+04 8.684717407226562500e+02
2.500731899999999951e+04 8.684798583984375000e+02
2.500740199999999822e+04 8.684872436523437500e+02
2.500748500000000058e+04 8.683753051757812500e+02
2.500756799999999930e+04 8.685432739257812500e+02
2.500765100000000166e+04 8.684547119140625000e+02
2.500773400000000038e+04 8.684938964843750000e+02
2.500781699999999910e+04 8.684894409179687500e+02
2.500790000000000146e+04 8.684951782226562500e+02
2.500798300000000017e+04 8.685005493164062500e+02
2.500806599999999889e+04 8.685061035156250000e+02
2.500814900000000125e+04 8.685119018554687500e+02
2.500823199999999997e+04 8.685191040039062500e+02
2.500831499999999869e+04 8.685271606445312500e+02
2.500839800000000105e+04 8.685344848632812500e+02
2.500848099999999977e+04 8.684244995117187500e+02
2.500856399999999849e+04 8.685897827148437500e+02
2.500864700000000084e+04 8.684992065429687500e+02
2.500872999999999956e+04 8.685341186523437500e+02
2.500881299999999828e+04 8.685255737304687500e+02
2.500889600000000064e+04 8.685311279296875000e+02
2.500897899999999936e+04 8.685363159179687500e+02
2.500906200000000172e+04 8.685418090820312500e+02
2.500914500000000044e+04 8.685475463867187500e+02
2.500922799999999916e+04 8.685543212890625000e+02
2.500931100000000151e+04 8.685621948242187500e+02
2.500939400000000023e+04 8.685697021484375000e+02
2.500947699999999895e+04 8.685025634765625000e+02
2.500956000000000131e+04 8.687199096679687500e+02
2.500964300000000003e+04 8.686483154296875000e+02
2.500972599999999875e+04 8.686882324218750000e+02
2.500980900000000111e+04 8.686843872070312500e+02
2.500989199999999983e+04 8.686887207031250000e+02
2.500997499999999854e+04 8.686939086914062500e+02
2.501005800000000090e+04 8.686992797851562500e+02
2.501014099999999962e+04 8.687049560546875000e+02
2.501022399999999834e+04 8.687117309570312500e+02
2.501030700000000070e+04 8.687195434570312500e+02
2.501038999999999942e+04 8.687269897460937500e+02
2.501047300000000178e+04 8.686608886718750000e+02
2.501055600000000049e+04 8.688871459960937500e+02
2.501063899999999921e+04 8.688167114257812500e+02
2.501072200000000157e+04 8.688651123046875000e+02
2.501080500000000029e+04 8.688613281250000000e+02
2.501088799999999901e+04 8.688665771484375000e+02
2.501097100000000137e+04 8.688717041015625000e+02
2.501105400000000009e+04 8.688770751953125000e+02
2.501113699999999881e+04 8.688826904296875000e+02
2.501122000000000116e+04 8.688894042968750000e+02
2.501130299999999988e+04 8.688971557617187500e+02
2.501138599999999860e+04 8.689045410156250000e+02
2.501146900000000096e+04 8.688351440429687500e+02
2.501155199999999968e+04 8.690361328125000000e+02
2.501163499999999840e+04 8.689608154296875000e+02
2.501171800000000076e+04 8.689999389648437500e+02
2.501180099999999948e+04 8.689945678710937500e+02
2.501188399999999820e+04 8.689997558593750000e+02
2.501196700000000055e+04 8.690048217773437500e+02
2.501204999999999927e+04 8.690101318359375000e+02
2.501213300000000163e+04 8.690156250000000000e+02
2.501221600000000035e+04 8.690222778320312500e+02
2.501229899999999907e+04 8.690299682617187500e+02
2.501238200000000143e+04 8.690372924804687500e+02
2.501246500000000015e+04 8.689436035156250000e+02
2.501254799999999886e+04 8.691110839843750000e+02
2.501263100000000122e+04 8.690192871093750000e+02
2.501271399999999994e+04 8.690491943359375000e+02
2.501279699999999866e+04 8.690364990234375000e+02
2.501288000000000102e+04 8.690419311523437500e+02
2.501296299999999974e+04 8.690468139648437500e+02
2.501304599999999846e+04 8.690520629882812500e+02
2.501312900000000081e+04 8.690574951171875000e+02
2.501321199999999953e+04 8.690640869140625000e+02
2.501329499999999825e+04 8.690715332031250000e+02
2.501337800000000061e+04 8.690790405273437500e+02
2.501346099999999933e+04 8.690813598632812500e+02
2.501354400000000169e+04 8.691436157226562500e+02
2.501362700000000041e+04 8.691087646484375000e+02
2.501370999999999913e+04 8.691212158203125000e+02
2.501379300000000148e+04 8.691196899414062500e+02
2.501387600000000020e+04 8.691224975585937500e+02
2.501395899999999892e+04 8.691273803710937500e+02
2.501404200000000128e+04 8.691325683593750000e+02
2.501412500000000000e+04 8.691380004882812500e+02
2.501420799999999872e+04 8.691442871093750000e+02
2.501429100000000108e+04 8.691517333984375000e+02
2.501437399999999980e+04 8.691591796875000000e+02
2.501445699999999852e+04 8.691260375976562500e+02
2.501454000000000087e+04 8.693124389648437500e+02
2.501462299999999959e+04 8.692634887695312500e+02
2.501470599999999831e+04 8.692828369140625000e+02
2.501478900000000067e+04 8.692800903320312500e+02
2.501487199999999939e+04 8.692832031250000000e+02
2.501495500000000175e+04 8.692880859375000000e+02
2.501503800000000047e+04 8.692932739257812500e+02
2.501512099999999919e+04 8.692986450195312500e+02
2.501520400000000154e+04 8.693048706054687500e+02
2.501528700000000026e+04 8.693123168945312500e+02
2.501536999999999898e+04 8.693197631835937500e+02
2.501545300000000134e+04 8.692704467773437500e+02
2.501553600000000006e+04 8.694718017578125000e+02
2.501561899999999878e+04 8.694041137695312500e+02
2.501570200000000114e+04 8.694324951171875000e+02
2.501578499999999985e+04 8.694264526367187500e+02
2.501586799999999857e+04 8.694304199218750000e+02
2.501595100000000093e+04 8.694352416992187500e+02
2.501603399999999965e+04 8.694403686523437500e+02
2.501611699999999837e+04 8.694456176757812500e+02
2.501620000000000073e+04 8.694518432617187500e+02
2.501628299999999945e+04 8.694592285156250000e+02
2.501636600000000180e+04 8.694666137695312500e+02
2.501644900000000052e+04 8.694168090820312500e+02
2.501653199999999924e+04 8.696187133789062500e+02
2.501661500000000160e+04 8.695494384765625000e+02
2.501669800000000032e+04 8.695745239257812500e+02
2.501678099999999904e+04 8.695656738281250000e+02
2.501686400000000140e+04 8.695702514648437500e+02
2.501694700000000012e+04 8.695748901367187500e+02
2.501702999999999884e+04 8.695800170898437500e+02
2.501711300000000119e+04 8.695852050781250000e+02
2.501719599999999991e+04 8.695913696289062500e+02
2.501727899999999863e+04 8.695985717773437500e+02
2.501736200000000099e+04 8.696059570312500000e+02
2.501744499999999971e+04 8.695580444335937500e+02
2.501752799999999843e+04 8.697031860351562500e+02
2.501761100000000079e+04 8.696306762695312500e+02
2.501769399999999951e+04 8.696338500976562500e+02
2.501777699999999822e+04 8.696253051757812500e+02
2.501786000000000058e+04 8.696292114257812500e+02
2.501794299999999930e+04 8.696337890625000000e+02
2.501802600000000166e+04 8.696388549804687500e+02
2.501810900000000038e+04 8.696440429687500000e+02
2.501819199999999910e+04 8.696499023437500000e+02
2.501827500000000146e+04 8.696570434570312500e+02
2.501835800000000017e+04 8.696646118164062500e+02
2.501844099999999889e+04 8.696693725585937500e+02
2.501852400000000125e+04 8.696858520507812500e+02
2.501860699999999997e+04 8.696581420898437500e+02
2.501868999999999869e+04 8.696535644531250000e+02
2.501877300000000105e+04 8.696525878906250000e+02
2.501885599999999977e+04 8.696542968750000000e+02
2.501893899999999849e+04 8.696588745117187500e+02
2.501902200000000084e+04 8.696639404296875000e+02
2.501910499999999956e+04 8.696690673828125000e+02
2.501918799999999828e+04 8.696749267578125000e+02
2.501927100000000064e+04 8.696820678710937500e+02
2.501935399999999936e+04 8.696895751953125000e+02
2.501943700000000172e+04 8.696943359375000000e+02
2.501952000000000044e+04 8.697103271484375000e+02
2.501960299999999916e+04 8.696825561523437500e+02
2.501968600000000151e+04 8.696780395507812500e+02
2.501976900000000023e+04 8.696766967773437500e+02
2.501985199999999895e+04 8.696785888671875000e+02
2.501993500000000131e+04 8.696831665039062500e+02
