2.500009800000000178e+04 8.784420166015625000e+02
2.500018100000000049e+04 8.784498291015625000e+02
2.500026399999999921e+04 8.784589233398437500e+02
2.500034700000000157e+04 8.784683227539062500e+02
2.500043000000000029e+04 8.784767456054687500e+02
2.500051299999999901e+04 8.783579711914062500e+02
2.500059600000000137e+04 8.785288696289062500e+02
2.500067900000000009e+04 8.784520263671875000e+02
2.500076199999999881e+04 8.784948730468750000e+02
2.500084500000000116e+04 8.785010375976562500e+02
2.500092799999999988e+04 8.785071411132812500e+02
2.500101099999999860e+04 8.785137939453125000e+02
2.500109400000000096e+04 8.785205078125000000e+02
2.500117699999999968e+04 8.785275878906250000e+02
2.500125999999999840e+04 8.785361938476562500e+02
2.500134300000000076e+04 8.785454711914062500e+02
2.500142599999999948e+04 8.785536499023437500e+02
2.500150899999999820e+04 8.785515747070312500e+02
2.500159200000000055e+04 8.785951538085937500e+02
2.500167499999999927e+04 8.785668945312500000e+02
2.500175800000000163e+04 8.785847167968750000e+02
2.500184100000000035e+04 8.785913696289062500e+02
2.500192399999999907e+04 8.785971069335937500e+02
2.500200700000000143e+04 8.786035156250000000e+02
2.500209000000000015e+04 8.786098632812500000e+02
2.500217299999999886e+04 8.786166381835937500e+02
2.500225600000000122e+04 8.786249389648437500e+02
2.500233899999999994e+04 8.786339111328125000e+02
2.500242199999999866e+04 8.786418457031250000e+02
2.500250500000000102e+04 8.785456542968750000e+02
2.500258799999999974e+04 8.787619018554687500e+02
2.500267099999999846e+04 8.786954345703125000e+02
2.500275400000000081e+04 8.787373046875000000e+02
2.500283699999999953e+04 8.787433471679687500e+02
2.500291999999999825e+04 8.787489013671875000e+02
2.500300300000000061e+04 8.787550659179687500e+02
2.500308599999999933e+04 8.787612304687500000e+02
2.500316900000000169e+04 8.787678222656250000e+02
2.500325200000000041e+04 8.787758789062500000e+02
2.500333499999999913e+04 8.787846679687500000e+02
2.500341800000000148e+04 8.787923583984375000e+02
2.500350100000000020e+04 8.786957397460937500e+02
2.500358399999999892e+04 8.789075317382812500e+02
2.500366700000000128e+04 8.788408203125000000e+02
2.500375000000000000e+04 8.788804321289062500e+02
2.500383299999999872e+04 8.788861694335937500e+02
2.500391600000000108e+04 8.788915405273437500e+02
2.500399899999999980e+04 8.788975219726562500e+02
2.500408199999999852e+04 8.789035034179687500e+02
2.500416500000000087e+04 8.789097900390625000e+02
2.500424799999999959e+04 8.789177246093750000e+02
2.500433099999999831e+04 8.789263305664062500e+02
2.500441400000000067e+04 8.789338378906250000e+02
2.500449699999999939e+04 8.788030395507812500e+02
2.500458000000000175e+04 8.789733276367187500e+02
2.500466300000000047e+04 8.788858032226562500e+02
2.500474599999999919e+04 8.789238891601562500e+02
2.500482900000000154e+04 8.789199829101562500e+02
2.500491200000000026e+04 8.789264526367187500e+02
2.500499499999999898e+04 8.789321899414062500e+02
2.500507800000000134e+04 8.789380493164062500e+02
2.500516100000000006e+04 8.789442138671875000e+02
2.500524399999999878e+04 8.789517211914062500e+02
2.500532700000000114e+04 8.789600830078125000e+02
2.500540999999999985e+04 8.789677124023437500e+02
2.500549299999999857e+04 8.788854980468750000e+02
2.500557600000000093e+04 8.790961303710937500e+02
2.500565899999999965e+04 8.790262451171875000e+02
2.500574199999999837e+04 8.790644531250000000e+02
2.500582500000000073e+04 8.790642089843750000e+02
2.500590799999999945e+04 8.790695190429687500e+02
2.500599100000000180e+04 8.790751342773437500e+02
2.500607400000000052e+04 8.790808105468750000e+02
2.500615699999999924e+04 8.790869140625000000e+02
2.500624000000000160e+04 8.790942993164062500e+02
2.500632300000000032e+04 8.791025390625000000e+02
2.500640599999999904e+04 8.791099853515625000e+02
2.500648900000000140e+04 8.790297241210937500e+02
2.500657200000000012e+04 8.792530517578125000e+02
2.500665499999999884e+04 8.791842651367187500e+02
2.500673800000000119e+04 8.792351074218750000e+02
2.500682099999999991e+04 8.792348632812500000e+02
2.500690399999999863e+04 8.792396240234375000e+02
2.500698700000000099e+04 8.792451171875000000e+02
2.500706999999999971e+04 8.792507934570312500e+02
2.500715299999999843e+04 8.792567749023437500e+02
2.500723600000000079e+04 8.792640380859375000e+02
2.500731899999999951e+04 8.792721557617187500e+02
2.500740199999999822e+04 8.792795410156250000e+02
2.500748500000000058e+04 8.791676025390625000e+02
2.500756799999999930e+04 8.793355102539062500e+02
2.500765100000000166e+04 8.792469482421875000e+02
2.500773400000000038e+04 8.792861938476562500e+02
2.500781699999999910e+04 8.792817382812500000e+02
2.500790000000000146e+04 8.792874145507812500e+02
2.500798300000000017e+04 8.792928466796875000e+02
2.500806599999999889e+04 8.792984008789062500e+02
2.500814900000000125e+04 8.793041992187500000e+02
2.500823199999999997e+04 8.793114013671875000e+02
2.500831499999999869e+04 8.793194580078125000e+02
2.500839800000000105e+04 8.793267822265625000e+02
2.500848099999999977e+04 8.792167968750000000e+02
2.500856399999999849e+04 8.793820800781250000e+02
2.500864700000000084e+04 8.792915039062500000e+02
2.500872999999999956e+04 8.793264160156250000e+02
2.500881299999999828e+04 8.793178710937500000e+02
2.500889600000000064e+04 8.793233642578125000e+02
2.500897899999999936e+04 8.793286132812500000e+02
2.500906200000000172e+04 8.793341064453125000e+02
2.500914500000000044e+04 8.793398437500000000e+02
2.500922799999999916e+04 8.793466186523437500e+02
2.500931100000000151e+04 8.793544921875000000e+02
2.500939400000000023e+04 8.793619384765625000e+02
2.500947699999999895e+04 8.792948608398437500e+02
2.500956000000000131e+04 8.795122070312500000e+02
2.500964300000000003e+04 8.794406127929687500e+02
2.500972599999999875e+04 8.794805297851562500e+02
2.500980900000000111e+04 8.794766845703125000e+02
2.500989199999999983e+04 8.794810180664062500e+02
2.500997499999999854e+04 8.794861450195312500e+02
2.501005800000000090e+04 8.791820068359375000e+02
2.501014099999999962e+04 8.791876831054687500e+02
2.501022399999999834e+04 8.791944580078125000e+02
2.501030700000000070e+04 8.792022705078125000e+02
2.501038999999999942e+04 8.792097167968750000e+02
2.501047300000000178e+04 8.791436157226562500e+02
2.501055600000000049e+04 8.793698730468750000e+02
2.501063899999999921e+04 8.792994384765625000e+02
2.501072200000000157e+04 8.793478393554687500e+02
2.501080500000000029e+04 8.793440551757812500e+02
2.501088799999999901e+04 8.793493041992187500e+02
2.501097100000000137e+04 8.793544311523437500e+02
2.501105400000000009e+04 8.793598022460937500e+02
2.501113699999999881e+04 8.793654174804687500e+02
2.501122000000000116e+04 8.793721313476562500e+02
2.501130299999999988e+04 8.793798828125000000e+02
2.501138599999999860e+04 8.793872680664062500e+02
2.501146900000000096e+04 8.793178100585937500e+02
2.501155199999999968e+04 8.795188598632812500e+02
2.501163499999999840e+04 8.794435424804687500e+02
2.501171800000000076e+04 8.794826660156250000e+02
2.501180099999999948e+04 8.794772949218750000e+02
2.501188399999999820e+04 8.794824829101562500e+02
2.501196700000000055e+04 8.794875488281250000e+02
2.501204999999999927e+04 8.794928588867187500e+02
2.501213300000000163e+04 8.794983520507812500e+02
2.501221600000000035e+04 8.795050048828125000e+02
2.501229899999999907e+04 8.795126953125000000e+02
2.501238200000000143e+04 8.795200195312500000e+02
2.501246500000000015e+04 8.794262695312500000e+02
2.501254799999999886e+04 8.795937500000000000e+02
2.501263100000000122e+04 8.795020141601562500e+02
2.501271399999999994e+04 8.795319213867187500e+02
2.501279699999999866e+04 8.795192260742187500e+02
2.501288000000000102e+04 8.795245971679687500e+02
2.501296299999999974e+04 8.795295410156250000e+02
2.501304599999999846e+04 8.795347900390625000e+02
2.501312900000000081e+04 8.795402221679687500e+02
2.501321199999999953e+04 8.795468139648437500e+02
2.501329499999999825e+04 8.795542602539062500e+02
2.501337800000000061e+04 8.795617675781250000e+02
2.501346099999999933e+04 8.795640258789062500e+02
2.501354400000000169e+04 8.796262817382812500e+02
2.501362700000000041e+04 8.795914916992187500e+02
2.501370999999999913e+04 8.796038818359375000e+02
2.501379300000000148e+04 8.796024169921875000e+02
2.501387600000000020e+04 8.796051635742187500e+02
2.501395899999999892e+04 8.796100463867187500e+02
2.501404200000000128e+04 8.796152954101562500e+02
2.501412500000000000e+04 8.796207275390625000e+02
2.501420799999999872e+04 8.796269531250000000e+02
2.501429100000000108e+04 8.796344604492187500e+02
2.501437399999999980e+04 8.796419067382812500e+02
2.501445699999999852e+04 8.796087646484375000e+02
2.501454000000000087e+04 8.797951660156250000e+02
2.501462299999999959e+04 8.797462158203125000e+02
2.501470599999999831e+04 8.797655639648437500e+02
2.501478900000000067e+04 8.797628173828125000e+02
2.501487199999999939e+04 8.797659301757812500e+02
2.501495500000000175e+04 8.797707519531250000e+02
2.501503800000000047e+04 8.797759399414062500e+02
2.501512099999999919e+04 8.797813720703125000e+02
2.501520400000000154e+04 8.797875976562500000e+02
2.501528700000000026e+04 8.797950439453125000e+02
2.501536999999999898e+04 8.798024291992187500e+02
2.501545300000000134e+04 8.797531738281250000e+02
2.501553600000000006e+04 8.799544677734375000e+02
2.501561899999999878e+04 8.798867797851562500e+02
2.501570200000000114e+04 8.799151611328125000e+02
2.501578499999999985e+04 8.799091186523437500e+02
2.501586799999999857e+04 8.799131469726562500e+02
2.501595100000000093e+04 8.799179077148437500e+02
2.501603399999999965e+04 8.799230957031250000e+02
2.501611699999999837e+04 8.799283447265625000e+02
2.501620000000000073e+04 8.799345092773437500e+02
2.501628299999999945e+04 8.799418945312500000e+02
2.501636600000000180e+04 8.799492797851562500e+02
2.501644900000000052e+04 8.798995361328125000e+02
2.501653199999999924e+04 8.801013793945312500e+02
2.501661500000000160e+04 8.800321655273437500e+02
2.501669800000000032e+04 8.800572509765625000e+02
2.501678099999999904e+04 8.800484008789062500e+02
2.501686400000000140e+04 8.800529785156250000e+02
2.501694700000000012e+04 8.800575561523437500e+02
2.501702999999999884e+04 8.800626831054687500e+02
2.501711300000000119e+04 8.800679321289062500e+02
2.501719599999999991e+04 8.800740966796875000e+02
2.501727899999999863e+04 8.800812988281250000e+02
2.501736200000000099e+04 8.800886230468750000e+02
2.501744499999999971e+04 8.800407714843750000e+02
2.501752799999999843e+04 8.801859130859375000e+02
2.501761100000000079e+04 8.801134033203125000e+02
2.501769399999999951e+04 8.801165771484375000e+02
2.501777699999999822e+04 8.801079711914062500e+02
2.501786000000000058e+04 8.801118774414062500e+02
2.501794299999999930e+04 8.801165161132812500e+02
2.501802600000000166e+04 8.801215820312500000e+02
2.501810900000000038e+04 8.801267700195312500e+02
2.501819199999999910e+04 8.801325683593750000e+02
2.501827500000000146e+04 8.801397705078125000e+02
2.501835800000000017e+04 8.801473388671875000e+02
2.501844099999999889e+04 8.801520996093750000e+02
2.501852400000000125e+04 8.801685791015625000e+02
2.501860699999999997e+04 8.801408081054687500e+02
2.501868999999999869e+04 8.801362915039062500e+02
2.501877300000000105e+04 8.801353149414062500e+02
2.501885599999999977e+04 8.801369628906250000e+02
2.501893899999999849e+04 8.801416015625000000e+02
2.501902200000000084e+04 8.801466674804687500e+02
2.501910499999999956e+04 8.801517944335937500e+02
2.501918799999999828e+04 8.801576538085937500e+02
2.501927100000000064e+04 8.801647949218750000e+02
2.501935399999999936e+04 8.801723022460937500e+02
2.501943700000000172e+04 8.801770629882812500e+02
2.501952000000000044e+04 8.801930541992187500e+02
2.501960299999999916e+04 8.801652832031250000e+02
2.501968600000000151e+04 8.801607666015625000e+02
2.501976900000000023e+04 8.801594238281250000e+02
2.501985199999999895e+04 8.801612548828125000e+02
2.501993500000000131e+04 8.801658325195312500e+02
