2.500009800000000178e+04 1.328235839843750000e+03
2.500018100000000049e+04 1.328239746093750000e+03
2.500026399999999921e+04 1.328244628906250000e+03
2.500034700000000157e+04 1.328250000000000000e+03
2.500043000000000029e+04 1.328255493164062500e+03
2.500051299999999901e+04 1.328261352539062500e+03
2.500059600000000137e+04 1.328528808593750000e+03
2.500067900000000009e+04 1.328534057617187500e+03
2.500076199999999881e+04 1.328572753906250000e+03
2.500084500000000116e+04 1.328576416015625000e+03
2.500092799999999988e+04 1.328579345703125000e+03
2.500101099999999860e+04 1.328582763671875000e+03
2.500109400000000096e+04 1.328586181640625000e+03
2.500117699999999968e+04 1.328589843750000000e+03
2.500125999999999840e+04 1.328594604492187500e+03
2.500134300000000076e+04 1.328599853515625000e+03
2.500142599999999948e+04 1.328605468750000000e+03
2.500150899999999820e+04 1.328611328125000000e+03
2.500159200000000055e+04 1.328701293945312500e+03
2.500167499999999927e+04 1.328706420898437500e+03
2.500175800000000163e+04 1.328737304687500000e+03
2.500184100000000035e+04 1.328741088867187500e+03
2.500192399999999907e+04 1.328744018554687500e+03
2.500200700000000143e+04 1.328747436523437500e+03
2.500209000000000015e+04 1.328750732421875000e+03
2.500217299999999886e+04 1.328754516601562500e+03
2.500225600000000122e+04 1.328759277343750000e+03
2.500233899999999994e+04 1.328764526367187500e+03
2.500242199999999866e+04 1.328770019531250000e+03
2.500250500000000102e+04 1.328775878906250000e+03
2.500258799999999974e+04 1.328855468750000000e+03
2.500267099999999846e+04 1.328860595703125000e+03
2.500275400000000081e+04 1.328888427734375000e+03
2.500283699999999953e+04 1.328892089843750000e+03
2.500291999999999825e+04 1.328895019531250000e+03
2.500300300000000061e+04 1.328898437500000000e+03
2.500308599999999933e+04 1.328901855468750000e+03
2.500316900000000169e+04 1.328905517578125000e+03
2.500325200000000041e+04 1.328910278320312500e+03
2.500333499999999913e+04 1.328915649414062500e+03
2.500341800000000148e+04 1.328921142578125000e+03
2.500350100000000020e+04 1.328927001953125000e+03
2.500358399999999892e+04 1.328998779296875000e+03
2.500366700000000128e+04 1.329003906250000000e+03
2.500375000000000000e+04 1.329029296875000000e+03
2.500383299999999872e+04 1.329032958984375000e+03
2.500391600000000108e+04 1.329035888671875000e+03
2.500399899999999980e+04 1.329039306640625000e+03
2.500408199999999852e+04 1.329042724609375000e+03
2.500416500000000087e+04 1.329046264648437500e+03
2.500424799999999959e+04 1.329051025390625000e+03
2.500433099999999831e+04 1.329056396484375000e+03
2.500441400000000067e+04 1.329061889648437500e+03
2.500449699999999939e+04 1.329067749023437500e+03
2.500458000000000175e+04 1.329133422851562500e+03
2.500466300000000047e+04 1.329138671875000000e+03
2.500474599999999919e+04 1.329162353515625000e+03
2.500482900000000154e+04 1.329166137695312500e+03
2.500491200000000026e+04 1.329169311523437500e+03
2.500499499999999898e+04 1.329172607421875000e+03
2.500507800000000134e+04 1.329175903320312500e+03
2.500516100000000006e+04 1.329179565429687500e+03
2.500524399999999878e+04 1.329184082031250000e+03
2.500532700000000114e+04 1.329189331054687500e+03
2.500540999999999985e+04 1.329194824218750000e+03
2.500549299999999857e+04 1.329200561523437500e+03
2.500557600000000093e+04 1.329261352539062500e+03
2.500565899999999965e+04 1.329266601562500000e+03
2.500574199999999837e+04 1.329288696289062500e+03
2.500582500000000073e+04 1.329292480468750000e+03
2.500590799999999945e+04 1.329295654296875000e+03
2.500599100000000180e+04 1.329298950195312500e+03
2.500607400000000052e+04 1.329302246093750000e+03
2.500615699999999924e+04 1.329305908203125000e+03
2.500624000000000160e+04 1.329310546875000000e+03
2.500632300000000032e+04 1.329315673828125000e+03
2.500640599999999904e+04 1.329321166992187500e+03
2.500648900000000140e+04 1.329326904296875000e+03
2.500657200000000012e+04 1.329383544921875000e+03
2.500665499999999884e+04 1.329388916015625000e+03
2.500673800000000119e+04 1.329409667968750000e+03
2.500682099999999991e+04 1.329413452148437500e+03
2.500690399999999863e+04 1.329416625976562500e+03
2.500698700000000099e+04 1.329419921875000000e+03
2.500706999999999971e+04 1.329423339843750000e+03
2.500715299999999843e+04 1.329426879882812500e+03
2.500723600000000079e+04 1.329431518554687500e+03
2.500731899999999951e+04 1.329436645507812500e+03
2.500740199999999822e+04 1.329442138671875000e+03
2.500748500000000058e+04 1.329447875976562500e+03
2.500756799999999930e+04 1.329501220703125000e+03
2.500765100000000166e+04 1.329506469726562500e+03
2.500773400000000038e+04 1.329526123046875000e+03
2.500781699999999910e+04 1.329530029296875000e+03
2.500790000000000146e+04 1.329533081054687500e+03
2.500798300000000017e+04 1.329536376953125000e+03
2.500806599999999889e+04 1.329539794921875000e+03
2.500814900000000125e+04 1.329543334960937500e+03
2.500823199999999997e+04 1.329547973632812500e+03
2.500831499999999869e+04 1.329553100585937500e+03
2.500839800000000105e+04 1.329558593750000000e+03
2.500848099999999977e+04 1.329564331054687500e+03
2.500856399999999849e+04 1.329614746093750000e+03
2.500864700000000084e+04 1.329620117187500000e+03
2.500872999999999956e+04 1.329639038085937500e+03
2.500881299999999828e+04 1.329643066406250000e+03
2.500889600000000064e+04 1.329646240234375000e+03
2.500897899999999936e+04 1.329649536132812500e+03
2.500906200000000172e+04 1.329652832031250000e+03
2.500914500000000044e+04 1.329656494140625000e+03
2.500922799999999916e+04 1.329660766601562500e+03
2.500931100000000151e+04 1.329665893554687500e+03
2.500939400000000023e+04 1.329671264648437500e+03
2.500947699999999895e+04 1.329677001953125000e+03
2.500956000000000131e+04 1.329724853515625000e+03
2.500964300000000003e+04 1.329730224609375000e+03
2.500972599999999875e+04 1.329748413085937500e+03
2.500980900000000111e+04 1.329752441406250000e+03
2.500989199999999983e+04 1.329755615234375000e+03
2.500997499999999854e+04 1.329758911132812500e+03
2.501005800000000090e+04 1.329340209960937500e+03
2.501014099999999962e+04 1.329343750000000000e+03
2.501022399999999834e+04 1.329348144531250000e+03
2.501030700000000070e+04 1.329353271484375000e+03
2.501038999999999942e+04 1.329358642578125000e+03
2.501047300000000178e+04 1.329364379882812500e+03
2.501055600000000049e+04 1.329410034179687500e+03
2.501063899999999921e+04 1.329415527343750000e+03
2.501072200000000157e+04 1.329432983398437500e+03
2.501080500000000029e+04 1.329436889648437500e+03
2.501088799999999901e+04 1.329440185546875000e+03
2.501097100000000137e+04 1.329443359375000000e+03
2.501105400000000009e+04 1.329446777343750000e+03
2.501113699999999881e+04 1.329450317382812500e+03
2.501122000000000116e+04 1.329454711914062500e+03
2.501130299999999988e+04 1.329459716796875000e+03
2.501138599999999860e+04 1.329465209960937500e+03
2.501146900000000096e+04 1.329470947265625000e+03
2.501155199999999968e+04 1.329514770507812500e+03
2.501163499999999840e+04 1.329520141601562500e+03
2.501171800000000076e+04 1.329536987304687500e+03
2.501180099999999948e+04 1.329541015625000000e+03
2.501188399999999820e+04 1.329544189453125000e+03
2.501196700000000055e+04 1.329547485351562500e+03
2.501204999999999927e+04 1.329550781250000000e+03
2.501213300000000163e+04 1.329554321289062500e+03
2.501221600000000035e+04 1.329558715820312500e+03
2.501229899999999907e+04 1.329563720703125000e+03
2.501238200000000143e+04 1.329569213867187500e+03
2.501246500000000015e+04 1.329574951171875000e+03
2.501254799999999886e+04 1.329617065429687500e+03
2.501263100000000122e+04 1.329622436523437500e+03
2.501271399999999994e+04 1.329639038085937500e+03
2.501279699999999866e+04 1.329643066406250000e+03
2.501288000000000102e+04 1.329646484375000000e+03
2.501296299999999974e+04 1.329649658203125000e+03
2.501304599999999846e+04 1.329652954101562500e+03
2.501312900000000081e+04 1.329656494140625000e+03
2.501321199999999953e+04 1.329660888671875000e+03
2.501329499999999825e+04 1.329665893554687500e+03
2.501337800000000061e+04 1.329671264648437500e+03
2.501346099999999933e+04 1.329676879882812500e+03
2.501354400000000169e+04 1.329717529296875000e+03
2.501362700000000041e+04 1.329723144531250000e+03
2.501370999999999913e+04 1.329739257812500000e+03
2.501379300000000148e+04 1.329743286132812500e+03
2.501387600000000020e+04 1.329746704101562500e+03
2.501395899999999892e+04 1.329749877929687500e+03
2.501404200000000128e+04 1.329753173828125000e+03
2.501412500000000000e+04 1.329756713867187500e+03
2.501420799999999872e+04 1.329760864257812500e+03
2.501429100000000108e+04 1.329765869140625000e+03
2.501437399999999980e+04 1.329771240234375000e+03
2.501445699999999852e+04 1.329776855468750000e+03
2.501454000000000087e+04 1.329816284179687500e+03
2.501462299999999959e+04 1.329821777343750000e+03
2.501470599999999831e+04 1.329837524414062500e+03
2.501478900000000067e+04 1.329841552734375000e+03
2.501487199999999939e+04 1.329844970703125000e+03
2.501495500000000175e+04 1.329848144531250000e+03
2.501503800000000047e+04 1.329851440429687500e+03
2.501512099999999919e+04 1.329854980468750000e+03
2.501520400000000154e+04 1.329859130859375000e+03
2.501528700000000026e+04 1.329864135742187500e+03
2.501536999999999898e+04 1.329869506835937500e+03
2.501545300000000134e+04 1.329875122070312500e+03
2.501553600000000006e+04 1.329913452148437500e+03
2.501561899999999878e+04 1.329918945312500000e+03
2.501570200000000114e+04 1.329934204101562500e+03
2.501578499999999985e+04 1.329938354492187500e+03
2.501586799999999857e+04 1.329941772460937500e+03
2.501595100000000093e+04 1.329944824218750000e+03
2.501603399999999965e+04 1.329948242187500000e+03
2.501611699999999837e+04 1.329951660156250000e+03
2.501620000000000073e+04 1.329955810546875000e+03
2.501628299999999945e+04 1.329960815429687500e+03
2.501636600000000180e+04 1.329966186523437500e+03
2.501644900000000052e+04 1.329971801757812500e+03
2.501653199999999924e+04 1.330009155273437500e+03
2.501661500000000160e+04 1.330014648437500000e+03
2.501669800000000032e+04 1.330029785156250000e+03
2.501678099999999904e+04 1.330034057617187500e+03
2.501686400000000140e+04 1.330037597656250000e+03
2.501694700000000012e+04 1.330040649414062500e+03
2.501702999999999884e+04 1.330043945312500000e+03
2.501711300000000119e+04 1.330047485351562500e+03
2.501719599999999991e+04 1.330051513671875000e+03
2.501727899999999863e+04 1.330056396484375000e+03
2.501736200000000099e+04 1.330061767578125000e+03
2.501744499999999971e+04 1.330067382812500000e+03
2.501752799999999843e+04 1.330103759765625000e+03
2.501761100000000079e+04 1.330109375000000000e+03
2.501769399999999951e+04 1.330124267578125000e+03
2.501777699999999822e+04 1.330128417968750000e+03
2.501786000000000058e+04 1.330132080078125000e+03
2.501794299999999930e+04 1.330135131835937500e+03
2.501802600000000166e+04 1.330138427734375000e+03
2.501810900000000038e+04 1.330141845703125000e+03
2.501819199999999910e+04 1.330145874023437500e+03
2.501827500000000146e+04 1.330150634765625000e+03
2.501835800000000017e+04 1.330156005859375000e+03
2.501844099999999889e+04 1.330161621093750000e+03
2.501852400000000125e+04 1.330197143554687500e+03
2.501860699999999997e+04 1.330202880859375000e+03
2.501868999999999869e+04 1.330217407226562500e+03
2.501877300000000105e+04 1.330221557617187500e+03
2.501885599999999977e+04 1.330225219726562500e+03
2.501893899999999849e+04 1.330228149414062500e+03
2.501902200000000084e+04 1.330231567382812500e+03
2.501910499999999956e+04 1.330234985351562500e+03
2.501918799999999828e+04 1.330239013671875000e+03
2.501927100000000064e+04 1.330243774414062500e+03
2.501935399999999936e+04 1.330249145507812500e+03
2.501943700000000172e+04 1.330254760742187500e+03
2.501952000000000044e+04 1.330289550781250000e+03
2.501960299999999916e+04 1.330295166015625000e+03
2.501968600000000151e+04 1.330309570312500000e+03
2.501976900000000023e+04 1.330313720703125000e+03
2.501985199999999895e+04 1.330317260742187500e+03
2.501993500000000131e+04 1.330320312500000000e+03
