2.500009800000000178e+04 5.856443196535110474e-03
2.500018100000000049e+04 5.856462288647890091e-03
2.500026399999999921e+04 5.856472998857498169e-03
2.500034700000000157e+04 5.856481846421957016e-03
2.500043000000000029e+04 5.856487434357404709e-03
2.500051299999999901e+04 5.856491625308990479e-03
2.500059600000000137e+04 5.856534000486135483e-03
2.500067900000000009e+04 6.214886903762817383e-03
2.500076199999999881e+04 6.189314648509025574e-03
2.500084500000000116e+04 6.234582979232072830e-03
2.500092799999999988e+04 6.215855479240417480e-03
2.500101099999999860e+04 6.200407631695270538e-03
2.500109400000000096e+04 6.186963059008121490e-03
2.500117699999999968e+04 6.175257265567779541e-03
2.500125999999999840e+04 6.165068130940198898e-03
2.500134300000000076e+04 6.156204733997583389e-03
2.500142599999999948e+04 6.148500367999076843e-03
2.500150899999999820e+04 6.141814868897199631e-03
2.500159200000000055e+04 6.136053241789340973e-03
2.500167499999999927e+04 6.294084247201681137e-03
2.500175800000000163e+04 6.278528831899166107e-03
2.500184100000000035e+04 6.311886478215456009e-03
2.500192399999999907e+04 6.297943647950887680e-03
2.500200700000000143e+04 6.286220625042915344e-03
2.500209000000000015e+04 6.276042666286230087e-03
2.500217299999999886e+04 6.267212796956300735e-03
2.500225600000000122e+04 6.259565241634845734e-03
2.500233899999999994e+04 6.252956110984086990e-03
2.500242199999999866e+04 6.247258745133876801e-03
2.500250500000000102e+04 6.242366041988134384e-03
2.500258799999999974e+04 6.238211877644062042e-03
2.500267099999999846e+04 6.381130777299404144e-03
2.500275400000000081e+04 6.369484588503837585e-03
2.500283699999999953e+04 6.400277838110923767e-03
2.500291999999999825e+04 6.389512214809656143e-03
2.500300300000000061e+04 6.380356848239898682e-03
2.500308599999999933e+04 6.372434087097644806e-03
2.500316900000000169e+04 6.365590728819370270e-03
2.500325200000000041e+04 6.359696388244628906e-03
2.500333499999999913e+04 6.354639306664466858e-03
2.500341800000000148e+04 6.350317504256963730e-03
2.500350100000000020e+04 6.346647627651691437e-03
2.500358399999999892e+04 6.343582645058631897e-03
2.500366700000000128e+04 6.474559195339679718e-03
2.500375000000000000e+04 6.465578917413949966e-03
2.500383299999999872e+04 6.494238972663879395e-03
2.500391600000000108e+04 6.485679652541875839e-03
2.500399899999999980e+04 6.478322204202413559e-03
2.500408199999999852e+04 6.471976172178983688e-03
2.500416500000000087e+04 6.466517224907875061e-03
2.500424799999999959e+04 6.461841054260730743e-03
2.500433099999999831e+04 6.457855459302663803e-03
2.500441400000000067e+04 6.454478017985820770e-03
2.500449699999999939e+04 6.451639346778392792e-03
2.500458000000000175e+04 6.449308712035417557e-03
2.500466300000000047e+04 6.570455152541399002e-03
2.500474599999999919e+04 6.563361734151840210e-03
2.500482900000000154e+04 6.590185686945915222e-03
2.500491200000000026e+04 6.583198439329862595e-03
2.500499499999999898e+04 6.577124819159507751e-03
2.500507800000000134e+04 6.571900099515914917e-03
2.500516100000000006e+04 6.567421834915876389e-03
2.500524399999999878e+04 6.563600618392229080e-03
2.500532700000000114e+04 6.560361944139003754e-03
2.500540999999999985e+04 6.557635031640529633e-03
2.500549299999999857e+04 6.555363070219755173e-03
2.500557600000000093e+04 6.553518120199441910e-03
2.500565899999999965e+04 6.666372995823621750e-03
2.500574199999999837e+04 6.660624407231807709e-03
2.500582500000000073e+04 6.685824133455753326e-03
2.500590799999999945e+04 6.679946091026067734e-03
2.500599100000000180e+04 6.674805190414190292e-03
2.500607400000000052e+04 6.670388858765363693e-03
2.500615699999999924e+04 6.666610483080148697e-03
2.500624000000000160e+04 6.663394626230001450e-03
2.500632300000000032e+04 6.660676561295986176e-03
2.500640599999999904e+04 6.658397149294614792e-03
2.500648900000000140e+04 6.656506564468145370e-03
2.500657200000000012e+04 6.654986180365085602e-03
2.500665499999999884e+04 6.760765332728624344e-03
2.500673800000000119e+04 6.755999289453029633e-03
2.500682099999999991e+04 6.779753137379884720e-03
2.500690399999999863e+04 6.774745415896177292e-03
2.500698700000000099e+04 6.770285777747631073e-03
2.500706999999999971e+04 6.766454782336950302e-03
2.500715299999999843e+04 6.763176992535591125e-03
2.500723600000000079e+04 6.760386750102043152e-03
2.500731899999999951e+04 6.758029107004404068e-03
2.500740199999999822e+04 6.756051909178495407e-03
2.500748500000000058e+04 6.754411850124597549e-03
2.500756799999999930e+04 6.753096822649240494e-03
2.500765100000000166e+04 6.852756720036268234e-03
2.500773400000000038e+04 6.848709192126989365e-03
2.500781699999999910e+04 6.871166639029979706e-03
2.500790000000000146e+04 6.866777315735816956e-03
2.500798300000000017e+04 6.862818263471126556e-03
2.500806599999999889e+04 6.859411019831895828e-03
2.500814900000000125e+04 6.856489460915327072e-03
2.500823199999999997e+04 6.853997241705656052e-03
2.500831499999999869e+04 6.851884070783853531e-03
2.500839800000000105e+04 6.850104779005050659e-03
2.500848099999999977e+04 6.848622113466262817e-03
2.500856399999999849e+04 6.847427692264318466e-03
2.500864700000000084e+04 6.941752042621374130e-03
2.500872999999999956e+04 6.938247941434383392e-03
2.500881299999999828e+04 6.959546823054552078e-03
2.500889600000000064e+04 6.955615710467100143e-03
2.500897899999999936e+04 6.952023133635520935e-03
2.500906200000000172e+04 6.948920898139476776e-03
2.500914500000000044e+04 6.946250796318054199e-03
2.500922799999999916e+04 6.943961605429649353e-03
2.500931100000000151e+04 6.942009087651968002e-03
2.500939400000000023e+04 6.940353661775588989e-03
2.500947699999999895e+04 6.938960403203964233e-03
2.500956000000000131e+04 6.937819998711347580e-03
2.500964300000000003e+04 7.027443964034318924e-03
2.500972599999999875e+04 7.024329621344804764e-03
2.500980900000000111e+04 7.044574711471796036e-03
2.500989199999999983e+04 7.040982600301504135e-03
2.500997499999999854e+04 7.037657778710126877e-03
2.501005800000000090e+04 7.034773007035255432e-03
2.501014099999999962e+04 7.019759621471166611e-03
2.501022399999999834e+04 7.017609663307666779e-03
2.501030700000000070e+04 7.015760987997055054e-03
2.501038999999999942e+04 7.014177273958921432e-03
2.501047300000000178e+04 7.012828253209590912e-03
2.501055600000000049e+04 7.011707406491041183e-03
2.501063899999999921e+04 7.096985355019569397e-03
2.501072200000000157e+04 7.094163913279771805e-03
2.501080500000000029e+04 7.113407365977764130e-03
2.501088799999999901e+04 7.110073231160640717e-03
2.501097100000000137e+04 7.106949109584093094e-03
2.501105400000000009e+04 7.104222662746906281e-03
2.501113699999999881e+04 7.101846393197774887e-03
2.501122000000000116e+04 7.099778391420841217e-03
2.501130299999999988e+04 7.097982801496982574e-03
2.501138599999999860e+04 7.096427492797374725e-03
2.501146900000000096e+04 7.095084059983491898e-03
2.501155199999999968e+04 7.093949243426322937e-03
2.501163499999999840e+04 7.175574079155921936e-03
2.501171800000000076e+04 7.172959856688976288e-03
2.501180099999999948e+04 7.191340439021587372e-03
2.501188399999999820e+04 7.188188377767801285e-03
2.501196700000000055e+04 7.185200229287147522e-03
2.501204999999999927e+04 7.182575296610593796e-03
2.501213300000000163e+04 7.180215325206518173e-03
2.501221600000000035e+04 7.178200874477624893e-03
2.501229899999999907e+04 7.176435086876153946e-03
2.501238200000000143e+04 7.174888160079717636e-03
2.501246500000000015e+04 7.173534017056226730e-03
2.501254799999999886e+04 7.172372657805681229e-03
2.501263100000000122e+04 7.250756025314331055e-03
2.501271399999999994e+04 7.248304784297943115e-03
2.501279699999999866e+04 7.265921216458082199e-03
2.501288000000000102e+04 7.262910250574350357e-03
2.501296299999999974e+04 7.260025013238191605e-03
2.501304599999999846e+04 7.257474586367607117e-03
2.501312900000000081e+04 7.255219388753175735e-03
2.501321199999999953e+04 7.253223098814487457e-03
2.501329499999999825e+04 7.251454982906579971e-03
2.501337800000000061e+04 7.249888498336076736e-03
2.501346099999999933e+04 7.248498965054750443e-03
2.501354400000000169e+04 7.247281260788440704e-03
2.501362700000000041e+04 7.322744466364383698e-03
2.501370999999999913e+04 7.320413365960121155e-03
2.501379300000000148e+04 7.337318733334541321e-03
2.501387600000000020e+04 7.334400434046983719e-03
2.501395899999999892e+04 7.331578060984611511e-03
2.501404200000000128e+04 7.329065818339586258e-03
2.501412500000000000e+04 7.326827384531497955e-03
2.501420799999999872e+04 7.324828766286373138e-03
2.501429100000000108e+04 7.323041558265686035e-03
2.501437399999999980e+04 7.321440614759922028e-03
2.501445699999999852e+04 7.320003584027290344e-03
2.501454000000000087e+04 7.318725809454917908e-03
2.501462299999999959e+04 7.391588762402534485e-03
2.501470599999999831e+04 7.389329373836517334e-03
2.501478900000000067e+04 7.405586075037717819e-03
2.501487199999999939e+04 7.402731105685234070e-03
2.501495500000000175e+04 7.399946916848421097e-03
2.501503800000000047e+04 7.397426757961511612e-03
2.501512099999999919e+04 7.395193446427583694e-03
2.501520400000000154e+04 7.393183652311563492e-03
2.501528700000000026e+04 7.391370832920074463e-03
2.501536999999999898e+04 7.389731705188751221e-03
2.501545300000000134e+04 7.388244383037090302e-03
2.501553600000000006e+04 7.386907003819942474e-03
2.501561899999999878e+04 7.457439322024583817e-03
2.501570200000000114e+04 7.455234415829181671e-03
2.501578499999999985e+04 7.470906246453523636e-03
2.501586799999999857e+04 7.468098774552345276e-03
2.501595100000000093e+04 7.465341128408908844e-03
2.501603399999999965e+04 7.462855894118547440e-03
2.501611699999999837e+04 7.460609078407287598e-03
2.501620000000000073e+04 7.458572275936603546e-03
2.501628299999999945e+04 7.456719875335693359e-03
2.501636600000000180e+04 7.455029990524053574e-03
2.501644900000000052e+04 7.453482132405042648e-03
2.501653199999999924e+04 7.452075835317373276e-03
2.501661500000000160e+04 7.520501036196947098e-03
2.501669800000000032e+04 7.518322672694921494e-03
2.501678099999999904e+04 7.533465046435594559e-03
2.501686400000000140e+04 7.530680857598781586e-03
2.501694700000000012e+04 7.527929265052080154e-03
2.501702999999999884e+04 7.525434717535972595e-03
2.501711300000000119e+04 7.523166015744209290e-03
2.501719599999999991e+04 7.521094754338264465e-03
2.501727899999999863e+04 7.519196718931198120e-03
2.501736200000000099e+04 7.517452351748943329e-03
2.501744499999999971e+04 7.515841163694858551e-03
2.501752799999999843e+04 7.514357101172208786e-03
2.501761100000000079e+04 7.580857258290052414e-03
2.501769399999999951e+04 7.578707300126552582e-03
2.501777699999999822e+04 7.593354675918817520e-03
2.501786000000000058e+04 7.590581662952899933e-03
2.501794299999999930e+04 7.587826345115900040e-03
2.501802600000000166e+04 7.585314102470874786e-03
2.501810900000000038e+04 7.583016529679298401e-03
2.501819199999999910e+04 7.580905221402645111e-03
2.501827500000000146e+04 7.578958757221698761e-03
2.501835800000000017e+04 7.577157579362392426e-03
2.501844099999999889e+04 7.575482130050659180e-03
2.501852400000000125e+04 7.573926355689764023e-03
2.501860699999999997e+04 7.638698909431695938e-03
2.501868999999999869e+04 7.636550348252058029e-03
2.501877300000000105e+04 7.650744635611772537e-03
2.501885599999999977e+04 7.647971622645854950e-03
2.501893899999999849e+04 7.645205128937959671e-03
2.501902200000000084e+04 7.642670068889856339e-03
2.501910499999999956e+04 7.640338968485593796e-03
2.501918799999999828e+04 7.638185285031795502e-03
2.501927100000000064e+04 7.636187598109245300e-03
2.501935399999999936e+04 7.634328212589025497e-03
2.501943700000000172e+04 7.632588036358356476e-03
2.501952000000000044e+04 7.630962412804365158e-03
2.501960299999999916e+04 7.694162894040346146e-03
2.501968600000000151e+04 7.692007347941398621e-03
2.501976900000000023e+04 7.705784868448972702e-03
2.501985199999999895e+04 7.703005336225032806e-03
2.501993500000000131e+04 7.700222078710794449e-03
