2.500009800000000178e+04 4.734683334827423096e-01
2.500018100000000049e+04 4.411679804325103760e-01
2.500026399999999921e+04 4.129350185394287109e-01
2.500034700000000157e+04 3.887674510478973389e-01
2.500043000000000029e+04 3.857460618019104004e-01
2.500051299999999901e+04 5.127381515502929688e+01
2.500059600000000137e+04 1.889080619812011719e+01
2.500067900000000009e+04 2.894002151489257812e+01
2.500076199999999881e+04 3.444734954833984375e+01
2.500084500000000116e+04 5.682736635208129883e-01
2.500092799999999988e+04 4.664233922958374023e-01
2.500101099999999860e+04 4.395438730716705322e-01
2.500109400000000096e+04 4.162778854370117188e-01
2.500117699999999968e+04 3.956202268600463867e-01
2.500125999999999840e+04 3.771640658378601074e-01
2.500134300000000076e+04 3.606648743152618408e-01
2.500142599999999948e+04 3.462051153182983398e-01
2.500150899999999820e+04 4.495361745357513428e-01
2.500159200000000055e+04 1.512080230712890625e+02
2.500167499999999927e+04 5.457599163055419922e+00
2.500175800000000163e+04 6.317731475830078125e+01
2.500184100000000035e+04 5.377740859985351562e-01
2.500192399999999907e+04 4.669491052627563477e-01
2.500200700000000143e+04 4.443710744380950928e-01
2.500209000000000015e+04 4.240648746490478516e-01
2.500217299999999886e+04 4.056877493858337402e-01
2.500225600000000122e+04 3.889507353305816650e-01
2.500233899999999994e+04 3.737663030624389648e-01
2.500242199999999866e+04 3.602921068668365479e-01
2.500250500000000102e+04 9.125010967254638672e-01
2.500258799999999974e+04 1.152340621948242188e+02
2.500267099999999846e+04 8.244146347045898438e+00
2.500275400000000081e+04 5.599417877197265625e+01
2.500283699999999953e+04 5.563539266586303711e-01
2.500291999999999825e+04 4.765673577785491943e-01
2.500300300000000061e+04 4.555759429931640625e-01
2.500308599999999933e+04 4.365246593952178955e-01
2.500316900000000169e+04 4.191176891326904297e-01
2.500325200000000041e+04 4.031470119953155518e-01
2.500333499999999913e+04 3.885343670845031738e-01
2.500341800000000148e+04 3.755094408988952637e-01
2.500350100000000020e+04 9.607384800910949707e-01
2.500358399999999892e+04 1.139628982543945312e+02
2.500366700000000128e+04 8.427191734313964844e+00
2.500375000000000000e+04 5.520093536376953125e+01
2.500383299999999872e+04 5.695798993110656738e-01
2.500391600000000108e+04 4.814780056476593018e-01
2.500399899999999980e+04 4.621818065643310547e-01
2.500408199999999852e+04 4.447127580642700195e-01
2.500416500000000087e+04 4.285917878150939941e-01
2.500424799999999959e+04 4.136712551116943359e-01
2.500433099999999831e+04 3.998757898807525635e-01
2.500441400000000067e+04 3.875255584716796875e-01
2.500449699999999939e+04 5.666439437866210938e+01
2.500458000000000175e+04 1.496624565124511719e+01
2.500466300000000047e+04 3.319082260131835938e+01
2.500474599999999919e+04 3.557703399658203125e+01
2.500482900000000154e+04 4.902083873748779297e+00
2.500491200000000026e+04 5.691609978675842285e-01
2.500499499999999898e+04 4.781346321105957031e-01
2.500507800000000134e+04 4.611541032791137695e-01
2.500516100000000006e+04 4.454151093959808350e-01
2.500524399999999878e+04 4.307297766208648682e-01
2.500532700000000114e+04 4.170925617218017578e-01
2.500540999999999985e+04 4.047376811504364014e-01
2.500549299999999857e+04 9.413986802101135254e-01
2.500557600000000093e+04 1.127451705932617188e+02
2.500565899999999965e+04 7.681833267211914062e+00
2.500574199999999837e+04 6.269183731079101562e+01
2.500582500000000073e+04 2.777292490005493164e+00
2.500590799999999945e+04 1.003557682037353516e+00
2.500599100000000180e+04 4.803346097469329834e-01
2.500607400000000052e+04 4.649589061737060547e-01
2.500615699999999924e+04 4.505415856838226318e-01
2.500624000000000160e+04 4.369827508926391602e-01
2.500632300000000032e+04 4.242723286151885986e-01
2.500640599999999904e+04 4.127116501331329346e-01
2.500648900000000140e+04 9.542339444160461426e-01
2.500657200000000012e+04 1.179104537963867188e+02
2.500665499999999884e+04 7.233308315277099609e+00
2.500673800000000119e+04 7.034062957763671875e+01
2.500682099999999991e+04 2.432495594024658203e+00
2.500690399999999863e+04 1.249063968658447266e+00
2.500698700000000099e+04 4.871052801609039307e-01
2.500706999999999971e+04 4.723981320858001709e-01
2.500715299999999843e+04 4.585542082786560059e-01
2.500723600000000079e+04 4.454583525657653809e-01
2.500731899999999951e+04 4.331517219543457031e-01
2.500740199999999822e+04 4.219222664833068848e-01
2.500748500000000058e+04 4.829795455932617188e+01
2.500756799999999930e+04 1.495145893096923828e+01
2.500765100000000166e+04 3.216577148437500000e+01
2.500773400000000038e+04 3.667950820922851562e+01
2.500781699999999910e+04 5.002717018127441406e+00
2.500790000000000146e+04 7.020369172096252441e-01
2.500798300000000017e+04 4.945101141929626465e-01
2.500806599999999889e+04 4.805904626846313477e-01
2.500814900000000125e+04 4.674219191074371338e-01
2.500823199999999997e+04 4.549382030963897705e-01
2.500831499999999869e+04 4.430955350399017334e-01
2.500839800000000105e+04 4.322890937328338623e-01
2.500848099999999977e+04 4.766510391235351562e+01
2.500856399999999849e+04 1.535455226898193359e+01
2.500864700000000084e+04 3.179121780395507812e+01
2.500872999999999956e+04 4.098131942749023438e+01
2.500881299999999828e+04 8.145557403564453125e+00
2.500889600000000064e+04 1.417031526565551758e+00
2.500897899999999936e+04 4.990279078483581543e-01
2.500906200000000172e+04 4.857766628265380859e-01
2.500914500000000044e+04 4.733859002590179443e-01
2.500922799999999916e+04 4.615615010261535645e-01
2.500931100000000151e+04 4.503152370452880859e-01
2.500939400000000023e+04 4.399349689483642578e-01
2.500947699999999895e+04 9.274932146072387695e-01
2.500956000000000131e+04 1.131181411743164062e+02
2.500964300000000003e+04 6.665884494781494141e+00
2.500972599999999875e+04 7.260875701904296875e+01
2.500980900000000111e+04 4.377985000610351562e+00
2.500989199999999983e+04 2.518096208572387695e+00
2.500997499999999854e+04 5.036486983299255371e-01
2.501005800000000090e+04 4.911380708217620850e-01
2.501014099999999962e+04 4.739930331707000732e-01
2.501022399999999834e+04 4.624916613101959229e-01
2.501030700000000070e+04 4.515266418457031250e-01
2.501038999999999942e+04 4.413879215717315674e-01
2.501047300000000178e+04 9.238037467002868652e-01
2.501055600000000049e+04 1.165311279296875000e+02
2.501063899999999921e+04 6.234335422515869141e+00
2.501072200000000157e+04 7.778247070312500000e+01
2.501080500000000029e+04 3.988845109939575195e+00
2.501088799999999901e+04 3.193901777267456055e+00
2.501097100000000137e+04 5.018055438995361328e-01
2.501105400000000009e+04 4.897026419639587402e-01
2.501113699999999881e+04 4.781622290611267090e-01
2.501122000000000116e+04 4.670789837837219238e-01
2.501130299999999988e+04 4.564805924892425537e-01
2.501138599999999860e+04 4.466559886932373047e-01
2.501146900000000096e+04 9.925463795661926270e-01
2.501155199999999968e+04 9.424705505371093750e+01
2.501163499999999840e+04 8.542484283447265625e+00
2.501171800000000076e+04 6.444482421875000000e+01
2.501180099999999948e+04 5.125288009643554688e+00
2.501188399999999820e+04 2.463853836059570312e+00
2.501196700000000055e+04 5.057618021965026855e-01
2.501204999999999927e+04 4.943227469921112061e-01
2.501213300000000163e+04 4.832508563995361328e-01
2.501221600000000035e+04 4.725902378559112549e-01
2.501229899999999907e+04 4.623211920261383057e-01
2.501238200000000143e+04 4.528206288814544678e-01
2.501246500000000015e+04 4.027773666381835938e+01
2.501254799999999886e+04 1.480151462554931641e+01
2.501263100000000122e+04 3.069416999816894531e+01
2.501271399999999994e+04 4.082876586914062500e+01
2.501279699999999866e+04 1.153782653808593750e+01
2.501288000000000102e+04 1.805802941322326660e+00
2.501296299999999974e+04 5.083652734756469727e-01
2.501304599999999846e+04 4.975248873233795166e-01
2.501312900000000081e+04 4.871368110179901123e-01
2.501321199999999953e+04 4.770604968070983887e-01
2.501329499999999825e+04 4.672979414463043213e-01
2.501337800000000061e+04 4.581773877143859863e-01
2.501346099999999933e+04 5.231099128723144531e-01
2.501354400000000169e+04 1.570784454345703125e+02
2.501362700000000041e+04 3.061402320861816406e+00
2.501370999999999913e+04 9.992224121093750000e+01
2.501379300000000148e+04 4.152405738830566406e+00
2.501387600000000020e+04 5.032665729522705078e+00
2.501395899999999892e+04 5.100954174995422363e-01
2.501404200000000128e+04 4.961431622505187988e-01
2.501412500000000000e+04 4.861381053924560547e-01
2.501420799999999872e+04 4.764218330383300781e-01
2.501429100000000108e+04 4.670089185237884521e-01
2.501437399999999980e+04 4.581606090068817139e-01
2.501445699999999852e+04 7.812837958335876465e-01
2.501454000000000087e+04 1.279417953491210938e+02
2.501462299999999959e+04 4.238116264343261719e+00
2.501470599999999831e+04 9.252644348144531250e+01
2.501478900000000067e+04 4.571209430694580078e+00
2.501487199999999939e+04 4.592218399047851562e+00
2.501495500000000175e+04 5.093637704849243164e-01
2.501503800000000047e+04 4.990423321723937988e-01
2.501512099999999919e+04 4.891819655895233154e-01
2.501520400000000154e+04 4.794592857360839844e-01
2.501528700000000026e+04 4.701567292213439941e-01
2.501536999999999898e+04 4.615064561367034912e-01
2.501545300000000134e+04 8.604303002357482910e-01
2.501553600000000006e+04 1.072112655639648438e+02
2.501561899999999878e+04 5.986010551452636719e+00
2.501570200000000114e+04 7.637229919433593750e+01
2.501578499999999985e+04 5.869791984558105469e+00
2.501586799999999857e+04 3.485757112503051758e+00
2.501595100000000093e+04 5.103173851966857910e-01
2.501603399999999965e+04 5.004673600196838379e-01
2.501611699999999837e+04 4.909232258796691895e-01
2.501620000000000073e+04 4.816460013389587402e-01
2.501628299999999945e+04 4.725740253925323486e-01
2.501636600000000180e+04 4.640456140041351318e-01
2.501644900000000052e+04 8.687055110931396484e-01
2.501653199999999924e+04 1.068752059936523438e+02
2.501661500000000160e+04 6.068993091583251953e+00
2.501669800000000032e+04 7.613421630859375000e+01
2.501678099999999904e+04 7.774681091308593750e+00
2.501686400000000140e+04 3.921340703964233398e+00
2.501694700000000012e+04 5.114576816558837891e-01
2.501702999999999884e+04 5.016843080520629883e-01
2.501711300000000119e+04 4.924578964710235596e-01
2.501719599999999991e+04 4.834501445293426514e-01
2.501727899999999863e+04 4.746212065219879150e-01
2.501736200000000099e+04 4.663928151130676270e-01
2.501744499999999971e+04 8.721125125885009766e-01
2.501752799999999843e+04 7.841400146484375000e+01
2.501761100000000079e+04 8.317291259765625000e+00
2.501769399999999951e+04 5.476011276245117188e+01
2.501777699999999822e+04 1.128502082824707031e+01
2.501786000000000058e+04 2.462491512298583984e+00
2.501794299999999930e+04 5.135372281074523926e-01
2.501802600000000166e+04 5.040859580039978027e-01
2.501810900000000038e+04 4.951139092445373535e-01
2.501819199999999910e+04 4.863267838954925537e-01
2.501827500000000146e+04 4.777221977710723877e-01
2.501835800000000017e+04 4.695044159889221191e-01
2.501844099999999889e+04 4.871912300586700439e-01
2.501852400000000125e+04 1.475404968261718750e+02
2.501860699999999997e+04 3.007462501525878906e+00
2.501868999999999869e+04 9.635688018798828125e+01
2.501877300000000105e+04 5.819324970245361328e+00
2.501885599999999977e+04 5.313517093658447266e+00
2.501893899999999849e+04 5.122783184051513672e-01
2.501902200000000084e+04 5.034748315811157227e-01
2.501910499999999956e+04 4.947610497474670410e-01
2.501918799999999828e+04 4.862091839313507080e-01
2.501927100000000064e+04 4.778399169445037842e-01
2.501935399999999936e+04 4.698334932327270508e-01
2.501943700000000172e+04 4.874045550823211670e-01
2.501952000000000044e+04 1.478255004882812500e+02
2.501960299999999916e+04 2.986320495605468750e+00
2.501968600000000151e+04 9.638905334472656250e+01
2.501976900000000023e+04 5.810135841369628906e+00
2.501985199999999895e+04 5.388053894042968750e+00
2.501993500000000131e+04 5.112308859825134277e-01
