2.500009800000000178e+04 1.467020751953125000e+03
2.500018100000000049e+04 1.467024780273437500e+03
2.500026399999999921e+04 1.467029663085937500e+03
2.500034700000000157e+04 1.467035156250000000e+03
2.500043000000000029e+04 1.467040649414062500e+03
2.500051299999999901e+04 1.467046630859375000e+03
2.500059600000000137e+04 1.467326293945312500e+03
2.500067900000000009e+04 1.467331542968750000e+03
2.500076199999999881e+04 1.467372070312500000e+03
2.500084500000000116e+04 1.467375854492187500e+03
2.500092799999999988e+04 1.467378784179687500e+03
2.500101099999999860e+04 1.467382202148437500e+03
2.500109400000000096e+04 1.467385620117187500e+03
2.500117699999999968e+04 1.467389404296875000e+03
2.500125999999999840e+04 1.467394287109375000e+03
2.500134300000000076e+04 1.467399536132812500e+03
2.500142599999999948e+04 1.467405151367187500e+03
2.500150899999999820e+04 1.467411132812500000e+03
2.500159200000000055e+04 1.467505004882812500e+03
2.500167499999999927e+04 1.467510253906250000e+03
2.500175800000000163e+04 1.467542480468750000e+03
2.500184100000000035e+04 1.467546264648437500e+03
2.500192399999999907e+04 1.467549194335937500e+03
2.500200700000000143e+04 1.467552612304687500e+03
2.500209000000000015e+04 1.467556030273437500e+03
2.500217299999999886e+04 1.467559814453125000e+03
2.500225600000000122e+04 1.467564697265625000e+03
2.500233899999999994e+04 1.467570068359375000e+03
2.500242199999999866e+04 1.467575561523437500e+03
2.500250500000000102e+04 1.467581542968750000e+03
2.500258799999999974e+04 1.467664550781250000e+03
2.500267099999999846e+04 1.467669677734375000e+03
2.500275400000000081e+04 1.467698608398437500e+03
2.500283699999999953e+04 1.467702392578125000e+03
2.500291999999999825e+04 1.467705444335937500e+03
2.500300300000000061e+04 1.467708862304687500e+03
2.500308599999999933e+04 1.467712280273437500e+03
2.500316900000000169e+04 1.467715942382812500e+03
2.500325200000000041e+04 1.467720825195312500e+03
2.500333499999999913e+04 1.467726196289062500e+03
2.500341800000000148e+04 1.467731811523437500e+03
2.500350100000000020e+04 1.467737670898437500e+03
2.500358399999999892e+04 1.467812500000000000e+03
2.500366700000000128e+04 1.467817749023437500e+03
2.500375000000000000e+04 1.467844116210937500e+03
2.500383299999999872e+04 1.467847900390625000e+03
2.500391600000000108e+04 1.467850952148437500e+03
2.500399899999999980e+04 1.467854370117187500e+03
2.500408199999999852e+04 1.467857788085937500e+03
2.500416500000000087e+04 1.467861450195312500e+03
2.500424799999999959e+04 1.467866210937500000e+03
2.500433099999999831e+04 1.467871582031250000e+03
2.500441400000000067e+04 1.467877197265625000e+03
2.500449699999999939e+04 1.467883056640625000e+03
2.500458000000000175e+04 1.467951538085937500e+03
2.500466300000000047e+04 1.467956909179687500e+03
2.500474599999999919e+04 1.467981567382812500e+03
2.500482900000000154e+04 1.467985351562500000e+03
2.500491200000000026e+04 1.467988525390625000e+03
2.500499499999999898e+04 1.467991821289062500e+03
2.500507800000000134e+04 1.467995361328125000e+03
2.500516100000000006e+04 1.467999023437500000e+03
2.500524399999999878e+04 1.468003540039062500e+03
2.500532700000000114e+04 1.468008911132812500e+03
2.500540999999999985e+04 1.468014404296875000e+03
2.500549299999999857e+04 1.468020263671875000e+03
2.500557600000000093e+04 1.468083496093750000e+03
2.500565899999999965e+04 1.468088867187500000e+03
2.500574199999999837e+04 1.468111816406250000e+03
2.500582500000000073e+04 1.468115722656250000e+03
2.500590799999999945e+04 1.468118896484375000e+03
2.500599100000000180e+04 1.468122192382812500e+03
2.500607400000000052e+04 1.468125610351562500e+03
2.500615699999999924e+04 1.468129272460937500e+03
2.500624000000000160e+04 1.468133911132812500e+03
2.500632300000000032e+04 1.468139160156250000e+03
2.500640599999999904e+04 1.468144653320312500e+03
2.500648900000000140e+04 1.468150512695312500e+03
2.500657200000000012e+04 1.468209594726562500e+03
2.500665499999999884e+04 1.468214965820312500e+03
2.500673800000000119e+04 1.468236572265625000e+03
2.500682099999999991e+04 1.468240478515625000e+03
2.500690399999999863e+04 1.468243530273437500e+03
2.500698700000000099e+04 1.468246948242187500e+03
2.500706999999999971e+04 1.468250366210937500e+03
2.500715299999999843e+04 1.468254028320312500e+03
2.500723600000000079e+04 1.468258666992187500e+03
2.500731899999999951e+04 1.468263916015625000e+03
2.500740199999999822e+04 1.468269409179687500e+03
2.500748500000000058e+04 1.468275268554687500e+03
2.500756799999999930e+04 1.468330688476562500e+03
2.500765100000000166e+04 1.468336059570312500e+03
2.500773400000000038e+04 1.468356567382812500e+03
2.500781699999999910e+04 1.468360473632812500e+03
2.500790000000000146e+04 1.468363525390625000e+03
2.500798300000000017e+04 1.468366943359375000e+03
2.500806599999999889e+04 1.468370361328125000e+03
2.500814900000000125e+04 1.468374023437500000e+03
2.500823199999999997e+04 1.468378540039062500e+03
2.500831499999999869e+04 1.468383789062500000e+03
2.500839800000000105e+04 1.468389404296875000e+03
2.500848099999999977e+04 1.468395141601562500e+03
2.500856399999999849e+04 1.468447631835937500e+03
2.500864700000000084e+04 1.468453125000000000e+03
2.500872999999999956e+04 1.468472778320312500e+03
2.500881299999999828e+04 1.468476806640625000e+03
2.500889600000000064e+04 1.468480102539062500e+03
2.500897899999999936e+04 1.468483398437500000e+03
2.500906200000000172e+04 1.468486816406250000e+03
2.500914500000000044e+04 1.468490356445312500e+03
2.500922799999999916e+04 1.468494750976562500e+03
2.500931100000000151e+04 1.468499877929687500e+03
2.500939400000000023e+04 1.468505371093750000e+03
2.500947699999999895e+04 1.468511230468750000e+03
2.500956000000000131e+04 1.468561035156250000e+03
2.500964300000000003e+04 1.468566528320312500e+03
2.500972599999999875e+04 1.468585327148437500e+03
2.500980900000000111e+04 1.468589355468750000e+03
2.500989199999999983e+04 1.468592651367187500e+03
2.500997499999999854e+04 1.468595947265625000e+03
2.501005800000000090e+04 1.468599365234375000e+03
2.501014099999999962e+04 1.468602905273437500e+03
2.501022399999999834e+04 1.468607299804687500e+03
2.501030700000000070e+04 1.468612548828125000e+03
2.501038999999999942e+04 1.468617919921875000e+03
2.501047300000000178e+04 1.468623779296875000e+03
2.501055600000000049e+04 1.468671264648437500e+03
2.501063899999999921e+04 1.468676757812500000e+03
2.501072200000000157e+04 1.468694946289062500e+03
2.501080500000000029e+04 1.468698974609375000e+03
2.501088799999999901e+04 1.468702270507812500e+03
2.501097100000000137e+04 1.468705444335937500e+03
2.501105400000000009e+04 1.468708984375000000e+03
2.501113699999999881e+04 1.468712524414062500e+03
2.501122000000000116e+04 1.468716918945312500e+03
2.501130299999999988e+04 1.468722045898437500e+03
2.501138599999999860e+04 1.468727539062500000e+03
2.501146900000000096e+04 1.468733398437500000e+03
2.501155199999999968e+04 1.468778930664062500e+03
2.501163499999999840e+04 1.468784423828125000e+03
2.501171800000000076e+04 1.468802001953125000e+03
2.501180099999999948e+04 1.468805908203125000e+03
2.501188399999999820e+04 1.468809204101562500e+03
2.501196700000000055e+04 1.468812500000000000e+03
2.501204999999999927e+04 1.468815917968750000e+03
2.501213300000000163e+04 1.468819458007812500e+03
2.501221600000000035e+04 1.468823852539062500e+03
2.501229899999999907e+04 1.468828979492187500e+03
2.501238200000000143e+04 1.468834472656250000e+03
2.501246500000000015e+04 1.468840332031250000e+03
2.501254799999999886e+04 1.468884155273437500e+03
2.501263100000000122e+04 1.468889648437500000e+03
2.501271399999999994e+04 1.468906738281250000e+03
2.501279699999999866e+04 1.468910888671875000e+03
2.501288000000000102e+04 1.468914428710937500e+03
2.501296299999999974e+04 1.468917602539062500e+03
2.501304599999999846e+04 1.468921020507812500e+03
2.501312900000000081e+04 1.468924560546875000e+03
2.501321199999999953e+04 1.468928955078125000e+03
2.501329499999999825e+04 1.468933959960937500e+03
2.501337800000000061e+04 1.468939453125000000e+03
2.501346099999999933e+04 1.468945068359375000e+03
2.501354400000000169e+04 1.468987426757812500e+03
2.501362700000000041e+04 1.468993164062500000e+03
2.501370999999999913e+04 1.469009765625000000e+03
2.501379300000000148e+04 1.469013916015625000e+03
2.501387600000000020e+04 1.469017333984375000e+03
2.501395899999999892e+04 1.469020507812500000e+03
2.501404200000000128e+04 1.469023925781250000e+03
2.501412500000000000e+04 1.469027465820312500e+03
2.501420799999999872e+04 1.469031616210937500e+03
2.501429100000000108e+04 1.469036743164062500e+03
2.501437399999999980e+04 1.469042114257812500e+03
2.501445699999999852e+04 1.469047851562500000e+03
2.501454000000000087e+04 1.469088867187500000e+03
2.501462299999999959e+04 1.469094482421875000e+03
2.501470599999999831e+04 1.469110717773437500e+03
2.501478900000000067e+04 1.469114868164062500e+03
2.501487199999999939e+04 1.469118286132812500e+03
2.501495500000000175e+04 1.469121459960937500e+03
2.501503800000000047e+04 1.469124877929687500e+03
2.501512099999999919e+04 1.469128417968750000e+03
2.501520400000000154e+04 1.469132690429687500e+03
2.501528700000000026e+04 1.469137695312500000e+03
2.501536999999999898e+04 1.469143066406250000e+03
2.501545300000000134e+04 1.469148803710937500e+03
2.501553600000000006e+04 1.469188598632812500e+03
2.501561899999999878e+04 1.469194335937500000e+03
2.501570200000000114e+04 1.469210083007812500e+03
2.501578499999999985e+04 1.469214233398437500e+03
2.501586799999999857e+04 1.469217651367187500e+03
2.501595100000000093e+04 1.469220825195312500e+03
2.501603399999999965e+04 1.469224243164062500e+03
2.501611699999999837e+04 1.469227783203125000e+03
2.501620000000000073e+04 1.469231933593750000e+03
2.501628299999999945e+04 1.469236938476562500e+03
2.501636600000000180e+04 1.469242431640625000e+03
2.501644900000000052e+04 1.469248168945312500e+03
2.501653199999999924e+04 1.469286865234375000e+03
2.501661500000000160e+04 1.469292480468750000e+03
2.501669800000000032e+04 1.469308227539062500e+03
2.501678099999999904e+04 1.469312500000000000e+03
2.501686400000000140e+04 1.469316040039062500e+03
2.501694700000000012e+04 1.469319091796875000e+03
2.501702999999999884e+04 1.469322631835937500e+03
2.501711300000000119e+04 1.469326049804687500e+03
2.501719599999999991e+04 1.469330200195312500e+03
2.501727899999999863e+04 1.469335205078125000e+03
2.501736200000000099e+04 1.469340576171875000e+03
2.501744499999999971e+04 1.469346191406250000e+03
2.501752799999999843e+04 1.469384033203125000e+03
2.501761100000000079e+04 1.469389770507812500e+03
2.501769399999999951e+04 1.469405151367187500e+03
2.501777699999999822e+04 1.469409423828125000e+03
2.501786000000000058e+04 1.469413085937500000e+03
2.501794299999999930e+04 1.469416137695312500e+03
2.501802600000000166e+04 1.469419555664062500e+03
2.501810900000000038e+04 1.469423095703125000e+03
2.501819199999999910e+04 1.469427001953125000e+03
2.501827500000000146e+04 1.469431884765625000e+03
2.501835800000000017e+04 1.469437377929687500e+03
2.501844099999999889e+04 1.469442993164062500e+03
2.501852400000000125e+04 1.469479980468750000e+03
2.501860699999999997e+04 1.469485717773437500e+03
2.501868999999999869e+04 1.469500732421875000e+03
2.501877300000000105e+04 1.469505004882812500e+03
2.501885599999999977e+04 1.469508666992187500e+03
2.501893899999999849e+04 1.469511718750000000e+03
2.501902200000000084e+04 1.469515136718750000e+03
2.501910499999999956e+04 1.469518676757812500e+03
2.501918799999999828e+04 1.469522583007812500e+03
2.501927100000000064e+04 1.469527465820312500e+03
2.501935399999999936e+04 1.469532958984375000e+03
2.501943700000000172e+04 1.469538574218750000e+03
2.501952000000000044e+04 1.469574707031250000e+03
2.501960299999999916e+04 1.469580444335937500e+03
2.501968600000000151e+04 1.469595336914062500e+03
2.501976900000000023e+04 1.469599609375000000e+03
2.501985199999999895e+04 1.469603149414062500e+03
2.501993500000000131e+04 1.469606323242187500e+03
