2.500009800000000178e+04 7.908780517578125000e+02
2.500018100000000049e+04 7.908878784179687500e+02
2.500026399999999921e+04 7.908991699218750000e+02
2.500034700000000157e+04 7.909109497070312500e+02
2.500043000000000029e+04 7.909217529296875000e+02
2.500051299999999901e+04 7.909213867187500000e+02
2.500059600000000137e+04 7.909005126953125000e+02
2.500067900000000009e+04 7.908831176757812500e+02
2.500076199999999881e+04 7.908904418945312500e+02
2.500084500000000116e+04 7.908958740234375000e+02
2.500092799999999988e+04 7.909036865234375000e+02
2.500101099999999860e+04 7.909121704101562500e+02
2.500109400000000096e+04 7.909207153320312500e+02
2.500117699999999968e+04 7.909298095703125000e+02
2.500125999999999840e+04 7.909404907226562500e+02
2.500134300000000076e+04 7.909519653320312500e+02
2.500142599999999948e+04 7.909624023437500000e+02
2.500150899999999820e+04 7.909636230468750000e+02
2.500159200000000055e+04 7.909394531250000000e+02
2.500167499999999927e+04 7.909208374023437500e+02
2.500175800000000163e+04 7.909269409179687500e+02
2.500184100000000035e+04 7.909322509765625000e+02
2.500192399999999907e+04 7.909394531250000000e+02
2.500200700000000143e+04 7.909473266601562500e+02
2.500209000000000015e+04 7.909552612304687500e+02
2.500217299999999886e+04 7.909637451171875000e+02
2.500225600000000122e+04 7.909738159179687500e+02
2.500233899999999994e+04 7.909847412109375000e+02
2.500242199999999866e+04 7.909946289062500000e+02
2.500250500000000102e+04 7.909951782226562500e+02
2.500258799999999974e+04 7.909706420898437500e+02
2.500267099999999846e+04 7.909511108398437500e+02
2.500275400000000081e+04 7.909562377929687500e+02
2.500283699999999953e+04 7.909613647460937500e+02
2.500291999999999825e+04 7.909680786132812500e+02
2.500300300000000061e+04 7.909755249023437500e+02
2.500308599999999933e+04 7.909830322265625000e+02
2.500316900000000169e+04 7.909910888671875000e+02
2.500325200000000041e+04 7.910007324218750000e+02
2.500333499999999913e+04 7.910111694335937500e+02
2.500341800000000148e+04 7.910205688476562500e+02
2.500350100000000020e+04 7.910206909179687500e+02
2.500358399999999892e+04 7.909957885742187500e+02
2.500366700000000128e+04 7.909755249023437500e+02
2.500375000000000000e+04 7.909800415039062500e+02
2.500383299999999872e+04 7.909850463867187500e+02
2.500391600000000108e+04 7.909913940429687500e+02
2.500399899999999980e+04 7.909984741210937500e+02
2.500408199999999852e+04 7.910056152343750000e+02
2.500416500000000087e+04 7.910132446289062500e+02
2.500424799999999959e+04 7.910225219726562500e+02
2.500433099999999831e+04 7.910325927734375000e+02
2.500441400000000067e+04 7.910416870117187500e+02
2.500449699999999939e+04 7.910413208007812500e+02
2.500458000000000175e+04 7.910192260742187500e+02
2.500466300000000047e+04 7.909947509765625000e+02
2.500474599999999919e+04 7.909937133789062500e+02
2.500482900000000154e+04 7.909992065429687500e+02
2.500491200000000026e+04 7.910053710937500000e+02
2.500499499999999898e+04 7.910118408203125000e+02
2.500507800000000134e+04 7.910185546875000000e+02
2.500516100000000006e+04 7.910256958007812500e+02
2.500524399999999878e+04 7.910342407226562500e+02
2.500532700000000114e+04 7.910438232421875000e+02
2.500540999999999985e+04 7.910526733398437500e+02
2.500549299999999857e+04 7.910537109375000000e+02
2.500557600000000093e+04 7.910331420898437500e+02
2.500565899999999965e+04 7.910082397460937500e+02
2.500574199999999837e+04 7.910067749023437500e+02
2.500582500000000073e+04 7.910118408203125000e+02
2.500590799999999945e+04 7.910177612304687500e+02
2.500599100000000180e+04 7.910240478515625000e+02
2.500607400000000052e+04 7.910305175781250000e+02
2.500615699999999924e+04 7.910374755859375000e+02
2.500624000000000160e+04 7.910457763671875000e+02
2.500632300000000032e+04 7.910551147460937500e+02
2.500640599999999904e+04 7.910637207031250000e+02
2.500648900000000140e+04 7.910645751953125000e+02
2.500657200000000012e+04 7.910437622070312500e+02
2.500665499999999884e+04 7.910184326171875000e+02
2.500673800000000119e+04 7.910166015625000000e+02
2.500682099999999991e+04 7.910213012695312500e+02
2.500690399999999863e+04 7.910270385742187500e+02
2.500698700000000099e+04 7.910331420898437500e+02
2.500706999999999971e+04 7.910394287109375000e+02
2.500715299999999843e+04 7.910462036132812500e+02
2.500723600000000079e+04 7.910543212890625000e+02
2.500731899999999951e+04 7.910634765625000000e+02
2.500740199999999822e+04 7.910718994140625000e+02
2.500748500000000058e+04 7.910725097656250000e+02
2.500756799999999930e+04 7.910515747070312500e+02
2.500765100000000166e+04 7.910259399414062500e+02
2.500773400000000038e+04 7.910238037109375000e+02
2.500781699999999910e+04 7.910281372070312500e+02
2.500790000000000146e+04 7.910337524414062500e+02
2.500798300000000017e+04 7.910397338867187500e+02
2.500806599999999889e+04 7.910458984375000000e+02
2.500814900000000125e+04 7.910524291992187500e+02
2.500823199999999997e+04 7.910603637695312500e+02
2.500831499999999869e+04 7.910693359375000000e+02
2.500839800000000105e+04 7.910776367187500000e+02
2.500848099999999977e+04 7.910781250000000000e+02
2.500856399999999849e+04 7.910569458007812500e+02
2.500864700000000084e+04 7.910273437500000000e+02
2.500872999999999956e+04 7.910200195312500000e+02
2.500881299999999828e+04 7.910234375000000000e+02
2.500889600000000064e+04 7.910283813476562500e+02
2.500897899999999936e+04 7.910341186523437500e+02
2.500906200000000172e+04 7.910402221679687500e+02
2.500914500000000044e+04 7.910466308593750000e+02
2.500922799999999916e+04 7.910541992187500000e+02
2.500931100000000151e+04 7.910629272460937500e+02
2.500939400000000023e+04 7.910713500976562500e+02
2.500947699999999895e+04 7.910736083984375000e+02
2.500956000000000131e+04 7.910603637695312500e+02
2.500964300000000003e+04 7.910307006835937500e+02
2.500972599999999875e+04 7.910230102539062500e+02
2.500980900000000111e+04 7.910262451171875000e+02
2.500989199999999983e+04 7.910308227539062500e+02
2.500997499999999854e+04 7.910364990234375000e+02
2.501005800000000090e+04 7.910424804687500000e+02
2.501014099999999962e+04 7.910487670898437500e+02
2.501022399999999834e+04 7.910562133789062500e+02
2.501030700000000070e+04 7.910648193359375000e+02
2.501038999999999942e+04 7.910731201171875000e+02
2.501047300000000178e+04 7.910752563476562500e+02
2.501055600000000049e+04 7.910618286132812500e+02
2.501063899999999921e+04 7.910319824218750000e+02
2.501072200000000157e+04 7.910240478515625000e+02
2.501080500000000029e+04 7.910270385742187500e+02
2.501088799999999901e+04 7.910313110351562500e+02
2.501097100000000137e+04 7.910368652343750000e+02
2.501105400000000009e+04 7.910427246093750000e+02
2.501113699999999881e+04 7.910488891601562500e+02
2.501122000000000116e+04 7.910562744140625000e+02
2.501130299999999988e+04 7.910647583007812500e+02
2.501138599999999860e+04 7.910729980468750000e+02
2.501146900000000096e+04 7.910750122070312500e+02
2.501155199999999968e+04 7.910614624023437500e+02
2.501163499999999840e+04 7.910314331054687500e+02
2.501171800000000076e+04 7.910233764648437500e+02
2.501180099999999948e+04 7.910261840820312500e+02
2.501188399999999820e+04 7.910301513671875000e+02
2.501196700000000055e+04 7.910356445312500000e+02
2.501204999999999927e+04 7.910414428710937500e+02
2.501213300000000163e+04 7.910474243164062500e+02
2.501221600000000035e+04 7.910547485351562500e+02
2.501229899999999907e+04 7.910631103515625000e+02
2.501238200000000143e+04 7.910712280273437500e+02
2.501246500000000015e+04 7.910731811523437500e+02
2.501254799999999886e+04 7.910595092773437500e+02
2.501263100000000122e+04 7.910292968750000000e+02
2.501271399999999994e+04 7.910161132812500000e+02
2.501279699999999866e+04 7.910184326171875000e+02
2.501288000000000102e+04 7.910220947265625000e+02
2.501296299999999974e+04 7.910274047851562500e+02
2.501304599999999846e+04 7.910330810546875000e+02
2.501312900000000081e+04 7.910390625000000000e+02
2.501321199999999953e+04 7.910462646484375000e+02
2.501329499999999825e+04 7.910544433593750000e+02
2.501337800000000061e+04 7.910626831054687500e+02
2.501346099999999933e+04 7.910664672851562500e+02
2.501354400000000169e+04 7.910556030273437500e+02
2.501362700000000041e+04 7.910268554687500000e+02
2.501370999999999913e+04 7.910134887695312500e+02
2.501379300000000148e+04 7.910156860351562500e+02
2.501387600000000020e+04 7.910191040039062500e+02
2.501395899999999892e+04 7.910242919921875000e+02
2.501404200000000128e+04 7.910299682617187500e+02
2.501412500000000000e+04 7.910358276367187500e+02
2.501420799999999872e+04 7.910426635742187500e+02
2.501429100000000108e+04 7.910507812500000000e+02
2.501437399999999980e+04 7.910589599609375000e+02
2.501445699999999852e+04 7.910626831054687500e+02
2.501454000000000087e+04 7.910516357421875000e+02
2.501462299999999959e+04 7.910225830078125000e+02
2.501470599999999831e+04 7.910090942382812500e+02
2.501478900000000067e+04 7.910111694335937500e+02
2.501487199999999939e+04 7.910145263671875000e+02
2.501495500000000175e+04 7.910196533203125000e+02
2.501503800000000047e+04 7.910252685546875000e+02
2.501512099999999919e+04 7.910311279296875000e+02
2.501520400000000154e+04 7.910379028320312500e+02
2.501528700000000026e+04 7.910459594726562500e+02
2.501536999999999898e+04 7.910540771484375000e+02
2.501545300000000134e+04 7.910577392578125000e+02
2.501553600000000006e+04 7.910466308593750000e+02
2.501561899999999878e+04 7.910174560546875000e+02
2.501570200000000114e+04 7.910038452148437500e+02
2.501578499999999985e+04 7.910058593750000000e+02
2.501586799999999857e+04 7.910092163085937500e+02
2.501595100000000093e+04 7.910143432617187500e+02
2.501603399999999965e+04 7.910198364257812500e+02
2.501611699999999837e+04 7.910255737304687500e+02
2.501620000000000073e+04 7.910322875976562500e+02
2.501628299999999945e+04 7.910402832031250000e+02
2.501636600000000180e+04 7.910483398437500000e+02
2.501644900000000052e+04 7.910520019531250000e+02
2.501653199999999924e+04 7.910409545898437500e+02
2.501661500000000160e+04 7.910115966796875000e+02
2.501669800000000032e+04 7.909928588867187500e+02
2.501678099999999904e+04 7.909945678710937500e+02
2.501686400000000140e+04 7.909981079101562500e+02
2.501694700000000012e+04 7.910030517578125000e+02
2.501702999999999884e+04 7.910085449218750000e+02
2.501711300000000119e+04 7.910142211914062500e+02
2.501719599999999991e+04 7.910208740234375000e+02
2.501727899999999863e+04 7.910286865234375000e+02
2.501736200000000099e+04 7.910367431640625000e+02
2.501744499999999971e+04 7.910420532226562500e+02
2.501752799999999843e+04 7.910326538085937500e+02
2.501761100000000079e+04 7.910057983398437500e+02
2.501769399999999951e+04 7.909869995117187500e+02
2.501777699999999822e+04 7.909886474609375000e+02
2.501786000000000058e+04 7.909921264648437500e+02
2.501794299999999930e+04 7.909970092773437500e+02
2.501802600000000166e+04 7.910025024414062500e+02
2.501810900000000038e+04 7.910081176757812500e+02
2.501819199999999910e+04 7.910144042968750000e+02
2.501827500000000146e+04 7.910222167968750000e+02
2.501835800000000017e+04 7.910303955078125000e+02
2.501844099999999889e+04 7.910358276367187500e+02
2.501852400000000125e+04 7.910263671875000000e+02
2.501860699999999997e+04 7.909996337890625000e+02
2.501868999999999869e+04 7.909807739257812500e+02
2.501877300000000105e+04 7.909822998046875000e+02
2.501885599999999977e+04 7.909857177734375000e+02
2.501893899999999849e+04 7.909906005859375000e+02
2.501902200000000084e+04 7.909960327148437500e+02
2.501910499999999956e+04 7.910015869140625000e+02
2.501918799999999828e+04 7.910078735351562500e+02
2.501927100000000064e+04 7.910156250000000000e+02
2.501935399999999936e+04 7.910237426757812500e+02
2.501943700000000172e+04 7.910291748046875000e+02
2.501952000000000044e+04 7.910196533203125000e+02
2.501960299999999916e+04 7.909927978515625000e+02
2.501968600000000151e+04 7.909739379882812500e+02
2.501976900000000023e+04 7.909754028320312500e+02
2.501985199999999895e+04 7.909788208007812500e+02
2.501993500000000131e+04 7.909836425781250000e+02
