2.500009800000000178e+04 1.312634643554687500e+03
2.500018100000000049e+04 1.312638671875000000e+03
2.500026399999999921e+04 1.312643554687500000e+03
2.500034700000000157e+04 1.312648925781250000e+03
2.500043000000000029e+04 1.312654541015625000e+03
2.500051299999999901e+04 1.312660522460937500e+03
2.500059600000000137e+04 1.312940063476562500e+03
2.500067900000000009e+04 1.312945312500000000e+03
2.500076199999999881e+04 1.312985839843750000e+03
2.500084500000000116e+04 1.312989624023437500e+03
2.500092799999999988e+04 1.312992553710937500e+03
2.500101099999999860e+04 1.312995971679687500e+03
2.500109400000000096e+04 1.312999389648437500e+03
2.500117699999999968e+04 1.313003173828125000e+03
2.500125999999999840e+04 1.313008056640625000e+03
2.500134300000000076e+04 1.313013305664062500e+03
2.500142599999999948e+04 1.313018920898437500e+03
2.500150899999999820e+04 1.313024902343750000e+03
2.500159200000000055e+04 1.313118774414062500e+03
2.500167499999999927e+04 1.313123901367187500e+03
2.500175800000000163e+04 1.313156250000000000e+03
2.500184100000000035e+04 1.313159912109375000e+03
2.500192399999999907e+04 1.313162963867187500e+03
2.500200700000000143e+04 1.313166381835937500e+03
2.500209000000000015e+04 1.313169799804687500e+03
2.500217299999999886e+04 1.313173583984375000e+03
2.500225600000000122e+04 1.313178344726562500e+03
2.500233899999999994e+04 1.313183715820312500e+03
2.500242199999999866e+04 1.313189331054687500e+03
2.500250500000000102e+04 1.313195190429687500e+03
2.500258799999999974e+04 1.313278198242187500e+03
2.500267099999999846e+04 1.313283447265625000e+03
2.500275400000000081e+04 1.313312377929687500e+03
2.500283699999999953e+04 1.313316040039062500e+03
2.500291999999999825e+04 1.313319091796875000e+03
2.500300300000000061e+04 1.313322509765625000e+03
2.500308599999999933e+04 1.313325927734375000e+03
2.500316900000000169e+04 1.313329711914062500e+03
2.500325200000000041e+04 1.313334472656250000e+03
2.500333499999999913e+04 1.313339843750000000e+03
2.500341800000000148e+04 1.313345458984375000e+03
2.500350100000000020e+04 1.313351318359375000e+03
2.500358399999999892e+04 1.313426147460937500e+03
2.500366700000000128e+04 1.313431396484375000e+03
2.500375000000000000e+04 1.313457763671875000e+03
2.500383299999999872e+04 1.313461547851562500e+03
2.500391600000000108e+04 1.313464599609375000e+03
2.500399899999999980e+04 1.313468017578125000e+03
2.500408199999999852e+04 1.313471435546875000e+03
2.500416500000000087e+04 1.313475097656250000e+03
2.500424799999999959e+04 1.313479858398437500e+03
2.500433099999999831e+04 1.313485229492187500e+03
2.500441400000000067e+04 1.313490844726562500e+03
2.500449699999999939e+04 1.313496704101562500e+03
2.500458000000000175e+04 1.313565185546875000e+03
2.500466300000000047e+04 1.313570556640625000e+03
2.500474599999999919e+04 1.313595092773437500e+03
2.500482900000000154e+04 1.313598999023437500e+03
2.500491200000000026e+04 1.313602172851562500e+03
2.500499499999999898e+04 1.313605468750000000e+03
2.500507800000000134e+04 1.313608886718750000e+03
2.500516100000000006e+04 1.313612548828125000e+03
2.500524399999999878e+04 1.313617187500000000e+03
2.500532700000000114e+04 1.313622436523437500e+03
2.500540999999999985e+04 1.313628051757812500e+03
2.500549299999999857e+04 1.313633789062500000e+03
2.500557600000000093e+04 1.313697143554687500e+03
2.500565899999999965e+04 1.313702514648437500e+03
2.500574199999999837e+04 1.313725463867187500e+03
2.500582500000000073e+04 1.313729248046875000e+03
2.500590799999999945e+04 1.313732421875000000e+03
2.500599100000000180e+04 1.313735839843750000e+03
2.500607400000000052e+04 1.313739257812500000e+03
2.500615699999999924e+04 1.313742919921875000e+03
2.500624000000000160e+04 1.313747558593750000e+03
2.500632300000000032e+04 1.313752807617187500e+03
2.500640599999999904e+04 1.313758300781250000e+03
2.500648900000000140e+04 1.313764160156250000e+03
2.500657200000000012e+04 1.313823120117187500e+03
2.500665499999999884e+04 1.313828491210937500e+03
2.500673800000000119e+04 1.313850097656250000e+03
2.500682099999999991e+04 1.313854003906250000e+03
2.500690399999999863e+04 1.313857177734375000e+03
2.500698700000000099e+04 1.313860473632812500e+03
2.500706999999999971e+04 1.313863891601562500e+03
2.500715299999999843e+04 1.313867553710937500e+03
2.500723600000000079e+04 1.313872192382812500e+03
2.500731899999999951e+04 1.313877441406250000e+03
2.500740199999999822e+04 1.313882934570312500e+03
2.500748500000000058e+04 1.313888793945312500e+03
2.500756799999999930e+04 1.313944213867187500e+03
2.500765100000000166e+04 1.313949584960937500e+03
2.500773400000000038e+04 1.313970092773437500e+03
2.500781699999999910e+04 1.313973999023437500e+03
2.500790000000000146e+04 1.313977050781250000e+03
2.500798300000000017e+04 1.313980468750000000e+03
2.500806599999999889e+04 1.313983886718750000e+03
2.500814900000000125e+04 1.313987426757812500e+03
2.500823199999999997e+04 1.313992065429687500e+03
2.500831499999999869e+04 1.313997314453125000e+03
2.500839800000000105e+04 1.314002929687500000e+03
2.500848099999999977e+04 1.314008666992187500e+03
2.500856399999999849e+04 1.314061157226562500e+03
2.500864700000000084e+04 1.314066650390625000e+03
2.500872999999999956e+04 1.314086303710937500e+03
2.500881299999999828e+04 1.314090332031250000e+03
2.500889600000000064e+04 1.314093627929687500e+03
2.500897899999999936e+04 1.314096801757812500e+03
2.500906200000000172e+04 1.314100219726562500e+03
2.500914500000000044e+04 1.314103881835937500e+03
2.500922799999999916e+04 1.314108276367187500e+03
2.500931100000000151e+04 1.314113403320312500e+03
2.500939400000000023e+04 1.314118896484375000e+03
2.500947699999999895e+04 1.314124633789062500e+03
2.500956000000000131e+04 1.314174438476562500e+03
2.500964300000000003e+04 1.314179931640625000e+03
2.500972599999999875e+04 1.314198852539062500e+03
2.500980900000000111e+04 1.314202758789062500e+03
2.500989199999999983e+04 1.314206176757812500e+03
2.500997499999999854e+04 1.314209350585937500e+03
2.501005800000000090e+04 1.313776489257812500e+03
2.501014099999999962e+04 1.313780151367187500e+03
2.501022399999999834e+04 1.313784545898437500e+03
2.501030700000000070e+04 1.313789672851562500e+03
2.501038999999999942e+04 1.313795166015625000e+03
2.501047300000000178e+04 1.313800903320312500e+03
2.501055600000000049e+04 1.313848510742187500e+03
2.501063899999999921e+04 1.313854003906250000e+03
2.501072200000000157e+04 1.313872070312500000e+03
2.501080500000000029e+04 1.313876098632812500e+03
2.501088799999999901e+04 1.313879394531250000e+03
2.501097100000000137e+04 1.313882690429687500e+03
2.501105400000000009e+04 1.313886108398437500e+03
2.501113699999999881e+04 1.313889648437500000e+03
2.501122000000000116e+04 1.313894042968750000e+03
2.501130299999999988e+04 1.313899169921875000e+03
2.501138599999999860e+04 1.313904663085937500e+03
2.501146900000000096e+04 1.313910522460937500e+03
2.501155199999999968e+04 1.313956054687500000e+03
2.501163499999999840e+04 1.313961547851562500e+03
2.501171800000000076e+04 1.313979125976562500e+03
2.501180099999999948e+04 1.313983032226562500e+03
2.501188399999999820e+04 1.313986328125000000e+03
2.501196700000000055e+04 1.313989624023437500e+03
2.501204999999999927e+04 1.313993041992187500e+03
2.501213300000000163e+04 1.313996582031250000e+03
2.501221600000000035e+04 1.314000976562500000e+03
2.501229899999999907e+04 1.314006103515625000e+03
2.501238200000000143e+04 1.314011596679687500e+03
2.501246500000000015e+04 1.314017456054687500e+03
2.501254799999999886e+04 1.314061279296875000e+03
2.501263100000000122e+04 1.314066772460937500e+03
2.501271399999999994e+04 1.314083862304687500e+03
2.501279699999999866e+04 1.314088012695312500e+03
2.501288000000000102e+04 1.314091430664062500e+03
2.501296299999999974e+04 1.314094604492187500e+03
2.501304599999999846e+04 1.314098022460937500e+03
2.501312900000000081e+04 1.314101562500000000e+03
2.501321199999999953e+04 1.314105957031250000e+03
2.501329499999999825e+04 1.314111083984375000e+03
2.501337800000000061e+04 1.314116455078125000e+03
2.501346099999999933e+04 1.314122192382812500e+03
2.501354400000000169e+04 1.314164550781250000e+03
2.501362700000000041e+04 1.314170166015625000e+03
2.501370999999999913e+04 1.314186767578125000e+03
2.501379300000000148e+04 1.314190917968750000e+03
2.501387600000000020e+04 1.314194458007812500e+03
2.501395899999999892e+04 1.314197509765625000e+03
2.501404200000000128e+04 1.314201049804687500e+03
2.501412500000000000e+04 1.314204589843750000e+03
2.501420799999999872e+04 1.314208740234375000e+03
2.501429100000000108e+04 1.314213745117187500e+03
2.501437399999999980e+04 1.314219238281250000e+03
2.501445699999999852e+04 1.314224853515625000e+03
2.501454000000000087e+04 1.314265869140625000e+03
2.501462299999999959e+04 1.314271606445312500e+03
2.501470599999999831e+04 1.314287719726562500e+03
2.501478900000000067e+04 1.314291870117187500e+03
2.501487199999999939e+04 1.314295288085937500e+03
2.501495500000000175e+04 1.314298461914062500e+03
2.501503800000000047e+04 1.314301879882812500e+03
2.501512099999999919e+04 1.314305541992187500e+03
2.501520400000000154e+04 1.314309692382812500e+03
2.501528700000000026e+04 1.314314697265625000e+03
2.501536999999999898e+04 1.314320190429687500e+03
2.501545300000000134e+04 1.314325805664062500e+03
2.501553600000000006e+04 1.314365722656250000e+03
2.501561899999999878e+04 1.314371337890625000e+03
2.501570200000000114e+04 1.314387084960937500e+03
2.501578499999999985e+04 1.314391235351562500e+03
2.501586799999999857e+04 1.314394653320312500e+03
2.501595100000000093e+04 1.314397827148437500e+03
2.501603399999999965e+04 1.314401245117187500e+03
2.501611699999999837e+04 1.314404785156250000e+03
2.501620000000000073e+04 1.314408935546875000e+03
2.501628299999999945e+04 1.314413940429687500e+03
2.501636600000000180e+04 1.314419433593750000e+03
2.501644900000000052e+04 1.314425170898437500e+03
2.501653199999999924e+04 1.314463867187500000e+03
2.501661500000000160e+04 1.314469482421875000e+03
2.501669800000000032e+04 1.314485229492187500e+03
2.501678099999999904e+04 1.314489501953125000e+03
2.501686400000000140e+04 1.314493041992187500e+03
2.501694700000000012e+04 1.314496093750000000e+03
2.501702999999999884e+04 1.314499511718750000e+03
2.501711300000000119e+04 1.314503051757812500e+03
2.501719599999999991e+04 1.314507202148437500e+03
2.501727899999999863e+04 1.314512084960937500e+03
2.501736200000000099e+04 1.314517578125000000e+03
2.501744499999999971e+04 1.314523193359375000e+03
2.501752799999999843e+04 1.314561035156250000e+03
2.501761100000000079e+04 1.314566772460937500e+03
2.501769399999999951e+04 1.314582153320312500e+03
2.501777699999999822e+04 1.314586425781250000e+03
2.501786000000000058e+04 1.314589965820312500e+03
2.501794299999999930e+04 1.314593139648437500e+03
2.501802600000000166e+04 1.314596557617187500e+03
2.501810900000000038e+04 1.314599975585937500e+03
2.501819199999999910e+04 1.314604003906250000e+03
2.501827500000000146e+04 1.314608886718750000e+03
2.501835800000000017e+04 1.314614257812500000e+03
2.501844099999999889e+04 1.314619873046875000e+03
2.501852400000000125e+04 1.314656860351562500e+03
2.501860699999999997e+04 1.314662597656250000e+03
2.501868999999999869e+04 1.314677734375000000e+03
2.501877300000000105e+04 1.314682006835937500e+03
2.501885599999999977e+04 1.314685546875000000e+03
2.501893899999999849e+04 1.314688598632812500e+03
2.501902200000000084e+04 1.314692016601562500e+03
2.501910499999999956e+04 1.314695556640625000e+03
2.501918799999999828e+04 1.314699462890625000e+03
2.501927100000000064e+04 1.314704467773437500e+03
2.501935399999999936e+04 1.314709838867187500e+03
2.501943700000000172e+04 1.314715454101562500e+03
2.501952000000000044e+04 1.314751586914062500e+03
2.501960299999999916e+04 1.314757446289062500e+03
2.501968600000000151e+04 1.314772216796875000e+03
2.501976900000000023e+04 1.314776489257812500e+03
2.501985199999999895e+04 1.314780151367187500e+03
2.501993500000000131e+04 1.314783203125000000e+03
