2.500009800000000178e+04 1.312537109375000000e+03
2.500018100000000049e+04 1.312541015625000000e+03
2.500026399999999921e+04 1.312546020507812500e+03
2.500034700000000157e+04 1.312551391601562500e+03
2.500043000000000029e+04 1.312557006835937500e+03
2.500051299999999901e+04 1.312562866210937500e+03
2.500059600000000137e+04 1.312842529296875000e+03
2.500067900000000009e+04 1.312847778320312500e+03
2.500076199999999881e+04 1.312888305664062500e+03
2.500084500000000116e+04 1.312892089843750000e+03
2.500092799999999988e+04 1.312895019531250000e+03
2.500101099999999860e+04 1.312898437500000000e+03
2.500109400000000096e+04 1.312901855468750000e+03
2.500117699999999968e+04 1.312905639648437500e+03
2.500125999999999840e+04 1.312910522460937500e+03
2.500134300000000076e+04 1.312915893554687500e+03
2.500142599999999948e+04 1.312921386718750000e+03
2.500150899999999820e+04 1.312927368164062500e+03
2.500159200000000055e+04 1.313021240234375000e+03
2.500167499999999927e+04 1.313026489257812500e+03
2.500175800000000163e+04 1.313058715820312500e+03
2.500184100000000035e+04 1.313062500000000000e+03
2.500192399999999907e+04 1.313065429687500000e+03
2.500200700000000143e+04 1.313068847656250000e+03
2.500209000000000015e+04 1.313072387695312500e+03
2.500217299999999886e+04 1.313076049804687500e+03
2.500225600000000122e+04 1.313080932617187500e+03
2.500233899999999994e+04 1.313086303710937500e+03
2.500242199999999866e+04 1.313091796875000000e+03
2.500250500000000102e+04 1.313097778320312500e+03
2.500258799999999974e+04 1.313180786132812500e+03
2.500267099999999846e+04 1.313186035156250000e+03
2.500275400000000081e+04 1.313214965820312500e+03
2.500283699999999953e+04 1.313218627929687500e+03
2.500291999999999825e+04 1.313221679687500000e+03
2.500300300000000061e+04 1.313225097656250000e+03
2.500308599999999933e+04 1.313228515625000000e+03
2.500316900000000169e+04 1.313232299804687500e+03
2.500325200000000041e+04 1.313237060546875000e+03
2.500333499999999913e+04 1.313242431640625000e+03
2.500341800000000148e+04 1.313248046875000000e+03
2.500350100000000020e+04 1.313253906250000000e+03
2.500358399999999892e+04 1.313328735351562500e+03
2.500366700000000128e+04 1.313333984375000000e+03
2.500375000000000000e+04 1.313360473632812500e+03
2.500383299999999872e+04 1.313364135742187500e+03
2.500391600000000108e+04 1.313367187500000000e+03
2.500399899999999980e+04 1.313370605468750000e+03
2.500408199999999852e+04 1.313374023437500000e+03
2.500416500000000087e+04 1.313377685546875000e+03
2.500424799999999959e+04 1.313382568359375000e+03
2.500433099999999831e+04 1.313387939453125000e+03
2.500441400000000067e+04 1.313393432617187500e+03
2.500449699999999939e+04 1.313399414062500000e+03
2.500458000000000175e+04 1.313467895507812500e+03
2.500466300000000047e+04 1.313473266601562500e+03
2.500474599999999919e+04 1.313497802734375000e+03
2.500482900000000154e+04 1.313501708984375000e+03
2.500491200000000026e+04 1.313504760742187500e+03
2.500499499999999898e+04 1.313508178710937500e+03
2.500507800000000134e+04 1.313511596679687500e+03
2.500516100000000006e+04 1.313515258789062500e+03
2.500524399999999878e+04 1.313519897460937500e+03
2.500532700000000114e+04 1.313525146484375000e+03
2.500540999999999985e+04 1.313530639648437500e+03
2.500549299999999857e+04 1.313536499023437500e+03
2.500557600000000093e+04 1.313599853515625000e+03
2.500565899999999965e+04 1.313605102539062500e+03
2.500574199999999837e+04 1.313628051757812500e+03
2.500582500000000073e+04 1.313631958007812500e+03
2.500590799999999945e+04 1.313635131835937500e+03
2.500599100000000180e+04 1.313638427734375000e+03
2.500607400000000052e+04 1.313641845703125000e+03
2.500615699999999924e+04 1.313645629882812500e+03
2.500624000000000160e+04 1.313650146484375000e+03
2.500632300000000032e+04 1.313655395507812500e+03
2.500640599999999904e+04 1.313661010742187500e+03
2.500648900000000140e+04 1.313666870117187500e+03
2.500657200000000012e+04 1.313725830078125000e+03
2.500665499999999884e+04 1.313731201171875000e+03
2.500673800000000119e+04 1.313752807617187500e+03
2.500682099999999991e+04 1.313756713867187500e+03
2.500690399999999863e+04 1.313759887695312500e+03
2.500698700000000099e+04 1.313763183593750000e+03
2.500706999999999971e+04 1.313766601562500000e+03
2.500715299999999843e+04 1.313770263671875000e+03
2.500723600000000079e+04 1.313774902343750000e+03
2.500731899999999951e+04 1.313780151367187500e+03
2.500740199999999822e+04 1.313785644531250000e+03
2.500748500000000058e+04 1.313791503906250000e+03
2.500756799999999930e+04 1.313847045898437500e+03
2.500765100000000166e+04 1.313852294921875000e+03
2.500773400000000038e+04 1.313872802734375000e+03
2.500781699999999910e+04 1.313876708984375000e+03
2.500790000000000146e+04 1.313879882812500000e+03
2.500798300000000017e+04 1.313883178710937500e+03
2.500806599999999889e+04 1.313886596679687500e+03
2.500814900000000125e+04 1.313890258789062500e+03
2.500823199999999997e+04 1.313894775390625000e+03
2.500831499999999869e+04 1.313900024414062500e+03
2.500839800000000105e+04 1.313905639648437500e+03
2.500848099999999977e+04 1.313911499023437500e+03
2.500856399999999849e+04 1.313963867187500000e+03
2.500864700000000084e+04 1.313969360351562500e+03
2.500872999999999956e+04 1.313989013671875000e+03
2.500881299999999828e+04 1.313993041992187500e+03
2.500889600000000064e+04 1.313996337890625000e+03
2.500897899999999936e+04 1.313999633789062500e+03
2.500906200000000172e+04 1.314003051757812500e+03
2.500914500000000044e+04 1.314006591796875000e+03
2.500922799999999916e+04 1.314010986328125000e+03
2.500931100000000151e+04 1.314016235351562500e+03
2.500939400000000023e+04 1.314021728515625000e+03
2.500947699999999895e+04 1.314027465820312500e+03
2.500956000000000131e+04 1.314077270507812500e+03
2.500964300000000003e+04 1.314082763671875000e+03
2.500972599999999875e+04 1.314101562500000000e+03
2.500980900000000111e+04 1.314105590820312500e+03
2.500989199999999983e+04 1.314108886718750000e+03
2.500997499999999854e+04 1.314112182617187500e+03
2.501005800000000090e+04 1.313679199218750000e+03
2.501014099999999962e+04 1.313682861328125000e+03
2.501022399999999834e+04 1.313687255859375000e+03
2.501030700000000070e+04 1.313692382812500000e+03
2.501038999999999942e+04 1.313697875976562500e+03
2.501047300000000178e+04 1.313703613281250000e+03
2.501055600000000049e+04 1.313751220703125000e+03
2.501063899999999921e+04 1.313756713867187500e+03
2.501072200000000157e+04 1.313774780273437500e+03
2.501080500000000029e+04 1.313778808593750000e+03
2.501088799999999901e+04 1.313782104492187500e+03
2.501097100000000137e+04 1.313785400390625000e+03
2.501105400000000009e+04 1.313788818359375000e+03
2.501113699999999881e+04 1.313792358398437500e+03
2.501122000000000116e+04 1.313796752929687500e+03
2.501130299999999988e+04 1.313802001953125000e+03
2.501138599999999860e+04 1.313807373046875000e+03
2.501146900000000096e+04 1.313813232421875000e+03
2.501155199999999968e+04 1.313858764648437500e+03
2.501163499999999840e+04 1.313864257812500000e+03
2.501171800000000076e+04 1.313881835937500000e+03
2.501180099999999948e+04 1.313885864257812500e+03
2.501188399999999820e+04 1.313889160156250000e+03
2.501196700000000055e+04 1.313892333984375000e+03
2.501204999999999927e+04 1.313895751953125000e+03
2.501213300000000163e+04 1.313899291992187500e+03
2.501221600000000035e+04 1.313903686523437500e+03
2.501229899999999907e+04 1.313908935546875000e+03
2.501238200000000143e+04 1.313914428710937500e+03
2.501246500000000015e+04 1.313920166015625000e+03
2.501254799999999886e+04 1.313963989257812500e+03
2.501263100000000122e+04 1.313969482421875000e+03
2.501271399999999994e+04 1.313986694335937500e+03
2.501279699999999866e+04 1.313990844726562500e+03
2.501288000000000102e+04 1.313994262695312500e+03
2.501296299999999974e+04 1.313997436523437500e+03
2.501304599999999846e+04 1.314000854492187500e+03
2.501312900000000081e+04 1.314004394531250000e+03
2.501321199999999953e+04 1.314008789062500000e+03
2.501329499999999825e+04 1.314013793945312500e+03
2.501337800000000061e+04 1.314019287109375000e+03
2.501346099999999933e+04 1.314025024414062500e+03
2.501354400000000169e+04 1.314067382812500000e+03
2.501362700000000041e+04 1.314072998046875000e+03
2.501370999999999913e+04 1.314089599609375000e+03
2.501379300000000148e+04 1.314093750000000000e+03
2.501387600000000020e+04 1.314097167968750000e+03
2.501395899999999892e+04 1.314100341796875000e+03
2.501404200000000128e+04 1.314103759765625000e+03
2.501412500000000000e+04 1.314107299804687500e+03
2.501420799999999872e+04 1.314111572265625000e+03
2.501429100000000108e+04 1.314116577148437500e+03
2.501437399999999980e+04 1.314121948242187500e+03
2.501445699999999852e+04 1.314127685546875000e+03
2.501454000000000087e+04 1.314168701171875000e+03
2.501462299999999959e+04 1.314174316406250000e+03
2.501470599999999831e+04 1.314190551757812500e+03
2.501478900000000067e+04 1.314194702148437500e+03
2.501487199999999939e+04 1.314198120117187500e+03
2.501495500000000175e+04 1.314201293945312500e+03
2.501503800000000047e+04 1.314204711914062500e+03
2.501512099999999919e+04 1.314208251953125000e+03
2.501520400000000154e+04 1.314212524414062500e+03
2.501528700000000026e+04 1.314217529296875000e+03
2.501536999999999898e+04 1.314223022460937500e+03
2.501545300000000134e+04 1.314228637695312500e+03
2.501553600000000006e+04 1.314268554687500000e+03
2.501561899999999878e+04 1.314274169921875000e+03
2.501570200000000114e+04 1.314289916992187500e+03
2.501578499999999985e+04 1.314294067382812500e+03
2.501586799999999857e+04 1.314297607421875000e+03
2.501595100000000093e+04 1.314300781250000000e+03
2.501603399999999965e+04 1.314304199218750000e+03
2.501611699999999837e+04 1.314307617187500000e+03
2.501620000000000073e+04 1.314311767578125000e+03
2.501628299999999945e+04 1.314316894531250000e+03
2.501636600000000180e+04 1.314322265625000000e+03
2.501644900000000052e+04 1.314328002929687500e+03
2.501653199999999924e+04 1.314366821289062500e+03
2.501661500000000160e+04 1.314372436523437500e+03
2.501669800000000032e+04 1.314388061523437500e+03
2.501678099999999904e+04 1.314392333984375000e+03
2.501686400000000140e+04 1.314395874023437500e+03
2.501694700000000012e+04 1.314399047851562500e+03
2.501702999999999884e+04 1.314402465820312500e+03
2.501711300000000119e+04 1.314405883789062500e+03
2.501719599999999991e+04 1.314410034179687500e+03
2.501727899999999863e+04 1.314415039062500000e+03
2.501736200000000099e+04 1.314420410156250000e+03
2.501744499999999971e+04 1.314426147460937500e+03
2.501752799999999843e+04 1.314463867187500000e+03
2.501761100000000079e+04 1.314469726562500000e+03
2.501769399999999951e+04 1.314484985351562500e+03
2.501777699999999822e+04 1.314489257812500000e+03
2.501786000000000058e+04 1.314492919921875000e+03
2.501794299999999930e+04 1.314495971679687500e+03
2.501802600000000166e+04 1.314499389648437500e+03
2.501810900000000038e+04 1.314502929687500000e+03
2.501819199999999910e+04 1.314506835937500000e+03
2.501827500000000146e+04 1.314511840820312500e+03
2.501835800000000017e+04 1.314517211914062500e+03
2.501844099999999889e+04 1.314522827148437500e+03
2.501852400000000125e+04 1.314559814453125000e+03
2.501860699999999997e+04 1.314565551757812500e+03
2.501868999999999869e+04 1.314580566406250000e+03
2.501877300000000105e+04 1.314584838867187500e+03
2.501885599999999977e+04 1.314588500976562500e+03
2.501893899999999849e+04 1.314591552734375000e+03
2.501902200000000084e+04 1.314594970703125000e+03
2.501910499999999956e+04 1.314598510742187500e+03
2.501918799999999828e+04 1.314602416992187500e+03
2.501927100000000064e+04 1.314607421875000000e+03
2.501935399999999936e+04 1.314612792968750000e+03
2.501943700000000172e+04 1.314618408203125000e+03
2.501952000000000044e+04 1.314654541015625000e+03
2.501960299999999916e+04 1.314660400390625000e+03
2.501968600000000151e+04 1.314675170898437500e+03
2.501976900000000023e+04 1.314679443359375000e+03
2.501985199999999895e+04 1.314683105468750000e+03
2.501993500000000131e+04 1.314686157226562500e+03
