2.500009800000000178e+04 2.685801126062870026e-03
2.500018100000000049e+04 2.685809042304754257e-03
2.500026399999999921e+04 2.685823012143373489e-03
2.500034700000000157e+04 2.685836981981992722e-03
2.500043000000000029e+04 2.685850718989968300e-03
2.500051299999999901e+04 2.685863524675369263e-03
2.500059600000000137e+04 2.685899846255779266e-03
2.500067900000000009e+04 2.975922543555498123e-03
2.500076199999999881e+04 2.953965216875076294e-03
2.500084500000000116e+04 2.991651650518178940e-03
2.500092799999999988e+04 2.975690178573131561e-03
2.500101099999999860e+04 2.962574129924178123e-03
2.500109400000000096e+04 2.951165428385138512e-03
2.500117699999999968e+04 2.941237995401024818e-03
2.500125999999999840e+04 2.932600677013397217e-03
2.500134300000000076e+04 2.925088163465261459e-03
2.500142599999999948e+04 2.918558428063988686e-03
2.500150899999999820e+04 2.912889467552304268e-03
2.500159200000000055e+04 2.907992806285619736e-03
2.500167499999999927e+04 3.038037335500121117e-03
2.500175800000000163e+04 3.024649573490023613e-03
2.500184100000000035e+04 3.052101004868745804e-03
2.500192399999999907e+04 3.040119074285030365e-03
2.500200700000000143e+04 3.030062885954976082e-03
2.500209000000000015e+04 3.021325916051864624e-03
2.500217299999999886e+04 3.013741457834839821e-03
2.500225600000000122e+04 3.007166786119341850e-03
2.500233899999999994e+04 3.001476870849728584e-03
2.500242199999999866e+04 2.996563678607344627e-03
2.500250500000000102e+04 2.992333611473441124e-03
2.500258799999999974e+04 2.988722873851656914e-03
2.500267099999999846e+04 3.106413874775171280e-03
2.500275400000000081e+04 3.096302272751927376e-03
2.500283699999999953e+04 3.121601417660713196e-03
2.500291999999999825e+04 3.112269099801778793e-03
2.500300300000000061e+04 3.104337025433778763e-03
2.500308599999999933e+04 3.097459673881530762e-03
2.500316900000000169e+04 3.091506194323301315e-03
2.500325200000000041e+04 3.086365060880780220e-03
2.500333499999999913e+04 3.081938950344920158e-03
2.500341800000000148e+04 3.078142646700143814e-03
2.500350100000000020e+04 3.074902109801769257e-03
2.500358399999999892e+04 3.072171006351709366e-03
2.500366700000000128e+04 3.180098021402955055e-03
2.500375000000000000e+04 3.172231372445821762e-03
2.500383299999999872e+04 3.195755183696746826e-03
2.500391600000000108e+04 3.188273170962929726e-03
2.500399899999999980e+04 3.181837499141693115e-03
2.500408199999999852e+04 3.176269121468067169e-03
2.500416500000000087e+04 3.171462332829833031e-03
2.500424799999999959e+04 3.167326562106609344e-03
2.500433099999999831e+04 3.163783345371484756e-03
2.500441400000000067e+04 3.160762367770075798e-03
2.500449699999999939e+04 3.158203791826963425e-03
2.500458000000000175e+04 3.156072460114955902e-03
2.500466300000000047e+04 3.255955642089247704e-03
2.500474599999999919e+04 3.249684581533074379e-03
2.500482900000000154e+04 3.271689172834157944e-03
2.500491200000000026e+04 3.265534061938524246e-03
2.500499499999999898e+04 3.260176395997405052e-03
2.500507800000000134e+04 3.255547257140278816e-03
2.500516100000000006e+04 3.251559566706418991e-03
2.500524399999999878e+04 3.248137421905994415e-03
2.500532700000000114e+04 3.245215397328138351e-03
2.500540999999999985e+04 3.242735052481293678e-03
2.500549299999999857e+04 3.240645630285143852e-03
2.500557600000000093e+04 3.238917794078588486e-03
2.500565899999999965e+04 3.332014661282300949e-03
2.500574199999999837e+04 3.326890058815479279e-03
2.500582500000000073e+04 3.347557736560702324e-03
2.500590799999999945e+04 3.342371899634599686e-03
2.500599100000000180e+04 3.337802365422248840e-03
2.500607400000000052e+04 3.333855653181672096e-03
2.500615699999999924e+04 3.330458188429474831e-03
2.500624000000000160e+04 3.327545477077364922e-03
2.500632300000000032e+04 3.325061639770865440e-03
2.500640599999999904e+04 3.322957083582878113e-03
2.500648900000000140e+04 3.321188036352396011e-03
2.500657200000000012e+04 3.319732379168272018e-03
2.500665499999999884e+04 3.407031763345003128e-03
2.500673800000000119e+04 3.402747446671128273e-03
2.500682099999999991e+04 3.422227688133716583e-03
2.500690399999999863e+04 3.417758736759424210e-03
2.500698700000000099e+04 3.413770347833633423e-03
2.500706999999999971e+04 3.410322824493050575e-03
2.500715299999999843e+04 3.407352138310670853e-03
2.500723600000000079e+04 3.404802409932017326e-03
2.500731899999999951e+04 3.402625909075140953e-03
2.500740199999999822e+04 3.400779329240322113e-03
2.500748500000000058e+04 3.399224486202001572e-03
2.500756799999999930e+04 3.397944616153836250e-03
2.500765100000000166e+04 3.480228828266263008e-03
2.500773400000000038e+04 3.476565470919013023e-03
2.500781699999999910e+04 3.494983306154608727e-03
2.500790000000000146e+04 3.491023555397987366e-03
2.500798300000000017e+04 3.487468697130680084e-03
2.500806599999999889e+04 3.484389046207070351e-03
2.500814900000000125e+04 3.481728723272681236e-03
2.500823199999999997e+04 3.479439299553632736e-03
2.500831499999999869e+04 3.477477701380848885e-03
2.500839800000000105e+04 3.475806675851345062e-03
2.500848099999999977e+04 3.474392462521791458e-03
2.500856399999999849e+04 3.473222954198718071e-03
2.500864700000000084e+04 3.551135538145899773e-03
2.500872999999999956e+04 3.547948552295565605e-03
2.500881299999999828e+04 3.565421095117926598e-03
2.500889600000000064e+04 3.561889054253697395e-03
2.500897899999999936e+04 3.558654105290770531e-03
2.500906200000000172e+04 3.555841511115431786e-03
2.500914500000000044e+04 3.553402144461870193e-03
2.500922799999999916e+04 3.551292000338435173e-03
2.500931100000000151e+04 3.549473825842142105e-03
2.500939400000000023e+04 3.547914093360304832e-03
2.500947699999999895e+04 3.546582534909248352e-03
2.500956000000000131e+04 3.545466344803571701e-03
2.500964300000000003e+04 3.619526978582143784e-03
2.500972599999999875e+04 3.616683650761842728e-03
2.500980900000000111e+04 3.633295418694615364e-03
2.500989199999999983e+04 3.630062332376837730e-03
2.500997499999999854e+04 3.627063706517219543e-03
2.501005800000000090e+04 3.624444594606757164e-03
2.501014099999999962e+04 3.613218665122985840e-03
2.501022399999999834e+04 3.611235879361629486e-03
2.501030700000000070e+04 3.609514562413096428e-03
2.501038999999999942e+04 3.608024213463068008e-03
2.501047300000000178e+04 3.606738755479454994e-03
2.501055600000000049e+04 3.605647245422005653e-03
2.501063899999999921e+04 3.676117863506078720e-03
2.501072200000000157e+04 3.673536935821175575e-03
2.501080500000000029e+04 3.689325181767344475e-03
2.501088799999999901e+04 3.686323994770646095e-03
2.501097100000000137e+04 3.683506743982434273e-03
2.501105400000000009e+04 3.681032219901680946e-03
2.501113699999999881e+04 3.678860608488321304e-03
2.501122000000000116e+04 3.676956053823232651e-03
2.501130299999999988e+04 3.675288520753383636e-03
2.501138599999999860e+04 3.673830302432179451e-03
2.501146900000000096e+04 3.672557184472680092e-03
2.501155199999999968e+04 3.671461483463644981e-03
2.501163499999999840e+04 3.738935571163892746e-03
2.501171800000000076e+04 3.736542537808418274e-03
2.501180099999999948e+04 3.751627169549465179e-03
2.501188399999999820e+04 3.748790826648473740e-03
2.501196700000000055e+04 3.746098605915904045e-03
2.501204999999999927e+04 3.743719775229692459e-03
2.501213300000000163e+04 3.741617547348141670e-03
2.501221600000000035e+04 3.739759558811783791e-03
2.501229899999999907e+04 3.738117637112736702e-03
2.501238200000000143e+04 3.736666869372129440e-03
2.501246500000000015e+04 3.735385369509458542e-03
2.501254799999999886e+04 3.734266851097345352e-03
2.501263100000000122e+04 3.799074329435825348e-03
2.501271399999999994e+04 3.796818433329463005e-03
2.501279699999999866e+04 3.811270697042346001e-03
2.501288000000000102e+04 3.808555426076054573e-03
2.501296299999999974e+04 3.805951913818717003e-03
2.501304599999999846e+04 3.803636878728866577e-03
2.501312900000000081e+04 3.801576793193817139e-03
2.501321199999999953e+04 3.799741389229893684e-03
2.501329499999999825e+04 3.798104822635650635e-03
2.501337800000000061e+04 3.796644276008009911e-03
2.501346099999999933e+04 3.795338794589042664e-03
2.501354400000000169e+04 3.794180229306221008e-03
2.501362700000000041e+04 3.856592578813433647e-03
2.501370999999999913e+04 3.854446113109588623e-03
2.501379300000000148e+04 3.868317231535911560e-03
2.501387600000000020e+04 3.865689504891633987e-03
2.501395899999999892e+04 3.863147227093577385e-03
2.501404200000000128e+04 3.860872238874435425e-03
2.501412500000000000e+04 3.858833573758602142e-03
2.501420799999999872e+04 3.857003059238195419e-03
2.501429100000000108e+04 3.855356946587562561e-03
2.501437399999999980e+04 3.853873582556843758e-03
2.501445699999999852e+04 3.852534107863903046e-03
2.501454000000000087e+04 3.851331304758787155e-03
2.501462299999999959e+04 3.911608364433050156e-03
2.501470599999999831e+04 3.909531515091657639e-03
2.501478900000000067e+04 3.922873176634311676e-03
2.501487199999999939e+04 3.920306917279958725e-03
2.501495500000000175e+04 3.917804919183254242e-03
2.501503800000000047e+04 3.915552049875259399e-03
2.501512099999999919e+04 3.913519438356161118e-03
2.501520400000000154e+04 3.911681007593870163e-03
2.501528700000000026e+04 3.910014405846595764e-03
2.501536999999999898e+04 3.908499609678983688e-03
2.501545300000000134e+04 3.907118923962116241e-03
2.501553600000000006e+04 3.905866062268614769e-03
2.501561899999999878e+04 3.964223898947238922e-03
2.501570200000000114e+04 3.962193615734577179e-03
2.501578499999999985e+04 3.975052386522293091e-03
2.501586799999999857e+04 3.972528036683797836e-03
2.501595100000000093e+04 3.970049787312746048e-03
2.501603399999999965e+04 3.967805765569210052e-03
2.501611699999999837e+04 3.965768497437238693e-03
2.501620000000000073e+04 3.963912837207317352e-03
2.501628299999999945e+04 3.962218295782804489e-03
2.501636600000000180e+04 3.960666246712207794e-03
2.501644900000000052e+04 3.959239460527896881e-03
2.501653199999999924e+04 3.957933280616998672e-03
2.501661500000000160e+04 4.014560021460056305e-03
2.501669800000000032e+04 4.012559540569782257e-03
2.501678099999999904e+04 4.024983849376440048e-03
2.501686400000000140e+04 4.022486507892608643e-03
2.501694700000000012e+04 4.020020365715026855e-03
2.501702999999999884e+04 4.017774481326341629e-03
2.501711300000000119e+04 4.015723709017038345e-03
2.501719599999999991e+04 4.013844765722751617e-03
2.501727899999999863e+04 4.012117162346839905e-03
2.501736200000000099e+04 4.010523669421672821e-03
2.501744499999999971e+04 4.009048454463481903e-03
2.501752799999999843e+04 4.007682204246520996e-03
2.501761100000000079e+04 4.062729887664318085e-03
2.501769399999999951e+04 4.060757812112569809e-03
2.501777699999999822e+04 4.072777926921844482e-03
2.501786000000000058e+04 4.070295952260494232e-03
2.501794299999999930e+04 4.067832138389348984e-03
2.501802600000000166e+04 4.065577406436204910e-03
2.501810900000000038e+04 4.063508007675409317e-03
2.501819199999999910e+04 4.061600659042596817e-03
2.501827500000000146e+04 4.059836268424987793e-03
2.501835800000000017e+04 4.058199469000101089e-03
2.501844099999999889e+04 4.056674428284168243e-03
2.501852400000000125e+04 4.055252764374017715e-03
2.501860699999999997e+04 4.108880180865526199e-03
2.501868999999999869e+04 4.106915555894374847e-03
2.501877300000000105e+04 4.118564538657665253e-03
2.501885599999999977e+04 4.116089083254337311e-03
2.501893899999999849e+04 4.113621078431606293e-03
2.501902200000000084e+04 4.111352376639842987e-03
2.501910499999999956e+04 4.109259229153394699e-03
2.501918799999999828e+04 4.107320681214332581e-03
2.501927100000000064e+04 4.105518572032451630e-03
2.501935399999999936e+04 4.103837069123983383e-03
2.501943700000000172e+04 4.102261736989021301e-03
2.501952000000000044e+04 4.100785125046968460e-03
2.501960299999999916e+04 4.153120797127485275e-03
2.501968600000000151e+04 4.151156172156333923e-03
2.501976900000000023e+04 4.162464290857315063e-03
2.501985199999999895e+04 4.159988835453987122e-03
2.501993500000000131e+04 4.157511983066797256e-03
