2.500009800000000178e+04 2.639844547957181931e-03
2.500018100000000049e+04 2.639853162690997124e-03
2.500026399999999921e+04 2.639867365360260010e-03
2.500034700000000157e+04 2.639881800860166550e-03
2.500043000000000029e+04 2.639895537868142128e-03
2.500051299999999901e+04 2.639908576384186745e-03
2.500059600000000137e+04 2.639944897964596748e-03
2.500067900000000009e+04 2.930633723735809326e-03
2.500076199999999881e+04 2.908641239628195763e-03
2.500084500000000116e+04 2.946405205875635147e-03
2.500092799999999988e+04 2.930410671979188919e-03
2.500101099999999860e+04 2.917263889685273170e-03
2.500109400000000096e+04 2.905827946960926056e-03
2.500117699999999968e+04 2.895877230912446976e-03
2.500125999999999840e+04 2.887219656258821487e-03
2.500134300000000076e+04 2.879689447581768036e-03
2.500142599999999948e+04 2.873144578188657761e-03
2.500150899999999820e+04 2.867462346330285072e-03
2.500159200000000055e+04 2.862554509192705154e-03
2.500167499999999927e+04 2.992897061631083488e-03
2.500175800000000163e+04 2.979485783725976944e-03
2.500184100000000035e+04 3.006996819749474525e-03
2.500192399999999907e+04 2.994992537423968315e-03
2.500200700000000143e+04 2.984915394335985184e-03
2.500209000000000015e+04 2.976160263642668724e-03
2.500217299999999886e+04 2.968559274449944496e-03
2.500225600000000122e+04 2.961968304589390755e-03
2.500233899999999994e+04 2.956263953819870949e-03
2.500242199999999866e+04 2.951337723061442375e-03
2.500250500000000102e+04 2.947096945717930794e-03
2.500258799999999974e+04 2.943477593362331390e-03
2.500267099999999846e+04 3.061442868784070015e-03
2.500275400000000081e+04 3.051314735785126686e-03
2.500283699999999953e+04 3.076668828725814819e-03
2.500291999999999825e+04 3.067318582907319069e-03
2.500300300000000061e+04 3.059368580579757690e-03
2.500308599999999933e+04 3.052475862205028534e-03
2.500316900000000169e+04 3.046509344130754471e-03
2.500325200000000041e+04 3.041357034817337990e-03
2.500333499999999913e+04 3.036921378225088120e-03
2.500341800000000148e+04 3.033117158338427544e-03
2.500350100000000020e+04 3.029870102182030678e-03
2.500358399999999892e+04 3.027133410796523094e-03
2.500366700000000128e+04 3.135309787467122078e-03
2.500375000000000000e+04 3.127431496977806091e-03
2.500383299999999872e+04 3.151006996631622314e-03
2.500391600000000108e+04 3.143511014059185982e-03
2.500399899999999980e+04 3.137061372399330139e-03
2.500408199999999852e+04 3.131480887532234192e-03
2.500416500000000087e+04 3.126663854345679283e-03
2.500424799999999959e+04 3.122519468888640404e-03
2.500433099999999831e+04 3.118969034403562546e-03
2.500441400000000067e+04 3.115942236036062241e-03
2.500449699999999939e+04 3.113378537818789482e-03
2.500458000000000175e+04 3.111243247985839844e-03
2.500466300000000047e+04 3.211356699466705322e-03
2.500474599999999919e+04 3.205077722668647766e-03
2.500482900000000154e+04 3.227131441235542297e-03
2.500491200000000026e+04 3.220964921638369560e-03
2.500499499999999898e+04 3.215595846995711327e-03
2.500507800000000134e+04 3.210956929251551628e-03
2.500516100000000006e+04 3.206960856914520264e-03
2.500524399999999878e+04 3.203531727194786072e-03
2.500532700000000114e+04 3.200604114681482315e-03
2.500540999999999985e+04 3.198119113221764565e-03
2.500549299999999857e+04 3.196025965735316277e-03
2.500557600000000093e+04 3.194295102730393410e-03
2.500565899999999965e+04 3.287606406956911087e-03
2.500574199999999837e+04 3.282476216554641724e-03
2.500582500000000073e+04 3.303190227597951889e-03
2.500590799999999945e+04 3.297995310276746750e-03
2.500599100000000180e+04 3.293415997177362442e-03
2.500607400000000052e+04 3.289461135864257812e-03
2.500615699999999924e+04 3.286056686192750931e-03
2.500624000000000160e+04 3.283138386905193329e-03
2.500632300000000032e+04 3.280649892985820770e-03
2.500640599999999904e+04 3.278541611507534981e-03
2.500648900000000140e+04 3.276769537478685379e-03
2.500657200000000012e+04 3.275311551988124847e-03
2.500665499999999884e+04 3.362811869010329247e-03
2.500673800000000119e+04 3.358523361384868622e-03
2.500682099999999991e+04 3.378047607839107513e-03
2.500690399999999863e+04 3.373570740222930908e-03
2.500698700000000099e+04 3.369574202224612236e-03
2.500706999999999971e+04 3.366119693964719772e-03
2.500715299999999843e+04 3.363142954185605049e-03
2.500723600000000079e+04 3.360588569194078445e-03
2.500731899999999951e+04 3.358408110216259956e-03
2.500740199999999822e+04 3.356558270752429962e-03
2.500748500000000058e+04 3.355001099407672882e-03
2.500756799999999930e+04 3.353719366714358330e-03
2.500765100000000166e+04 3.436192404478788376e-03
2.500773400000000038e+04 3.432526253163814545e-03
2.500781699999999910e+04 3.450962249189615250e-03
2.500790000000000146e+04 3.447023686021566391e-03
2.500798300000000017e+04 3.443461377173662186e-03
2.500806599999999889e+04 3.440375672653317451e-03
2.500814900000000125e+04 3.437709994614124298e-03
2.500823199999999997e+04 3.435416147112846375e-03
2.500831499999999869e+04 3.433451289311051369e-03
2.500839800000000105e+04 3.431777469813823700e-03
2.500848099999999977e+04 3.430361161008477211e-03
2.500856399999999849e+04 3.429189557209610939e-03
2.500864700000000084e+04 3.507280722260475159e-03
2.500872999999999956e+04 3.504091873764991760e-03
2.500881299999999828e+04 3.521603764966130257e-03
2.500889600000000064e+04 3.518065903335809708e-03
2.500897899999999936e+04 3.514824202284216881e-03
2.500906200000000172e+04 3.512005787342786789e-03
2.500914500000000044e+04 3.509561531245708466e-03
2.500922799999999916e+04 3.507447661831974983e-03
2.500931100000000151e+04 3.505626227706670761e-03
2.500939400000000023e+04 3.504063934087753296e-03
2.500947699999999895e+04 3.502730280160903931e-03
2.500956000000000131e+04 3.501612460240721703e-03
2.500964300000000003e+04 3.575842594727873802e-03
2.500972599999999875e+04 3.572997869923710823e-03
2.500980900000000111e+04 3.589647123590111732e-03
2.500989199999999983e+04 3.586408682167530060e-03
2.500997499999999854e+04 3.583403769880533218e-03
2.501005800000000090e+04 3.580779302865266800e-03
2.501014099999999962e+04 3.569594118744134903e-03
2.501022399999999834e+04 3.567607607692480087e-03
2.501030700000000070e+04 3.565883263945579529e-03
2.501038999999999942e+04 3.564390586689114571e-03
2.501047300000000178e+04 3.563102800399065018e-03
2.501055600000000049e+04 3.562009660527110100e-03
2.501063899999999921e+04 3.632641630247235298e-03
2.501072200000000157e+04 3.630060004070401192e-03
2.501080500000000029e+04 3.645883873105049133e-03
2.501088799999999901e+04 3.642877563834190369e-03
2.501097100000000137e+04 3.640054259449243546e-03
2.501105400000000009e+04 3.637574845924973488e-03
2.501113699999999881e+04 3.635398810729384422e-03
2.501122000000000116e+04 3.633490763604640961e-03
2.501130299999999988e+04 3.631820203736424446e-03
2.501138599999999860e+04 3.630359424278140068e-03
2.501146900000000096e+04 3.629084443673491478e-03
2.501155199999999968e+04 3.627986880019307137e-03
2.501163499999999840e+04 3.695615334436297417e-03
2.501171800000000076e+04 3.693221602588891983e-03
2.501180099999999948e+04 3.708340227603912354e-03
2.501188399999999820e+04 3.705498995259404182e-03
2.501196700000000055e+04 3.702801186591386795e-03
2.501204999999999927e+04 3.700417466461658478e-03
2.501213300000000163e+04 3.698310814797878265e-03
2.501221600000000035e+04 3.696449333801865578e-03
2.501229899999999907e+04 3.694804385304450989e-03
2.501238200000000143e+04 3.693351289257407188e-03
2.501246500000000015e+04 3.692067693918943405e-03
2.501254799999999886e+04 3.690947312861680984e-03
2.501263100000000122e+04 3.755902405828237534e-03
2.501271399999999994e+04 3.753646044060587883e-03
2.501279699999999866e+04 3.768130904063582420e-03
2.501288000000000102e+04 3.765410743653774261e-03
2.501296299999999974e+04 3.762802109122276306e-03
2.501304599999999846e+04 3.760482184588909149e-03
2.501312900000000081e+04 3.758417908102273941e-03
2.501321199999999953e+04 3.756578778848052025e-03
2.501329499999999825e+04 3.754939185455441475e-03
2.501337800000000061e+04 3.753476077690720558e-03
2.501346099999999933e+04 3.752168500795960426e-03
2.501354400000000169e+04 3.751007840037345886e-03
2.501362700000000041e+04 3.813562449067831039e-03
2.501370999999999913e+04 3.811415517702698708e-03
2.501379300000000148e+04 3.825317835435271263e-03
2.501387600000000020e+04 3.822685219347476959e-03
2.501395899999999892e+04 3.820137819275259972e-03
2.501404200000000128e+04 3.817857941612601280e-03
2.501412500000000000e+04 3.815815085545182228e-03
2.501420799999999872e+04 3.813981078565120697e-03
2.501429100000000108e+04 3.812331473454833031e-03
2.501437399999999980e+04 3.810845548287034035e-03
2.501445699999999852e+04 3.809503745287656784e-03
2.501454000000000087e+04 3.808298846706748009e-03
2.501462299999999959e+04 3.868713043630123138e-03
2.501470599999999831e+04 3.866635495796799660e-03
2.501478900000000067e+04 3.880007192492485046e-03
2.501487199999999939e+04 3.877436509355902672e-03
2.501495500000000175e+04 3.874928923323750496e-03
2.501503800000000047e+04 3.872671397402882576e-03
2.501512099999999919e+04 3.870634594932198524e-03
2.501520400000000154e+04 3.868792438879609108e-03
2.501528700000000026e+04 3.867122577503323555e-03
2.501536999999999898e+04 3.865605220198631287e-03
2.501545300000000134e+04 3.864221740514039993e-03
2.501553600000000006e+04 3.862966550514101982e-03
2.501561899999999878e+04 3.921457100659608841e-03
2.501570200000000114e+04 3.919426351785659790e-03
2.501578499999999985e+04 3.932313527911901474e-03
2.501586799999999857e+04 3.929784987121820450e-03
2.501595100000000093e+04 3.927301615476608276e-03
2.501603399999999965e+04 3.925052471458911896e-03
2.501611699999999837e+04 3.923010546714067459e-03
2.501620000000000073e+04 3.921151161193847656e-03
2.501628299999999945e+04 3.919453360140323639e-03
2.501636600000000180e+04 3.917898051440715790e-03
2.501644900000000052e+04 3.916468936949968338e-03
2.501653199999999924e+04 3.915160428732633591e-03
2.501661500000000160e+04 3.971915226429700851e-03
2.501669800000000032e+04 3.969914279878139496e-03
2.501678099999999904e+04 3.982366528362035751e-03
2.501686400000000140e+04 3.979864530265331268e-03
2.501694700000000012e+04 3.977392800152301788e-03
2.501702999999999884e+04 3.975142259150743484e-03
2.501711300000000119e+04 3.973087295889854431e-03
2.501719599999999991e+04 3.971204161643981934e-03
2.501727899999999863e+04 3.969472832977771759e-03
2.501736200000000099e+04 3.967876546084880829e-03
2.501744499999999971e+04 3.966398071497678757e-03
2.501752799999999843e+04 3.965029492974281311e-03
2.501761100000000079e+04 4.020201973617076874e-03
2.501769399999999951e+04 4.018228966742753983e-03
2.501777699999999822e+04 4.030275624245405197e-03
2.501786000000000058e+04 4.027788992971181870e-03
2.501794299999999930e+04 4.025320056825876236e-03
2.501802600000000166e+04 4.023060668259859085e-03
2.501810900000000038e+04 4.020986147224903107e-03
2.501819199999999910e+04 4.019074607640504837e-03
2.501827500000000146e+04 4.017307423055171967e-03
2.501835800000000017e+04 4.015667364001274109e-03
2.501844099999999889e+04 4.014139063656330109e-03
2.501852400000000125e+04 4.012714605778455734e-03
2.501860699999999997e+04 4.066463094204664230e-03
2.501868999999999869e+04 4.064497537910938263e-03
2.501877300000000105e+04 4.076172597706317902e-03
2.501885599999999977e+04 4.073692485690116882e-03
2.501893899999999849e+04 4.071219358593225479e-03
2.501902200000000084e+04 4.068945534527301788e-03
2.501910499999999956e+04 4.066847730427980423e-03
2.501918799999999828e+04 4.064904991537332535e-03
2.501927100000000064e+04 4.063098691403865814e-03
2.501935399999999936e+04 4.061413928866386414e-03
2.501943700000000172e+04 4.059835337102413177e-03
2.501952000000000044e+04 4.058355931192636490e-03
2.501960299999999916e+04 4.110809881240129471e-03
2.501968600000000151e+04 4.108843859285116196e-03
2.501976900000000023e+04 4.120177589356899261e-03
2.501985199999999895e+04 4.117697477340698242e-03
2.501993500000000131e+04 4.115215037018060684e-03
