2.500009800000000178e+04 0.000000000000000000e+00
2.500018100000000049e+04 0.000000000000000000e+00
2.500026399999999921e+04 0.000000000000000000e+00
2.500034700000000157e+04 0.000000000000000000e+00
2.500043000000000029e+04 0.000000000000000000e+00
2.500051299999999901e+04 7.095209503173828125e+01
2.500059600000000137e+04 1.793860778808593750e+02
2.500067900000000009e+04 1.360811614990234375e+02
2.500076199999999881e+04 9.242585301399230957e-01
2.500084500000000116e+04 0.000000000000000000e+00
2.500092799999999988e+04 0.000000000000000000e+00
2.500101099999999860e+04 0.000000000000000000e+00
2.500109400000000096e+04 0.000000000000000000e+00
2.500117699999999968e+04 0.000000000000000000e+00
2.500125999999999840e+04 0.000000000000000000e+00
2.500134300000000076e+04 0.000000000000000000e+00
2.500142599999999948e+04 0.000000000000000000e+00
2.500150899999999820e+04 4.896047592163085938e+01
2.500159200000000055e+04 1.677281494140625000e+02
2.500167499999999927e+04 1.329363250732421875e+02
2.500175800000000163e+04 1.454298257827758789e+00
2.500184100000000035e+04 0.000000000000000000e+00
2.500192399999999907e+04 0.000000000000000000e+00
2.500200700000000143e+04 0.000000000000000000e+00
2.500209000000000015e+04 0.000000000000000000e+00
2.500217299999999886e+04 0.000000000000000000e+00
2.500225600000000122e+04 0.000000000000000000e+00
2.500233899999999994e+04 0.000000000000000000e+00
2.500242199999999866e+04 0.000000000000000000e+00
2.500250500000000102e+04 4.943483734130859375e+01
2.500258799999999974e+04 1.728426818847656250e+02
2.500267099999999846e+04 1.351577911376953125e+02
2.500275400000000081e+04 1.571131706237792969e+00
2.500283699999999953e+04 0.000000000000000000e+00
2.500291999999999825e+04 0.000000000000000000e+00
2.500300300000000061e+04 0.000000000000000000e+00
2.500308599999999933e+04 0.000000000000000000e+00
2.500316900000000169e+04 0.000000000000000000e+00
2.500325200000000041e+04 0.000000000000000000e+00
2.500333499999999913e+04 0.000000000000000000e+00
2.500341800000000148e+04 0.000000000000000000e+00
2.500350100000000020e+04 5.574128723144531250e+01
2.500358399999999892e+04 1.764285125732421875e+02
2.500366700000000128e+04 1.365387725830078125e+02
2.500375000000000000e+04 1.982167005538940430e+00
2.500383299999999872e+04 0.000000000000000000e+00
2.500391600000000108e+04 0.000000000000000000e+00
2.500399899999999980e+04 0.000000000000000000e+00
2.500408199999999852e+04 0.000000000000000000e+00
2.500416500000000087e+04 0.000000000000000000e+00
2.500424799999999959e+04 0.000000000000000000e+00
2.500433099999999831e+04 0.000000000000000000e+00
2.500441400000000067e+04 0.000000000000000000e+00
2.500449699999999939e+04 6.074725723266601562e+01
2.500458000000000175e+04 1.775696868896484375e+02
2.500466300000000047e+04 1.631891326904296875e+02
2.500474599999999919e+04 3.077014732360839844e+01
2.500482900000000154e+04 0.000000000000000000e+00
2.500491200000000026e+04 0.000000000000000000e+00
2.500499499999999898e+04 0.000000000000000000e+00
2.500507800000000134e+04 0.000000000000000000e+00
2.500516100000000006e+04 0.000000000000000000e+00
2.500524399999999878e+04 0.000000000000000000e+00
2.500532700000000114e+04 0.000000000000000000e+00
2.500540999999999985e+04 0.000000000000000000e+00
2.500549299999999857e+04 4.584803390502929688e+01
2.500557600000000093e+04 1.539987640380859375e+02
2.500565899999999965e+04 1.632245330810546875e+02
2.500574199999999837e+04 3.099342155456542969e+01
2.500582500000000073e+04 0.000000000000000000e+00
2.500590799999999945e+04 0.000000000000000000e+00
2.500599100000000180e+04 0.000000000000000000e+00
2.500607400000000052e+04 0.000000000000000000e+00
2.500615699999999924e+04 0.000000000000000000e+00
2.500624000000000160e+04 0.000000000000000000e+00
2.500632300000000032e+04 0.000000000000000000e+00
2.500640599999999904e+04 0.000000000000000000e+00
2.500648900000000140e+04 4.986552810668945312e+01
2.500657200000000012e+04 1.569092254638671875e+02
2.500665499999999884e+04 1.640471801757812500e+02
2.500673800000000119e+04 3.161848640441894531e+01
2.500682099999999991e+04 6.709223613142967224e-03
2.500690399999999863e+04 0.000000000000000000e+00
2.500698700000000099e+04 0.000000000000000000e+00
2.500706999999999971e+04 0.000000000000000000e+00
2.500715299999999843e+04 0.000000000000000000e+00
2.500723600000000079e+04 0.000000000000000000e+00
2.500731899999999951e+04 0.000000000000000000e+00
2.500740199999999822e+04 0.000000000000000000e+00
2.500748500000000058e+04 5.010792922973632812e+01
2.500756799999999930e+04 1.575013427734375000e+02
2.500765100000000166e+04 1.649588775634765625e+02
2.500773400000000038e+04 3.215338134765625000e+01
2.500781699999999910e+04 4.108672589063644409e-02
2.500790000000000146e+04 0.000000000000000000e+00
2.500798300000000017e+04 0.000000000000000000e+00
2.500806599999999889e+04 0.000000000000000000e+00
2.500814900000000125e+04 0.000000000000000000e+00
2.500823199999999997e+04 0.000000000000000000e+00
2.500831499999999869e+04 0.000000000000000000e+00
2.500839800000000105e+04 0.000000000000000000e+00
2.500848099999999977e+04 5.328929901123046875e+01
2.500856399999999849e+04 1.585735626220703125e+02
2.500864700000000084e+04 1.926912994384765625e+02
2.500872999999999956e+04 6.535863494873046875e+01
2.500881299999999828e+04 1.958025395870208740e-01
2.500889600000000064e+04 0.000000000000000000e+00
2.500897899999999936e+04 0.000000000000000000e+00
2.500906200000000172e+04 0.000000000000000000e+00
2.500914500000000044e+04 0.000000000000000000e+00
2.500922799999999916e+04 0.000000000000000000e+00
2.500931100000000151e+04 0.000000000000000000e+00
2.500939400000000023e+04 0.000000000000000000e+00
2.500947699999999895e+04 3.896297073364257812e+01
2.500956000000000131e+04 1.303320159912109375e+02
2.500964300000000003e+04 1.774363708496093750e+02
2.500972599999999875e+04 6.181741714477539062e+01
2.500980900000000111e+04 2.112076878547668457e-01
2.500989199999999983e+04 0.000000000000000000e+00
2.500997499999999854e+04 0.000000000000000000e+00
2.501005800000000090e+04 0.000000000000000000e+00
2.501014099999999962e+04 0.000000000000000000e+00
2.501022399999999834e+04 0.000000000000000000e+00
2.501030700000000070e+04 0.000000000000000000e+00
2.501038999999999942e+04 0.000000000000000000e+00
2.501047300000000178e+04 3.911388397216796875e+01
2.501055600000000049e+04 1.303614501953125000e+02
2.501063899999999921e+04 1.779331359863281250e+02
2.501072200000000157e+04 6.218441009521484375e+01
2.501080500000000029e+04 2.537285685539245605e-01
2.501088799999999901e+04 0.000000000000000000e+00
2.501097100000000137e+04 0.000000000000000000e+00
2.501105400000000009e+04 0.000000000000000000e+00
2.501113699999999881e+04 0.000000000000000000e+00
2.501122000000000116e+04 0.000000000000000000e+00
2.501130299999999988e+04 0.000000000000000000e+00
2.501138599999999860e+04 0.000000000000000000e+00
2.501146900000000096e+04 3.924973678588867188e+01
2.501155199999999968e+04 1.322886199951171875e+02
2.501163499999999840e+04 1.784100952148437500e+02
2.501171800000000076e+04 6.251307296752929688e+01
2.501180099999999948e+04 2.903873324394226074e-01
2.501188399999999820e+04 0.000000000000000000e+00
2.501196700000000055e+04 0.000000000000000000e+00
2.501204999999999927e+04 0.000000000000000000e+00
2.501213300000000163e+04 0.000000000000000000e+00
2.501221600000000035e+04 0.000000000000000000e+00
2.501229899999999907e+04 0.000000000000000000e+00
2.501238200000000143e+04 0.000000000000000000e+00
2.501246500000000015e+04 3.937067794799804688e+01
2.501254799999999886e+04 1.327149353027343750e+02
2.501263100000000122e+04 1.792596435546875000e+02
2.501271399999999994e+04 9.439463043212890625e+01
2.501279699999999866e+04 1.389884591102600098e+00
2.501288000000000102e+04 0.000000000000000000e+00
2.501296299999999974e+04 0.000000000000000000e+00
2.501304599999999846e+04 0.000000000000000000e+00
2.501312900000000081e+04 0.000000000000000000e+00
2.501321199999999953e+04 0.000000000000000000e+00
2.501329499999999825e+04 0.000000000000000000e+00
2.501337800000000061e+04 0.000000000000000000e+00
2.501346099999999933e+04 2.592370033264160156e+01
2.501354400000000169e+04 1.124018936157226562e+02
2.501362700000000041e+04 1.809077758789062500e+02
2.501370999999999913e+04 9.289024353027343750e+01
2.501379300000000148e+04 1.507147669792175293e+00
2.501387600000000020e+04 0.000000000000000000e+00
2.501395899999999892e+04 0.000000000000000000e+00
2.501404200000000128e+04 0.000000000000000000e+00
2.501412500000000000e+04 0.000000000000000000e+00
2.501420799999999872e+04 0.000000000000000000e+00
2.501429100000000108e+04 0.000000000000000000e+00
2.501437399999999980e+04 0.000000000000000000e+00
2.501445699999999852e+04 2.600337600708007812e+01
2.501454000000000087e+04 1.125985641479492188e+02
2.501462299999999959e+04 1.823081512451171875e+02
2.501470599999999831e+04 9.315990447998046875e+01
2.501478900000000067e+04 1.610584020614624023e+00
2.501487199999999939e+04 0.000000000000000000e+00
2.501495500000000175e+04 0.000000000000000000e+00
2.501503800000000047e+04 0.000000000000000000e+00
2.501512099999999919e+04 0.000000000000000000e+00
2.501520400000000154e+04 0.000000000000000000e+00
2.501528700000000026e+04 0.000000000000000000e+00
2.501536999999999898e+04 0.000000000000000000e+00
2.501545300000000134e+04 2.607544517517089844e+01
2.501553600000000006e+04 1.127837066650390625e+02
2.501561899999999878e+04 1.826842041015625000e+02
2.501570200000000114e+04 9.340244293212890625e+01
2.501578499999999985e+04 1.702246665954589844e+00
2.501586799999999857e+04 0.000000000000000000e+00
2.501595100000000093e+04 0.000000000000000000e+00
2.501603399999999965e+04 0.000000000000000000e+00
2.501611699999999837e+04 0.000000000000000000e+00
2.501620000000000073e+04 0.000000000000000000e+00
2.501628299999999945e+04 0.000000000000000000e+00
2.501636600000000180e+04 0.000000000000000000e+00
2.501644900000000052e+04 2.817574691772460938e+01
2.501653199999999924e+04 1.135134658813476562e+02
2.501661500000000160e+04 1.833371124267578125e+02
2.501669800000000032e+04 1.244570007324218750e+02
2.501678099999999904e+04 3.372917890548706055e+00
2.501686400000000140e+04 0.000000000000000000e+00
2.501694700000000012e+04 0.000000000000000000e+00
2.501702999999999884e+04 0.000000000000000000e+00
2.501711300000000119e+04 0.000000000000000000e+00
2.501719599999999991e+04 0.000000000000000000e+00
2.501727899999999863e+04 0.000000000000000000e+00
2.501736200000000099e+04 0.000000000000000000e+00
2.501744499999999971e+04 1.212895584106445312e+01
2.501752799999999843e+04 9.414142608642578125e+01
2.501761100000000079e+04 1.865137786865234375e+02
2.501769399999999951e+04 1.205634613037109375e+02
2.501777699999999822e+04 3.466617345809936523e+00
2.501786000000000058e+04 0.000000000000000000e+00
2.501794299999999930e+04 0.000000000000000000e+00
2.501802600000000166e+04 0.000000000000000000e+00
2.501810900000000038e+04 0.000000000000000000e+00
2.501819199999999910e+04 0.000000000000000000e+00
2.501827500000000146e+04 0.000000000000000000e+00
2.501835800000000017e+04 0.000000000000000000e+00
2.501844099999999889e+04 1.215977478027343750e+01
2.501852400000000125e+04 9.427276611328125000e+01
2.501860699999999997e+04 1.862824249267578125e+02
2.501868999999999869e+04 1.208256530761718750e+02
2.501877300000000105e+04 3.548041820526123047e+00
2.501885599999999977e+04 0.000000000000000000e+00
2.501893899999999849e+04 0.000000000000000000e+00
2.501902200000000084e+04 0.000000000000000000e+00
2.501910499999999956e+04 0.000000000000000000e+00
2.501918799999999828e+04 0.000000000000000000e+00
2.501927100000000064e+04 0.000000000000000000e+00
2.501935399999999936e+04 0.000000000000000000e+00
2.501943700000000172e+04 1.218904113769531250e+01
2.501952000000000044e+04 9.439629364013671875e+01
2.501960299999999916e+04 1.868122253417968750e+02
2.501968600000000151e+04 1.212341613769531250e+02
2.501976900000000023e+04 3.622035264968872070e+00
2.501985199999999895e+04 0.000000000000000000e+00
2.501993500000000131e+04 0.000000000000000000e+00
