2.500009800000000178e+04 6.455795898437500000e+02
2.500018100000000049e+04 6.455888671875000000e+02
2.500026399999999921e+04 6.455994262695312500e+02
2.500034700000000157e+04 6.456099853515625000e+02
2.500043000000000029e+04 6.456180419921875000e+02
2.500051299999999901e+04 6.456093139648437500e+02
2.500059600000000137e+04 6.455524902343750000e+02
2.500067900000000009e+04 6.455177612304687500e+02
2.500076199999999881e+04 6.455241088867187500e+02
2.500084500000000116e+04 6.455322875976562500e+02
2.500092799999999988e+04 6.455396728515625000e+02
2.500101099999999860e+04 6.455479125976562500e+02
2.500109400000000096e+04 6.455562133789062500e+02
2.500117699999999968e+04 6.455650634765625000e+02
2.500125999999999840e+04 6.455755004882812500e+02
2.500134300000000076e+04 6.455866088867187500e+02
2.500142599999999948e+04 6.455949096679687500e+02
2.500150899999999820e+04 6.455886840820312500e+02
2.500159200000000055e+04 6.455362548828125000e+02
2.500167499999999927e+04 6.455014648437500000e+02
2.500175800000000163e+04 6.455078735351562500e+02
2.500184100000000035e+04 6.455161132812500000e+02
2.500192399999999907e+04 6.455233764648437500e+02
2.500200700000000143e+04 6.455316772460937500e+02
2.500209000000000015e+04 6.455400390625000000e+02
2.500217299999999886e+04 6.455488891601562500e+02
2.500225600000000122e+04 6.455593261718750000e+02
2.500233899999999994e+04 6.455704345703125000e+02
2.500242199999999866e+04 6.455787353515625000e+02
2.500250500000000102e+04 6.455724487304687500e+02
2.500258799999999974e+04 6.455197753906250000e+02
2.500267099999999846e+04 6.454849243164062500e+02
2.500275400000000081e+04 6.454912109375000000e+02
2.500283699999999953e+04 6.454994506835937500e+02
2.500291999999999825e+04 6.455068359375000000e+02
2.500300300000000061e+04 6.455150756835937500e+02
2.500308599999999933e+04 6.455234375000000000e+02
2.500316900000000169e+04 6.455322875976562500e+02
2.500325200000000041e+04 6.455427246093750000e+02
2.500333499999999913e+04 6.455538940429687500e+02
2.500341800000000148e+04 6.455621337890625000e+02
2.500350100000000020e+04 6.455557250976562500e+02
2.500358399999999892e+04 6.455032348632812500e+02
2.500366700000000128e+04 6.454682617187500000e+02
2.500375000000000000e+04 6.454744873046875000e+02
2.500383299999999872e+04 6.454827880859375000e+02
2.500391600000000108e+04 6.454902343750000000e+02
2.500399899999999980e+04 6.454984741210937500e+02
2.500408199999999852e+04 6.455067749023437500e+02
2.500416500000000087e+04 6.455156250000000000e+02
2.500424799999999959e+04 6.455259399414062500e+02
2.500433099999999831e+04 6.455370483398437500e+02
2.500441400000000067e+04 6.455454101562500000e+02
2.500449699999999939e+04 6.455391235351562500e+02
2.500458000000000175e+04 6.454865112304687500e+02
2.500466300000000047e+04 6.454464721679687500e+02
2.500474599999999919e+04 6.454445190429687500e+02
2.500482900000000154e+04 6.454527587890625000e+02
2.500491200000000026e+04 6.454599609375000000e+02
2.500499499999999898e+04 6.454679565429687500e+02
2.500507800000000134e+04 6.454761352539062500e+02
2.500516100000000006e+04 6.454847412109375000e+02
2.500524399999999878e+04 6.454946289062500000e+02
2.500532700000000114e+04 6.455054931640625000e+02
2.500540999999999985e+04 6.455142211914062500e+02
2.500549299999999857e+04 6.455106811523437500e+02
2.500557600000000093e+04 6.454659423828125000e+02
2.500565899999999965e+04 6.454260864257812500e+02
2.500574199999999837e+04 6.454241333007812500e+02
2.500582500000000073e+04 6.454323120117187500e+02
2.500590799999999945e+04 6.454397583007812500e+02
2.500599100000000180e+04 6.454477539062500000e+02
2.500607400000000052e+04 6.454559326171875000e+02
2.500615699999999924e+04 6.454644775390625000e+02
2.500624000000000160e+04 6.454744262695312500e+02
2.500632300000000032e+04 6.454852905273437500e+02
2.500640599999999904e+04 6.454940185546875000e+02
2.500648900000000140e+04 6.454905395507812500e+02
2.500657200000000012e+04 6.454456787109375000e+02
2.500665499999999884e+04 6.454054565429687500e+02
2.500673800000000119e+04 6.454011840820312500e+02
2.500682099999999991e+04 6.454077758789062500e+02
2.500690399999999863e+04 6.454149780273437500e+02
2.500698700000000099e+04 6.454230346679687500e+02
2.500706999999999971e+04 6.454313354492187500e+02
2.500715299999999843e+04 6.454399414062500000e+02
2.500723600000000079e+04 6.454499511718750000e+02
2.500731899999999951e+04 6.454608764648437500e+02
2.500740199999999822e+04 6.454695434570312500e+02
2.500748500000000058e+04 6.454659423828125000e+02
2.500756799999999930e+04 6.454210815429687500e+02
2.500765100000000166e+04 6.453811645507812500e+02
2.500773400000000038e+04 6.453790283203125000e+02
2.500781699999999910e+04 6.453873291015625000e+02
2.500790000000000146e+04 6.453947753906250000e+02
2.500798300000000017e+04 6.454027099609375000e+02
2.500806599999999889e+04 6.454108886718750000e+02
2.500814900000000125e+04 6.454193725585937500e+02
2.500823199999999997e+04 6.454293823242187500e+02
2.500831499999999869e+04 6.454402465820312500e+02
2.500839800000000105e+04 6.454489746093750000e+02
2.500848099999999977e+04 6.454456176757812500e+02
2.500856399999999849e+04 6.454006958007812500e+02
2.500864700000000084e+04 6.453558349609375000e+02
2.500872999999999956e+04 6.453455200195312500e+02
2.500881299999999828e+04 6.453532714843750000e+02
2.500889600000000064e+04 6.453610229492187500e+02
2.500897899999999936e+04 6.453688964843750000e+02
2.500906200000000172e+04 6.453771972656250000e+02
2.500914500000000044e+04 6.453856811523437500e+02
2.500922799999999916e+04 6.453953857421875000e+02
2.500931100000000151e+04 6.454061279296875000e+02
2.500939400000000023e+04 6.454154663085937500e+02
2.500947699999999895e+04 6.454149169921875000e+02
2.500956000000000131e+04 6.453817138671875000e+02
2.500964300000000003e+04 6.453369750976562500e+02
2.500972599999999875e+04 6.453267822265625000e+02
2.500980900000000111e+04 6.453345947265625000e+02
2.500989199999999983e+04 6.453422851562500000e+02
2.500997499999999854e+04 6.453501586914062500e+02
2.501005800000000090e+04 6.453583984375000000e+02
2.501014099999999962e+04 6.453670043945312500e+02
2.501022399999999834e+04 6.453766479492187500e+02
2.501030700000000070e+04 6.453873901367187500e+02
2.501038999999999942e+04 6.453967285156250000e+02
2.501047300000000178e+04 6.453961791992187500e+02
2.501055600000000049e+04 6.453628540039062500e+02
2.501063899999999921e+04 6.453178710937500000e+02
2.501072200000000157e+04 6.453076782226562500e+02
2.501080500000000029e+04 6.453154296875000000e+02
2.501088799999999901e+04 6.453230590820312500e+02
2.501097100000000137e+04 6.453309326171875000e+02
2.501105400000000009e+04 6.453391113281250000e+02
2.501113699999999881e+04 6.453477172851562500e+02
2.501122000000000116e+04 6.453574829101562500e+02
2.501130299999999988e+04 6.453682250976562500e+02
2.501138599999999860e+04 6.453776245117187500e+02
2.501146900000000096e+04 6.453768920898437500e+02
2.501155199999999968e+04 6.453435668945312500e+02
2.501163499999999840e+04 6.452985839843750000e+02
2.501171800000000076e+04 6.452883911132812500e+02
2.501180099999999948e+04 6.452962036132812500e+02
2.501188399999999820e+04 6.453038940429687500e+02
2.501196700000000055e+04 6.453115844726562500e+02
2.501204999999999927e+04 6.453198852539062500e+02
2.501213300000000163e+04 6.453283691406250000e+02
2.501221600000000035e+04 6.453381347656250000e+02
2.501229899999999907e+04 6.453487548828125000e+02
2.501238200000000143e+04 6.453581542968750000e+02
2.501246500000000015e+04 6.453575439453125000e+02
2.501254799999999886e+04 6.453241577148437500e+02
2.501263100000000122e+04 6.452792358398437500e+02
2.501271399999999994e+04 6.452603759765625000e+02
2.501279699999999866e+04 6.452664184570312500e+02
2.501288000000000102e+04 6.452739257812500000e+02
2.501296299999999974e+04 6.452817382812500000e+02
2.501304599999999846e+04 6.452899780273437500e+02
2.501312900000000081e+04 6.452985839843750000e+02
2.501321199999999953e+04 6.453082885742187500e+02
2.501329499999999825e+04 6.453189086914062500e+02
2.501337800000000061e+04 6.453286743164062500e+02
2.501346099999999933e+04 6.453309936523437500e+02
2.501354400000000169e+04 6.453089599609375000e+02
2.501362700000000041e+04 6.452590942382812500e+02
2.501370999999999913e+04 6.452406005859375000e+02
2.501379300000000148e+04 6.452476806640625000e+02
2.501387600000000020e+04 6.452554931640625000e+02
2.501395899999999892e+04 6.452631835937500000e+02
2.501404200000000128e+04 6.452714843750000000e+02
2.501412500000000000e+04 6.452800903320312500e+02
2.501420799999999872e+04 6.452894287109375000e+02
2.501429100000000108e+04 6.453001098632812500e+02
2.501437399999999980e+04 6.453100585937500000e+02
2.501445699999999852e+04 6.453123168945312500e+02
2.501454000000000087e+04 6.452900390625000000e+02
2.501462299999999959e+04 6.452402343750000000e+02
2.501470599999999831e+04 6.452216186523437500e+02
2.501478900000000067e+04 6.452288818359375000e+02
2.501487199999999939e+04 6.452368164062500000e+02
2.501495500000000175e+04 6.452445678710937500e+02
2.501503800000000047e+04 6.452528686523437500e+02
2.501512099999999919e+04 6.452614746093750000e+02
2.501520400000000154e+04 6.452710571289062500e+02
2.501528700000000026e+04 6.452817382812500000e+02
2.501536999999999898e+04 6.452916259765625000e+02
2.501545300000000134e+04 6.452940673828125000e+02
2.501553600000000006e+04 6.452717895507812500e+02
2.501561899999999878e+04 6.452218017578125000e+02
2.501570200000000114e+04 6.452029418945312500e+02
2.501578499999999985e+04 6.452102050781250000e+02
2.501586799999999857e+04 6.452180175781250000e+02
2.501595100000000093e+04 6.452258300781250000e+02
2.501603399999999965e+04 6.452341308593750000e+02
2.501611699999999837e+04 6.452426147460937500e+02
2.501620000000000073e+04 6.452520141601562500e+02
2.501628299999999945e+04 6.452626953125000000e+02
2.501636600000000180e+04 6.452724609375000000e+02
2.501644900000000052e+04 6.452749023437500000e+02
2.501653199999999924e+04 6.452525634765625000e+02
2.501661500000000160e+04 6.452026977539062500e+02
2.501669800000000032e+04 6.451757812500000000e+02
2.501678099999999904e+04 6.451826171875000000e+02
2.501686400000000140e+04 6.451906738281250000e+02
2.501694700000000012e+04 6.451983032226562500e+02
2.501702999999999884e+04 6.452065429687500000e+02
2.501711300000000119e+04 6.452150268554687500e+02
2.501719599999999991e+04 6.452245483398437500e+02
2.501727899999999863e+04 6.452350463867187500e+02
2.501736200000000099e+04 6.452450561523437500e+02
2.501744499999999971e+04 6.452503051757812500e+02
2.501752799999999843e+04 6.452386474609375000e+02
2.501761100000000079e+04 6.451838378906250000e+02
2.501769399999999951e+04 6.451570434570312500e+02
2.501777699999999822e+04 6.451638183593750000e+02
2.501786000000000058e+04 6.451718750000000000e+02
2.501794299999999930e+04 6.451795043945312500e+02
2.501802600000000166e+04 6.451878662109375000e+02
2.501810900000000038e+04 6.451962280273437500e+02
2.501819199999999910e+04 6.452054443359375000e+02
2.501827500000000146e+04 6.452159423828125000e+02
2.501835800000000017e+04 6.452264404296875000e+02
2.501844099999999889e+04 6.452318115234375000e+02
2.501852400000000125e+04 6.452207031250000000e+02
2.501860699999999997e+04 6.451658935546875000e+02
2.501868999999999869e+04 6.451390380859375000e+02
2.501877300000000105e+04 6.451458740234375000e+02
2.501885599999999977e+04 6.451539916992187500e+02
2.501893899999999849e+04 6.451615600585937500e+02
2.501902200000000084e+04 6.451697998046875000e+02
2.501910499999999956e+04 6.451782226562500000e+02
2.501918799999999828e+04 6.451873779296875000e+02
2.501927100000000064e+04 6.451979980468750000e+02
2.501935399999999936e+04 6.452084960937500000e+02
2.501943700000000172e+04 6.452138671875000000e+02
2.501952000000000044e+04 6.452028808593750000e+02
2.501960299999999916e+04 6.451477661132812500e+02
2.501968600000000151e+04 6.451205444335937500e+02
2.501976900000000023e+04 6.451273803710937500e+02
2.501985199999999895e+04 6.451354370117187500e+02
2.501993500000000131e+04 6.451430053710937500e+02
