2.500009800000000178e+04 6.454616088867187500e+02
2.500018100000000049e+04 6.454709472656250000e+02
2.500026399999999921e+04 6.454816894531250000e+02
2.500034700000000157e+04 6.454923706054687500e+02
2.500043000000000029e+04 6.455007324218750000e+02
2.500051299999999901e+04 6.454924316406250000e+02
2.500059600000000137e+04 6.454358520507812500e+02
2.500067900000000009e+04 6.454008178710937500e+02
2.500076199999999881e+04 6.454072875976562500e+02
2.500084500000000116e+04 6.454157104492187500e+02
2.500092799999999988e+04 6.454233398437500000e+02
2.500101099999999860e+04 6.454318237304687500e+02
2.500109400000000096e+04 6.454401855468750000e+02
2.500117699999999968e+04 6.454491577148437500e+02
2.500125999999999840e+04 6.454597778320312500e+02
2.500134300000000076e+04 6.454710693359375000e+02
2.500142599999999948e+04 6.454795532226562500e+02
2.500150899999999820e+04 6.454735107421875000e+02
2.500159200000000055e+04 6.454212646484375000e+02
2.500167499999999927e+04 6.453864135742187500e+02
2.500175800000000163e+04 6.453929443359375000e+02
2.500184100000000035e+04 6.454013671875000000e+02
2.500192399999999907e+04 6.454090576171875000e+02
2.500200700000000143e+04 6.454174194335937500e+02
2.500209000000000015e+04 6.454259033203125000e+02
2.500217299999999886e+04 6.454348144531250000e+02
2.500225600000000122e+04 6.454453735351562500e+02
2.500233899999999994e+04 6.454566040039062500e+02
2.500242199999999866e+04 6.454650878906250000e+02
2.500250500000000102e+04 6.454588012695312500e+02
2.500258799999999974e+04 6.454064331054687500e+02
2.500267099999999846e+04 6.453715209960937500e+02
2.500275400000000081e+04 6.453780517578125000e+02
2.500283699999999953e+04 6.453864135742187500e+02
2.500291999999999825e+04 6.453940429687500000e+02
2.500300300000000061e+04 6.454025268554687500e+02
2.500308599999999933e+04 6.454110107421875000e+02
2.500316900000000169e+04 6.454200439453125000e+02
2.500325200000000041e+04 6.454305419921875000e+02
2.500333499999999913e+04 6.454416503906250000e+02
2.500341800000000148e+04 6.454500122070312500e+02
2.500350100000000020e+04 6.454439697265625000e+02
2.500358399999999892e+04 6.453916625976562500e+02
2.500366700000000128e+04 6.453568725585937500e+02
2.500375000000000000e+04 6.453633422851562500e+02
2.500383299999999872e+04 6.453718261718750000e+02
2.500391600000000108e+04 6.453794555664062500e+02
2.500399899999999980e+04 6.453879394531250000e+02
2.500408199999999852e+04 6.453964233398437500e+02
2.500416500000000087e+04 6.454052124023437500e+02
2.500424799999999959e+04 6.454157714843750000e+02
2.500433099999999831e+04 6.454270629882812500e+02
2.500441400000000067e+04 6.454354248046875000e+02
2.500449699999999939e+04 6.454293823242187500e+02
2.500458000000000175e+04 6.453769531250000000e+02
2.500466300000000047e+04 6.453373413085937500e+02
2.500474599999999919e+04 6.453355712890625000e+02
2.500482900000000154e+04 6.453438720703125000e+02
2.500491200000000026e+04 6.453513793945312500e+02
2.500499499999999898e+04 6.453595581054687500e+02
2.500507800000000134e+04 6.453679199218750000e+02
2.500516100000000006e+04 6.453767089843750000e+02
2.500524399999999878e+04 6.453867187500000000e+02
2.500532700000000114e+04 6.453977050781250000e+02
2.500540999999999985e+04 6.454064331054687500e+02
2.500549299999999857e+04 6.454030761718750000e+02
2.500557600000000093e+04 6.453585815429687500e+02
2.500565899999999965e+04 6.453189697265625000e+02
2.500574199999999837e+04 6.453172607421875000e+02
2.500582500000000073e+04 6.453257446289062500e+02
2.500590799999999945e+04 6.453333129882812500e+02
2.500599100000000180e+04 6.453414306640625000e+02
2.500607400000000052e+04 6.453497314453125000e+02
2.500615699999999924e+04 6.453584594726562500e+02
2.500624000000000160e+04 6.453685302734375000e+02
2.500632300000000032e+04 6.453795776367187500e+02
2.500640599999999904e+04 6.453884277343750000e+02
2.500648900000000140e+04 6.453851928710937500e+02
2.500657200000000012e+04 6.453407592773437500e+02
2.500665499999999884e+04 6.453009033203125000e+02
2.500673800000000119e+04 6.452991333007812500e+02
2.500682099999999991e+04 6.453075561523437500e+02
2.500690399999999863e+04 6.453151855468750000e+02
2.500698700000000099e+04 6.453233642578125000e+02
2.500706999999999971e+04 6.453317260742187500e+02
2.500715299999999843e+04 6.453405151367187500e+02
2.500723600000000079e+04 6.453505249023437500e+02
2.500731899999999951e+04 6.453614501953125000e+02
2.500740199999999822e+04 6.453703613281250000e+02
2.500748500000000058e+04 6.453670654296875000e+02
2.500756799999999930e+04 6.453223876953125000e+02
2.500765100000000166e+04 6.452823486328125000e+02
2.500773400000000038e+04 6.452806396484375000e+02
2.500781699999999910e+04 6.452891845703125000e+02
2.500790000000000146e+04 6.452968750000000000e+02
2.500798300000000017e+04 6.453049316406250000e+02
2.500806599999999889e+04 6.453133544921875000e+02
2.500814900000000125e+04 6.453219604492187500e+02
2.500823199999999997e+04 6.453320312500000000e+02
2.500831499999999869e+04 6.453430786132812500e+02
2.500839800000000105e+04 6.453519287109375000e+02
2.500848099999999977e+04 6.453486938476562500e+02
2.500856399999999849e+04 6.453038330078125000e+02
2.500864700000000084e+04 6.452592163085937500e+02
2.500872999999999956e+04 6.452492065429687500e+02
2.500881299999999828e+04 6.452572021484375000e+02
2.500889600000000064e+04 6.452651367187500000e+02
2.500897899999999936e+04 6.452731933593750000e+02
2.500906200000000172e+04 6.452816162109375000e+02
2.500914500000000044e+04 6.452904052734375000e+02
2.500922799999999916e+04 6.453002319335937500e+02
2.500931100000000151e+04 6.453111572265625000e+02
2.500939400000000023e+04 6.453206176757812500e+02
2.500947699999999895e+04 6.453203125000000000e+02
2.500956000000000131e+04 6.452871704101562500e+02
2.500964300000000003e+04 6.452424926757812500e+02
2.500972599999999875e+04 6.452324218750000000e+02
2.500980900000000111e+04 6.452404785156250000e+02
2.500989199999999983e+04 6.452484130859375000e+02
2.500997499999999854e+04 6.452564697265625000e+02
2.501005800000000090e+04 6.452648925781250000e+02
2.501014099999999962e+04 6.452736206054687500e+02
2.501022399999999834e+04 6.452834472656250000e+02
2.501030700000000070e+04 6.452943115234375000e+02
2.501038999999999942e+04 6.453036499023437500e+02
2.501047300000000178e+04 6.453032226562500000e+02
2.501055600000000049e+04 6.452700805664062500e+02
2.501063899999999921e+04 6.452252807617187500e+02
2.501072200000000157e+04 6.452153320312500000e+02
2.501080500000000029e+04 6.452223510742187500e+02
2.501088799999999901e+04 6.452301025390625000e+02
2.501097100000000137e+04 6.452381591796875000e+02
2.501105400000000009e+04 6.452465820312500000e+02
2.501113699999999881e+04 6.452553100585937500e+02
2.501122000000000116e+04 6.452650146484375000e+02
2.501130299999999988e+04 6.452757568359375000e+02
2.501138599999999860e+04 6.452852172851562500e+02
2.501146900000000096e+04 6.452848510742187500e+02
2.501155199999999968e+04 6.452515869140625000e+02
2.501163499999999840e+04 6.452068481445312500e+02
2.501171800000000076e+04 6.451967773437500000e+02
2.501180099999999948e+04 6.452047729492187500e+02
2.501188399999999820e+04 6.452125854492187500e+02
2.501196700000000055e+04 6.452206420898437500e+02
2.501204999999999927e+04 6.452291870117187500e+02
2.501213300000000163e+04 6.452377929687500000e+02
2.501221600000000035e+04 6.452475585937500000e+02
2.501229899999999907e+04 6.452583007812500000e+02
2.501238200000000143e+04 6.452678222656250000e+02
2.501246500000000015e+04 6.452675170898437500e+02
2.501254799999999886e+04 6.452343750000000000e+02
2.501263100000000122e+04 6.451895141601562500e+02
2.501271399999999994e+04 6.451708374023437500e+02
2.501279699999999866e+04 6.451784057617187500e+02
2.501288000000000102e+04 6.451863403320312500e+02
2.501296299999999974e+04 6.451942749023437500e+02
2.501304599999999846e+04 6.452027587890625000e+02
2.501312900000000081e+04 6.452113647460937500e+02
2.501321199999999953e+04 6.452212524414062500e+02
2.501329499999999825e+04 6.452319946289062500e+02
2.501337800000000061e+04 6.452421264648437500e+02
2.501346099999999933e+04 6.452448120117187500e+02
2.501354400000000169e+04 6.452229614257812500e+02
2.501362700000000041e+04 6.451732788085937500e+02
2.501370999999999913e+04 6.451549072265625000e+02
2.501379300000000148e+04 6.451622924804687500e+02
2.501387600000000020e+04 6.451704711914062500e+02
2.501395899999999892e+04 6.451783447265625000e+02
2.501404200000000128e+04 6.451868286132812500e+02
2.501412500000000000e+04 6.451955566406250000e+02
2.501420799999999872e+04 6.452051391601562500e+02
2.501429100000000108e+04 6.452160644531250000e+02
2.501437399999999980e+04 6.452260742187500000e+02
2.501445699999999852e+04 6.452286987304687500e+02
2.501454000000000087e+04 6.452064208984375000e+02
2.501462299999999959e+04 6.451567382812500000e+02
2.501470599999999831e+04 6.451382446289062500e+02
2.501478900000000067e+04 6.451457519531250000e+02
2.501487199999999939e+04 6.451538696289062500e+02
2.501495500000000175e+04 6.451617431640625000e+02
2.501503800000000047e+04 6.451702270507812500e+02
2.501512099999999919e+04 6.451788940429687500e+02
2.501520400000000154e+04 6.451885375976562500e+02
2.501528700000000026e+04 6.451992187500000000e+02
2.501536999999999898e+04 6.452093505859375000e+02
2.501545300000000134e+04 6.452119750976562500e+02
2.501553600000000006e+04 6.451899414062500000e+02
2.501561899999999878e+04 6.451402587890625000e+02
2.501570200000000114e+04 6.451218261718750000e+02
2.501578499999999985e+04 6.451292114257812500e+02
2.501586799999999857e+04 6.451372680664062500e+02
2.501595100000000093e+04 6.451451416015625000e+02
2.501603399999999965e+04 6.451536254882812500e+02
2.501611699999999837e+04 6.451622314453125000e+02
2.501620000000000073e+04 6.451717529296875000e+02
2.501628299999999945e+04 6.451826171875000000e+02
2.501636600000000180e+04 6.451927490234375000e+02
2.501644900000000052e+04 6.451953735351562500e+02
2.501653199999999924e+04 6.451732177734375000e+02
2.501661500000000160e+04 6.451235351562500000e+02
2.501669800000000032e+04 6.450959472656250000e+02
2.501678099999999904e+04 6.451010131835937500e+02
2.501686400000000140e+04 6.451087036132812500e+02
2.501694700000000012e+04 6.451165161132812500e+02
2.501702999999999884e+04 6.451248779296875000e+02
2.501711300000000119e+04 6.451334838867187500e+02
2.501719599999999991e+04 6.451430664062500000e+02
2.501727899999999863e+04 6.451537475585937500e+02
2.501736200000000099e+04 6.451638793945312500e+02
2.501744499999999971e+04 6.451693115234375000e+02
2.501752799999999843e+04 6.451578369140625000e+02
2.501761100000000079e+04 6.451032714843750000e+02
2.501769399999999951e+04 6.450764770507812500e+02
2.501777699999999822e+04 6.450833129882812500e+02
2.501786000000000058e+04 6.450916137695312500e+02
2.501794299999999930e+04 6.450992431640625000e+02
2.501802600000000166e+04 6.451077880859375000e+02
2.501810900000000038e+04 6.451164550781250000e+02
2.501819199999999910e+04 6.451256103515625000e+02
2.501827500000000146e+04 6.451363525390625000e+02
2.501835800000000017e+04 6.451470336914062500e+02
2.501844099999999889e+04 6.451525878906250000e+02
2.501852400000000125e+04 6.451415405273437500e+02
2.501860699999999997e+04 6.450866088867187500e+02
2.501868999999999869e+04 6.450596313476562500e+02
2.501877300000000105e+04 6.450664062500000000e+02
2.501885599999999977e+04 6.450747070312500000e+02
2.501893899999999849e+04 6.450824584960937500e+02
2.501902200000000084e+04 6.450909423828125000e+02
2.501910499999999956e+04 6.450994873046875000e+02
2.501918799999999828e+04 6.451087646484375000e+02
2.501927100000000064e+04 6.451193847656250000e+02
2.501935399999999936e+04 6.451301269531250000e+02
2.501943700000000172e+04 6.451356201171875000e+02
2.501952000000000044e+04 6.451247558593750000e+02
2.501960299999999916e+04 6.450697021484375000e+02
2.501968600000000151e+04 6.450426025390625000e+02
2.501976900000000023e+04 6.450496215820312500e+02
2.501985199999999895e+04 6.450579223632812500e+02
2.501993500000000131e+04 6.450656738281250000e+02
