2.500009800000000178e+04 7.174556884765625000e+02
2.500018100000000049e+04 7.174650268554687500e+02
2.500026399999999921e+04 7.174757690429687500e+02
2.500034700000000157e+04 7.174864501953125000e+02
2.500043000000000029e+04 7.174948120117187500e+02
2.500051299999999901e+04 7.174865722656250000e+02
2.500059600000000137e+04 7.174299316406250000e+02
2.500067900000000009e+04 7.173948974609375000e+02
2.500076199999999881e+04 7.174013671875000000e+02
2.500084500000000116e+04 7.174098510742187500e+02
2.500092799999999988e+04 7.174174804687500000e+02
2.500101099999999860e+04 7.174259033203125000e+02
2.500109400000000096e+04 7.174342651367187500e+02
2.500117699999999968e+04 7.174432373046875000e+02
2.500125999999999840e+04 7.174538574218750000e+02
2.500134300000000076e+04 7.174651489257812500e+02
2.500142599999999948e+04 7.174736328125000000e+02
2.500150899999999820e+04 7.174675903320312500e+02
2.500159200000000055e+04 7.174154052734375000e+02
2.500167499999999927e+04 7.173805541992187500e+02
2.500175800000000163e+04 7.173870849609375000e+02
2.500184100000000035e+04 7.173955078125000000e+02
2.500192399999999907e+04 7.174031982421875000e+02
2.500200700000000143e+04 7.174114990234375000e+02
2.500209000000000015e+04 7.174200439453125000e+02
2.500217299999999886e+04 7.174288940429687500e+02
2.500225600000000122e+04 7.174394531250000000e+02
2.500233899999999994e+04 7.174507446289062500e+02
2.500242199999999866e+04 7.174591674804687500e+02
2.500250500000000102e+04 7.174528808593750000e+02
2.500258799999999974e+04 7.174005737304687500e+02
2.500267099999999846e+04 7.173656616210937500e+02
2.500275400000000081e+04 7.173721313476562500e+02
2.500283699999999953e+04 7.173804931640625000e+02
2.500291999999999825e+04 7.173881835937500000e+02
2.500300300000000061e+04 7.173966674804687500e+02
2.500308599999999933e+04 7.174051513671875000e+02
2.500316900000000169e+04 7.174141235351562500e+02
2.500325200000000041e+04 7.174246215820312500e+02
2.500333499999999913e+04 7.174357910156250000e+02
2.500341800000000148e+04 7.174441528320312500e+02
2.500350100000000020e+04 7.174381103515625000e+02
2.500358399999999892e+04 7.173858032226562500e+02
2.500366700000000128e+04 7.173509521484375000e+02
2.500375000000000000e+04 7.173574829101562500e+02
2.500383299999999872e+04 7.173659667968750000e+02
2.500391600000000108e+04 7.173735961914062500e+02
2.500399899999999980e+04 7.173820190429687500e+02
2.500408199999999852e+04 7.173905639648437500e+02
2.500416500000000087e+04 7.173993530273437500e+02
2.500424799999999959e+04 7.174099121093750000e+02
2.500433099999999831e+04 7.174211425781250000e+02
2.500441400000000067e+04 7.174295654296875000e+02
2.500449699999999939e+04 7.174235229492187500e+02
2.500458000000000175e+04 7.173710327148437500e+02
2.500466300000000047e+04 7.173314208984375000e+02
2.500474599999999919e+04 7.173297119140625000e+02
2.500482900000000154e+04 7.173380126953125000e+02
2.500491200000000026e+04 7.173455200195312500e+02
2.500499499999999898e+04 7.173536987304687500e+02
2.500507800000000134e+04 7.173620605468750000e+02
2.500516100000000006e+04 7.173707885742187500e+02
2.500524399999999878e+04 7.173807983398437500e+02
2.500532700000000114e+04 7.173917846679687500e+02
2.500540999999999985e+04 7.174005737304687500e+02
2.500549299999999857e+04 7.173972167968750000e+02
2.500557600000000093e+04 7.173526611328125000e+02
2.500565899999999965e+04 7.173131103515625000e+02
2.500574199999999837e+04 7.173114013671875000e+02
2.500582500000000073e+04 7.173198242187500000e+02
2.500590799999999945e+04 7.173273925781250000e+02
2.500599100000000180e+04 7.173355712890625000e+02
2.500607400000000052e+04 7.173438720703125000e+02
2.500615699999999924e+04 7.173526000976562500e+02
2.500624000000000160e+04 7.173626708984375000e+02
2.500632300000000032e+04 7.173736572265625000e+02
2.500640599999999904e+04 7.173825683593750000e+02
2.500648900000000140e+04 7.173792724609375000e+02
2.500657200000000012e+04 7.173348388671875000e+02
2.500665499999999884e+04 7.172949829101562500e+02
2.500673800000000119e+04 7.172932128906250000e+02
2.500682099999999991e+04 7.173016967773437500e+02
2.500690399999999863e+04 7.173093261718750000e+02
2.500698700000000099e+04 7.173175048828125000e+02
2.500706999999999971e+04 7.173258056640625000e+02
2.500715299999999843e+04 7.173345947265625000e+02
2.500723600000000079e+04 7.173446044921875000e+02
2.500731899999999951e+04 7.173555908203125000e+02
2.500740199999999822e+04 7.173644409179687500e+02
2.500748500000000058e+04 7.173611450195312500e+02
2.500756799999999930e+04 7.173164672851562500e+02
2.500765100000000166e+04 7.172764892578125000e+02
2.500773400000000038e+04 7.172747192382812500e+02
2.500781699999999910e+04 7.172832641601562500e+02
2.500790000000000146e+04 7.172910156250000000e+02
2.500798300000000017e+04 7.172990722656250000e+02
2.500806599999999889e+04 7.173074340820312500e+02
2.500814900000000125e+04 7.173160400390625000e+02
2.500823199999999997e+04 7.173261718750000000e+02
2.500831499999999869e+04 7.173371582031250000e+02
2.500839800000000105e+04 7.173460083007812500e+02
2.500848099999999977e+04 7.173427734375000000e+02
2.500856399999999849e+04 7.172979125976562500e+02
2.500864700000000084e+04 7.172532958984375000e+02
2.500872999999999956e+04 7.172433471679687500e+02
2.500881299999999828e+04 7.172513427734375000e+02
2.500889600000000064e+04 7.172592163085937500e+02
2.500897899999999936e+04 7.172673339843750000e+02
2.500906200000000172e+04 7.172757568359375000e+02
2.500914500000000044e+04 7.172844848632812500e+02
2.500922799999999916e+04 7.172943725585937500e+02
2.500931100000000151e+04 7.173052368164062500e+02
2.500939400000000023e+04 7.173147583007812500e+02
2.500947699999999895e+04 7.173143920898437500e+02
2.500956000000000131e+04 7.172813110351562500e+02
2.500964300000000003e+04 7.172366333007812500e+02
2.500972599999999875e+04 7.172265625000000000e+02
2.500980900000000111e+04 7.172346191406250000e+02
2.500989199999999983e+04 7.172424926757812500e+02
2.500997499999999854e+04 7.172505493164062500e+02
2.501005800000000090e+04 7.173104858398437500e+02
2.501014099999999962e+04 7.173191528320312500e+02
2.501022399999999834e+04 7.173290405273437500e+02
2.501030700000000070e+04 7.173399047851562500e+02
2.501038999999999942e+04 7.173492431640625000e+02
2.501047300000000178e+04 7.173487548828125000e+02
2.501055600000000049e+04 7.173156738281250000e+02
2.501063899999999921e+04 7.172708740234375000e+02
2.501072200000000157e+04 7.172609252929687500e+02
2.501080500000000029e+04 7.172678833007812500e+02
2.501088799999999901e+04 7.172756347656250000e+02
2.501097100000000137e+04 7.172836914062500000e+02
2.501105400000000009e+04 7.172921752929687500e+02
2.501113699999999881e+04 7.173009033203125000e+02
2.501122000000000116e+04 7.173106079101562500e+02
2.501130299999999988e+04 7.173213500976562500e+02
2.501138599999999860e+04 7.173307495117187500e+02
2.501146900000000096e+04 7.173304443359375000e+02
2.501155199999999968e+04 7.172971191406250000e+02
2.501163499999999840e+04 7.172524414062500000e+02
2.501171800000000076e+04 7.172423706054687500e+02
2.501180099999999948e+04 7.172503662109375000e+02
2.501188399999999820e+04 7.172581787109375000e+02
2.501196700000000055e+04 7.172662353515625000e+02
2.501204999999999927e+04 7.172747192382812500e+02
2.501213300000000163e+04 7.172833862304687500e+02
2.501221600000000035e+04 7.172931518554687500e+02
2.501229899999999907e+04 7.173038940429687500e+02
2.501238200000000143e+04 7.173134155273437500e+02
2.501246500000000015e+04 7.173131103515625000e+02
2.501254799999999886e+04 7.172799682617187500e+02
2.501263100000000122e+04 7.172351074218750000e+02
2.501271399999999994e+04 7.172164306640625000e+02
2.501279699999999866e+04 7.172239379882812500e+02
2.501288000000000102e+04 7.172319335937500000e+02
2.501296299999999974e+04 7.172398681640625000e+02
2.501304599999999846e+04 7.172482910156250000e+02
2.501312900000000081e+04 7.172569580078125000e+02
2.501321199999999953e+04 7.172668457031250000e+02
2.501329499999999825e+04 7.172775878906250000e+02
2.501337800000000061e+04 7.172877197265625000e+02
2.501346099999999933e+04 7.172904052734375000e+02
2.501354400000000169e+04 7.172685546875000000e+02
2.501362700000000041e+04 7.172188720703125000e+02
2.501370999999999913e+04 7.172005004882812500e+02
2.501379300000000148e+04 7.172078857421875000e+02
2.501387600000000020e+04 7.172160644531250000e+02
2.501395899999999892e+04 7.172239379882812500e+02
2.501404200000000128e+04 7.172324218750000000e+02
2.501412500000000000e+04 7.172411499023437500e+02
2.501420799999999872e+04 7.172507324218750000e+02
2.501429100000000108e+04 7.172616577148437500e+02
2.501437399999999980e+04 7.172716064453125000e+02
2.501445699999999852e+04 7.172742919921875000e+02
2.501454000000000087e+04 7.172519531250000000e+02
2.501462299999999959e+04 7.172023315429687500e+02
2.501470599999999831e+04 7.171838378906250000e+02
2.501478900000000067e+04 7.171913452148437500e+02
2.501487199999999939e+04 7.171994628906250000e+02
2.501495500000000175e+04 7.172073364257812500e+02
2.501503800000000047e+04 7.172157592773437500e+02
2.501512099999999919e+04 7.172244873046875000e+02
2.501520400000000154e+04 7.172340698242187500e+02
2.501528700000000026e+04 7.172448120117187500e+02
2.501536999999999898e+04 7.172548828125000000e+02
2.501545300000000134e+04 7.172575683593750000e+02
2.501553600000000006e+04 7.172355346679687500e+02
2.501561899999999878e+04 7.171858520507812500e+02
2.501570200000000114e+04 7.171674194335937500e+02
2.501578499999999985e+04 7.171748046875000000e+02
2.501586799999999857e+04 7.171828613281250000e+02
2.501595100000000093e+04 7.171907348632812500e+02
2.501603399999999965e+04 7.171992187500000000e+02
2.501611699999999837e+04 7.172077636718750000e+02
2.501620000000000073e+04 7.172173461914062500e+02
2.501628299999999945e+04 7.172282104492187500e+02
2.501636600000000180e+04 7.172383422851562500e+02
2.501644900000000052e+04 7.172409667968750000e+02
2.501653199999999924e+04 7.172188110351562500e+02
2.501661500000000160e+04 7.171691284179687500e+02
2.501669800000000032e+04 7.171415405273437500e+02
2.501678099999999904e+04 7.171466064453125000e+02
2.501686400000000140e+04 7.171542968750000000e+02
2.501694700000000012e+04 7.171621093750000000e+02
2.501702999999999884e+04 7.171704711914062500e+02
2.501711300000000119e+04 7.171790161132812500e+02
2.501719599999999991e+04 7.171886596679687500e+02
2.501727899999999863e+04 7.171992797851562500e+02
2.501736200000000099e+04 7.172094726562500000e+02
2.501744499999999971e+04 7.172149047851562500e+02
2.501752799999999843e+04 7.172034301757812500e+02
2.501761100000000079e+04 7.171488647460937500e+02
2.501769399999999951e+04 7.171220703125000000e+02
2.501777699999999822e+04 7.171289062500000000e+02
2.501786000000000058e+04 7.171372070312500000e+02
2.501794299999999930e+04 7.171448364257812500e+02
2.501802600000000166e+04 7.171533813476562500e+02
2.501810900000000038e+04 7.171619873046875000e+02
2.501819199999999910e+04 7.171711425781250000e+02
2.501827500000000146e+04 7.171819458007812500e+02
2.501835800000000017e+04 7.171926269531250000e+02
2.501844099999999889e+04 7.171981811523437500e+02
2.501852400000000125e+04 7.171870727539062500e+02
2.501860699999999997e+04 7.171322021484375000e+02
2.501868999999999869e+04 7.171052246093750000e+02
2.501877300000000105e+04 7.171119995117187500e+02
2.501885599999999977e+04 7.171203002929687500e+02
2.501893899999999849e+04 7.171280517578125000e+02
2.501902200000000084e+04 7.171365356445312500e+02
2.501910499999999956e+04 7.171450195312500000e+02
2.501918799999999828e+04 7.171543579101562500e+02
2.501927100000000064e+04 7.171649780273437500e+02
2.501935399999999936e+04 7.171756591796875000e+02
2.501943700000000172e+04 7.171811523437500000e+02
2.501952000000000044e+04 7.171703491210937500e+02
2.501960299999999916e+04 7.171152954101562500e+02
2.501968600000000151e+04 7.170881347656250000e+02
2.501976900000000023e+04 7.170952148437500000e+02
2.501985199999999895e+04 7.171034545898437500e+02
2.501993500000000131e+04 7.171112670898437500e+02
