2.500009800000000178e+04 1.177614498138427734e+01
2.500018100000000049e+04 1.149972534179687500e+01
2.500026399999999921e+04 1.130671691894531250e+01
2.500034700000000157e+04 1.114855957031250000e+01
2.500043000000000029e+04 1.111348152160644531e+01
2.500051299999999901e+04 1.168213939666748047e+01
2.500059600000000137e+04 1.284708023071289062e+01
2.500067900000000009e+04 1.300026321411132812e+01
2.500076199999999881e+04 1.293783473968505859e+01
2.500084500000000116e+04 1.280114364624023438e+01
2.500092799999999988e+04 1.244781970977783203e+01
2.500101099999999860e+04 1.205447483062744141e+01
2.500109400000000096e+04 1.176898860931396484e+01
2.500117699999999968e+04 1.149114322662353516e+01
2.500125999999999840e+04 1.128588199615478516e+01
2.500134300000000076e+04 1.107687568664550781e+01
2.500142599999999948e+04 1.092538928985595703e+01
2.500150899999999820e+04 1.153870487213134766e+01
2.500159200000000055e+04 1.276225280761718750e+01
2.500167499999999927e+04 1.294718647003173828e+01
2.500175800000000163e+04 1.294090270996093750e+01
2.500184100000000035e+04 1.281578922271728516e+01
2.500192399999999907e+04 1.241953086853027344e+01
2.500200700000000143e+04 1.207734394073486328e+01
2.500209000000000015e+04 1.174779510498046875e+01
2.500217299999999886e+04 1.150484180450439453e+01
2.500225600000000122e+04 1.129503250122070312e+01
2.500233899999999994e+04 1.109596061706542969e+01
2.500242199999999866e+04 1.094381999969482422e+01
2.500250500000000102e+04 1.160054874420166016e+01
2.500258799999999974e+04 1.280751895904541016e+01
2.500267099999999846e+04 1.297128486633300781e+01
2.500275400000000081e+04 1.295995426177978516e+01
2.500283699999999953e+04 1.284233760833740234e+01
2.500291999999999825e+04 1.241229057312011719e+01
2.500300300000000061e+04 1.204015731811523438e+01
2.500308599999999933e+04 1.175914669036865234e+01
2.500316900000000169e+04 1.149601840972900391e+01
2.500325200000000041e+04 1.131219100952148438e+01
2.500333499999999913e+04 1.113281631469726562e+01
2.500341800000000148e+04 1.096425533294677734e+01
2.500350100000000020e+04 1.158170795440673828e+01
2.500358399999999892e+04 1.290172100067138672e+01
2.500366700000000128e+04 1.297048282623291016e+01
2.500375000000000000e+04 1.293441104888916016e+01
2.500383299999999872e+04 1.279871368408203125e+01
2.500391600000000108e+04 1.245668983459472656e+01
2.500399899999999980e+04 1.205819416046142578e+01
2.500408199999999852e+04 1.179405879974365234e+01
2.500416500000000087e+04 1.152937507629394531e+01
2.500424799999999959e+04 1.129511642456054688e+01
2.500433099999999831e+04 1.112893581390380859e+01
2.500441400000000067e+04 1.098998641967773438e+01
2.500449699999999939e+04 1.156150722503662109e+01
2.500458000000000175e+04 1.281443691253662109e+01
2.500466300000000047e+04 1.293789196014404297e+01
2.500474599999999919e+04 1.295611476898193359e+01
2.500482900000000154e+04 1.289670181274414062e+01
2.500491200000000026e+04 1.251774120330810547e+01
2.500499499999999898e+04 1.208652210235595703e+01
2.500507800000000134e+04 1.177982044219970703e+01
2.500516100000000006e+04 1.150417518615722656e+01
2.500524399999999878e+04 1.132179641723632812e+01
2.500532700000000114e+04 1.110585498809814453e+01
2.500540999999999985e+04 1.096177005767822266e+01
2.500549299999999857e+04 1.142899322509765625e+01
2.500557600000000093e+04 1.278731727600097656e+01
2.500565899999999965e+04 1.292096233367919922e+01
2.500574199999999837e+04 1.296733474731445312e+01
2.500582500000000073e+04 1.288638114929199219e+01
2.500590799999999945e+04 1.252486801147460938e+01
2.500599100000000180e+04 1.209855651855468750e+01
2.500607400000000052e+04 1.179983901977539062e+01
2.500615699999999924e+04 1.153514575958251953e+01
2.500624000000000160e+04 1.131735420227050781e+01
2.500632300000000032e+04 1.110738468170166016e+01
2.500640599999999904e+04 1.093999671936035156e+01
2.500648900000000140e+04 1.137813091278076172e+01
2.500657200000000012e+04 1.276876354217529297e+01
2.500665499999999884e+04 1.298723793029785156e+01
2.500673800000000119e+04 1.298896980285644531e+01
2.500682099999999991e+04 1.288881397247314453e+01
2.500690399999999863e+04 1.250388145446777344e+01
2.500698700000000099e+04 1.210988426208496094e+01
2.500706999999999971e+04 1.178538513183593750e+01
2.500715299999999843e+04 1.152098464965820312e+01
2.500723600000000079e+04 1.133556652069091797e+01
2.500731899999999951e+04 1.115901374816894531e+01
2.500740199999999822e+04 1.093791770935058594e+01
2.500748500000000058e+04 1.140100574493408203e+01
2.500756799999999930e+04 1.285863018035888672e+01
2.500765100000000166e+04 1.301252937316894531e+01
2.500773400000000038e+04 1.296318149566650391e+01
2.500781699999999910e+04 1.286515617370605469e+01
2.500790000000000146e+04 1.247096824645996094e+01
2.500798300000000017e+04 1.212656021118164062e+01
2.500806599999999889e+04 1.178360176086425781e+01
2.500814900000000125e+04 1.154260158538818359e+01
2.500823199999999997e+04 1.131757068634033203e+01
2.500831499999999869e+04 1.112428855895996094e+01
2.500839800000000105e+04 1.098466777801513672e+01
2.500848099999999977e+04 1.138482761383056641e+01
2.500856399999999849e+04 1.283221435546875000e+01
2.500864700000000084e+04 1.295750999450683594e+01
2.500872999999999956e+04 1.297708320617675781e+01
2.500881299999999828e+04 1.290547466278076172e+01
2.500889600000000064e+04 1.266110420227050781e+01
2.500897899999999936e+04 1.226158618927001953e+01
2.500906200000000172e+04 1.193661975860595703e+01
2.500914500000000044e+04 1.163651371002197266e+01
2.500922799999999916e+04 1.142449569702148438e+01
2.500931100000000151e+04 1.125176048278808594e+01
2.500939400000000023e+04 1.105738925933837891e+01
2.500947699999999895e+04 1.135850143432617188e+01
2.500956000000000131e+04 1.284618282318115234e+01
2.500964300000000003e+04 1.295504570007324219e+01
2.500972599999999875e+04 1.300103187561035156e+01
2.500980900000000111e+04 1.291291904449462891e+01
2.500989199999999983e+04 1.263639354705810547e+01
2.500997499999999854e+04 1.225425052642822266e+01
2.501005800000000090e+04 1.192303562164306641e+01
2.501014099999999962e+04 1.165107536315917969e+01
2.501022399999999834e+04 1.142354679107666016e+01
2.501030700000000070e+04 1.122068309783935547e+01
2.501038999999999942e+04 1.111614322662353516e+01
2.501047300000000178e+04 1.137088203430175781e+01
2.501055600000000049e+04 1.278016948699951172e+01
2.501063899999999921e+04 1.297083377838134766e+01
2.501072200000000157e+04 1.299641227722167969e+01
2.501080500000000029e+04 1.310594177246093750e+01
2.501088799999999901e+04 1.268120002746582031e+01
2.501097100000000137e+04 1.229102230072021484e+01
2.501105400000000009e+04 1.191832447052001953e+01
2.501113699999999881e+04 1.166099071502685547e+01
2.501122000000000116e+04 1.145762157440185547e+01
2.501130299999999988e+04 1.127643013000488281e+01
2.501138599999999860e+04 1.109811305999755859e+01
2.501146900000000096e+04 1.135996723175048828e+01
2.501155199999999968e+04 1.283234024047851562e+01
2.501163499999999840e+04 1.297816371917724609e+01
2.501171800000000076e+04 1.299125003814697266e+01
2.501180099999999948e+04 1.292976093292236328e+01
2.501188399999999820e+04 1.266234207153320312e+01
2.501196700000000055e+04 1.228388404846191406e+01
2.501204999999999927e+04 1.191329002380371094e+01
2.501213300000000163e+04 1.165225028991699219e+01
2.501221600000000035e+04 1.144341754913330078e+01
2.501229899999999907e+04 1.128044700622558594e+01
2.501238200000000143e+04 1.105064487457275391e+01
2.501246500000000015e+04 1.135190296173095703e+01
2.501254799999999886e+04 1.279023456573486328e+01
2.501263100000000122e+04 1.299201488494873047e+01
2.501271399999999994e+04 1.303862953186035156e+01
2.501279699999999866e+04 1.292882347106933594e+01
2.501288000000000102e+04 1.279995918273925781e+01
2.501296299999999974e+04 1.237884330749511719e+01
2.501304599999999846e+04 1.203427028656005859e+01
2.501312900000000081e+04 1.174615383148193359e+01
2.501321199999999953e+04 1.151831912994384766e+01
2.501329499999999825e+04 1.134071636199951172e+01
2.501337800000000061e+04 1.112127208709716797e+01
2.501346099999999933e+04 1.125891590118408203e+01
2.501354400000000169e+04 1.275344181060791016e+01
2.501362700000000041e+04 1.297864532470703125e+01
2.501370999999999913e+04 1.302745723724365234e+01
2.501379300000000148e+04 1.296000480651855469e+01
2.501387600000000020e+04 1.276008892059326172e+01
2.501395899999999892e+04 1.240368652343750000e+01
2.501404200000000128e+04 1.202232551574707031e+01
2.501412500000000000e+04 1.173589897155761719e+01
2.501420799999999872e+04 1.151293563842773438e+01
2.501429100000000108e+04 1.128726100921630859e+01
2.501437399999999980e+04 1.117881202697753906e+01
2.501445699999999852e+04 1.127631759643554688e+01
2.501454000000000087e+04 1.277226257324218750e+01
2.501462299999999959e+04 1.293808174133300781e+01
2.501470599999999831e+04 1.301749801635742188e+01
2.501478900000000067e+04 1.295339679718017578e+01
2.501487199999999939e+04 1.277165889739990234e+01
2.501495500000000175e+04 1.239633274078369141e+01
2.501503800000000047e+04 1.204376888275146484e+01
2.501512099999999919e+04 1.174845027923583984e+01
2.501520400000000154e+04 1.154711055755615234e+01
2.501528700000000026e+04 1.136206340789794922e+01
2.501536999999999898e+04 1.115947437286376953e+01
2.501545300000000134e+04 1.127718734741210938e+01
2.501553600000000006e+04 1.266055393218994141e+01
2.501561899999999878e+04 1.294700336456298828e+01
2.501570200000000114e+04 1.300772762298583984e+01
2.501578499999999985e+04 1.298180294036865234e+01
2.501586799999999857e+04 1.277990627288818359e+01
2.501595100000000093e+04 1.243749141693115234e+01
2.501603399999999965e+04 1.204314708709716797e+01
2.501611699999999837e+04 1.175010776519775391e+01
2.501620000000000073e+04 1.154355812072753906e+01
2.501628299999999945e+04 1.132186031341552734e+01
2.501636600000000180e+04 1.115409755706787109e+01
2.501644900000000052e+04 1.128145503997802734e+01
2.501653199999999924e+04 1.274377632141113281e+01
2.501661500000000160e+04 1.294651889801025391e+01
2.501669800000000032e+04 1.315507125854492188e+01
2.501678099999999904e+04 1.332167720794677734e+01
2.501686400000000140e+04 1.304291915893554688e+01
2.501694700000000012e+04 1.246853828430175781e+01
2.501702999999999884e+04 1.213365554809570312e+01
2.501711300000000119e+04 1.181420993804931641e+01
2.501719599999999991e+04 1.156724834442138672e+01
2.501727899999999863e+04 1.138203430175781250e+01
2.501736200000000099e+04 1.118499088287353516e+01
2.501744499999999971e+04 1.132847690582275391e+01
2.501752799999999843e+04 1.249129867553710938e+01
2.501761100000000079e+04 1.293444442749023438e+01
2.501769399999999951e+04 1.301972675323486328e+01
2.501777699999999822e+04 1.301778411865234375e+01
2.501786000000000058e+04 1.285477733612060547e+01
2.501794299999999930e+04 1.250653171539306641e+01
2.501802600000000166e+04 1.209061813354492188e+01
2.501810900000000038e+04 1.180084609985351562e+01
2.501819199999999910e+04 1.160644531250000000e+01
2.501827500000000146e+04 1.135222434997558594e+01
2.501835800000000017e+04 1.117614650726318359e+01
2.501844099999999889e+04 1.118374919891357422e+01
2.501852400000000125e+04 1.251824855804443359e+01
2.501860699999999997e+04 1.299895668029785156e+01
2.501868999999999869e+04 1.308238315582275391e+01
2.501877300000000105e+04 1.303808212280273438e+01
2.501885599999999977e+04 1.285498714447021484e+01
2.501893899999999849e+04 1.250443363189697266e+01
2.501902200000000084e+04 1.212847805023193359e+01
2.501910499999999956e+04 1.186641693115234375e+01
2.501918799999999828e+04 1.158832550048828125e+01
2.501927100000000064e+04 1.140992641448974609e+01
2.501935399999999936e+04 1.118412017822265625e+01
2.501943700000000172e+04 1.118349552154541016e+01
2.501952000000000044e+04 1.247938823699951172e+01
2.501960299999999916e+04 1.303964424133300781e+01
2.501968600000000151e+04 1.309736061096191406e+01
2.501976900000000023e+04 1.298527812957763672e+01
2.501985199999999895e+04 1.289571475982666016e+01
2.501993500000000131e+04 1.246247673034667969e+01
