2.500009800000000178e+04 1.134013175964355469e+01
2.500018100000000049e+04 1.109012413024902344e+01
2.500026399999999921e+04 1.092514801025390625e+01
2.500034700000000157e+04 1.076906776428222656e+01
2.500043000000000029e+04 1.077681446075439453e+01
2.500051299999999901e+04 1.132447242736816406e+01
2.500059600000000137e+04 1.235381031036376953e+01
2.500067900000000009e+04 1.275973033905029297e+01
2.500076199999999881e+04 1.267239475250244141e+01
2.500084500000000116e+04 1.235539722442626953e+01
2.500092799999999988e+04 1.199898624420166016e+01
2.500101099999999860e+04 1.164044284820556641e+01
2.500109400000000096e+04 1.132862663269042969e+01
2.500117699999999968e+04 1.109342002868652344e+01
2.500125999999999840e+04 1.090108776092529297e+01
2.500134300000000076e+04 1.072160625457763672e+01
2.500142599999999948e+04 1.057244205474853516e+01
2.500150899999999820e+04 1.113856410980224609e+01
2.500159200000000055e+04 1.227398681640625000e+01
2.500167499999999927e+04 1.271568012237548828e+01
2.500175800000000163e+04 1.266852760314941406e+01
2.500184100000000035e+04 1.233478832244873047e+01
2.500192399999999907e+04 1.202488517761230469e+01
2.500200700000000143e+04 1.161373043060302734e+01
2.500209000000000015e+04 1.134522819519042969e+01
2.500217299999999886e+04 1.108629989624023438e+01
2.500225600000000122e+04 1.088866519927978516e+01
2.500233899999999994e+04 1.073412036895751953e+01
2.500242199999999866e+04 1.058724021911621094e+01
2.500250500000000102e+04 1.116615962982177734e+01
2.500258799999999974e+04 1.233678150177001953e+01
2.500267099999999846e+04 1.274222660064697266e+01
2.500275400000000081e+04 1.265902328491210938e+01
2.500283699999999953e+04 1.233532142639160156e+01
2.500291999999999825e+04 1.198017978668212891e+01
2.500300300000000061e+04 1.163783454895019531e+01
2.500308599999999933e+04 1.133168125152587891e+01
2.500316900000000169e+04 1.110057163238525391e+01
2.500325200000000041e+04 1.089834403991699219e+01
2.500333499999999913e+04 1.071893119812011719e+01
2.500341800000000148e+04 1.058354187011718750e+01
2.500350100000000020e+04 1.119629287719726562e+01
2.500358399999999892e+04 1.238676834106445312e+01
2.500366700000000128e+04 1.275253200531005859e+01
2.500375000000000000e+04 1.268616962432861328e+01
2.500383299999999872e+04 1.231081867218017578e+01
2.500391600000000108e+04 1.199516773223876953e+01
2.500399899999999980e+04 1.164098834991455078e+01
2.500408199999999852e+04 1.138502788543701172e+01
2.500416500000000087e+04 1.108446788787841797e+01
2.500424799999999959e+04 1.093290710449218750e+01
2.500433099999999831e+04 1.073723888397216797e+01
2.500441400000000067e+04 1.058231735229492188e+01
2.500449699999999939e+04 1.118524551391601562e+01
2.500458000000000175e+04 1.232837390899658203e+01
2.500466300000000047e+04 1.279541587829589844e+01
2.500474599999999919e+04 1.272112560272216797e+01
2.500482900000000154e+04 1.237578773498535156e+01
2.500491200000000026e+04 1.207511520385742188e+01
2.500499499999999898e+04 1.164498805999755859e+01
2.500507800000000134e+04 1.137209606170654297e+01
2.500516100000000006e+04 1.111875343322753906e+01
2.500524399999999878e+04 1.092160320281982422e+01
2.500532700000000114e+04 1.072405242919921875e+01
2.500540999999999985e+04 1.056564521789550781e+01
2.500549299999999857e+04 1.102098464965820312e+01
2.500557600000000093e+04 1.230122947692871094e+01
2.500565899999999965e+04 1.266031360626220703e+01
2.500574199999999837e+04 1.274967288970947266e+01
2.500582500000000073e+04 1.241385364532470703e+01
2.500590799999999945e+04 1.203002738952636719e+01
2.500599100000000180e+04 1.166145992279052734e+01
2.500607400000000052e+04 1.137881278991699219e+01
2.500615699999999924e+04 1.113421344757080078e+01
2.500624000000000160e+04 1.093648147583007812e+01
2.500632300000000032e+04 1.073003005981445312e+01
2.500640599999999904e+04 1.058387947082519531e+01
2.500648900000000140e+04 1.099693584442138672e+01
2.500657200000000012e+04 1.233480548858642578e+01
2.500665499999999884e+04 1.274271106719970703e+01
2.500673800000000119e+04 1.308234214782714844e+01
2.500682099999999991e+04 1.271845436096191406e+01
2.500690399999999863e+04 1.209458732604980469e+01
2.500698700000000099e+04 1.166575050354003906e+01
2.500706999999999971e+04 1.134729480743408203e+01
2.500715299999999843e+04 1.113911342620849609e+01
2.500723600000000079e+04 1.091927337646484375e+01
2.500731899999999951e+04 1.074242401123046875e+01
2.500740199999999822e+04 1.059796047210693359e+01
2.500748500000000058e+04 1.102360248565673828e+01
2.500756799999999930e+04 1.233611869812011719e+01
2.500765100000000166e+04 1.271518802642822266e+01
2.500773400000000038e+04 1.277495479583740234e+01
2.500781699999999910e+04 1.240557098388671875e+01
2.500790000000000146e+04 1.202998733520507812e+01
2.500798300000000017e+04 1.168103027343750000e+01
2.500806599999999889e+04 1.139631843566894531e+01
2.500814900000000125e+04 1.113507747650146484e+01
2.500823199999999997e+04 1.091084671020507812e+01
2.500831499999999869e+04 1.074773216247558594e+01
2.500839800000000105e+04 1.060414791107177734e+01
2.500848099999999977e+04 1.097948551177978516e+01
2.500856399999999849e+04 1.230930233001708984e+01
2.500864700000000084e+04 1.270024204254150391e+01
2.500872999999999956e+04 1.282406520843505859e+01
2.500881299999999828e+04 1.243425273895263672e+01
2.500889600000000064e+04 1.218403816223144531e+01
2.500897899999999936e+04 1.182053947448730469e+01
2.500906200000000172e+04 1.152228164672851562e+01
2.500914500000000044e+04 1.126807880401611328e+01
2.500922799999999916e+04 1.103390312194824219e+01
2.500931100000000151e+04 1.087476730346679688e+01
2.500939400000000023e+04 1.068052101135253906e+01
2.500947699999999895e+04 1.097162723541259766e+01
2.500956000000000131e+04 1.232208633422851562e+01
2.500964300000000003e+04 1.259169769287109375e+01
2.500972599999999875e+04 1.277779102325439453e+01
2.500980900000000111e+04 1.243849658966064453e+01
2.500989199999999983e+04 1.217857742309570312e+01
2.500997499999999854e+04 1.181114959716796875e+01
2.501005800000000090e+04 1.150947475433349609e+01
2.501014099999999962e+04 1.124220275878906250e+01
2.501022399999999834e+04 1.102936172485351562e+01
2.501030700000000070e+04 1.084138488769531250e+01
2.501038999999999942e+04 1.070936203002929688e+01
2.501047300000000178e+04 1.098501873016357422e+01
2.501055600000000049e+04 1.227273464202880859e+01
2.501063899999999921e+04 1.260845088958740234e+01
2.501072200000000157e+04 1.277580070495605469e+01
2.501080500000000029e+04 1.242374992370605469e+01
2.501088799999999901e+04 1.218165493011474609e+01
2.501097100000000137e+04 1.185054302215576172e+01
2.501105400000000009e+04 1.150981712341308594e+01
2.501113699999999881e+04 1.125190734863281250e+01
2.501122000000000116e+04 1.101309013366699219e+01
2.501130299999999988e+04 1.085766696929931641e+01
2.501138599999999860e+04 1.069629383087158203e+01
2.501146900000000096e+04 1.099479675292968750e+01
2.501155199999999968e+04 1.230553340911865234e+01
2.501163499999999840e+04 1.262703990936279297e+01
2.501171800000000076e+04 1.277359867095947266e+01
2.501180099999999948e+04 1.242605972290039062e+01
2.501188399999999820e+04 1.217774581909179688e+01
2.501196700000000055e+04 1.186558246612548828e+01
2.501204999999999927e+04 1.151603603363037109e+01
2.501213300000000163e+04 1.124245071411132812e+01
2.501221600000000035e+04 1.103777885437011719e+01
2.501229899999999907e+04 1.087727642059326172e+01
2.501238200000000143e+04 1.068860340118408203e+01
2.501246500000000015e+04 1.098544692993164062e+01
2.501254799999999886e+04 1.230685806274414062e+01
2.501263100000000122e+04 1.265240287780761719e+01
2.501271399999999994e+04 1.300369739532470703e+01
2.501279699999999866e+04 1.282582759857177734e+01
2.501288000000000102e+04 1.240226078033447266e+01
2.501296299999999974e+04 1.191386127471923828e+01
2.501304599999999846e+04 1.161606884002685547e+01
2.501312900000000081e+04 1.131744766235351562e+01
2.501321199999999953e+04 1.114259338378906250e+01
2.501329499999999825e+04 1.094342803955078125e+01
2.501337800000000061e+04 1.079793834686279297e+01
2.501346099999999933e+04 1.092136383056640625e+01
2.501354400000000169e+04 1.227923774719238281e+01
2.501362700000000041e+04 1.250315475463867188e+01
2.501370999999999913e+04 1.283654403686523438e+01
2.501379300000000148e+04 1.253581237792968750e+01
2.501387600000000020e+04 1.230829715728759766e+01
2.501395899999999892e+04 1.194971084594726562e+01
2.501404200000000128e+04 1.161044502258300781e+01
2.501412500000000000e+04 1.131937789916992188e+01
2.501420799999999872e+04 1.113885021209716797e+01
2.501429100000000108e+04 1.093742179870605469e+01
2.501437399999999980e+04 1.076959228515625000e+01
2.501445699999999852e+04 1.094388294219970703e+01
2.501454000000000087e+04 1.227589893341064453e+01
2.501462299999999959e+04 1.248594188690185547e+01
2.501470599999999831e+04 1.285197162628173828e+01
2.501478900000000067e+04 1.250899887084960938e+01
2.501487199999999939e+04 1.229209423065185547e+01
2.501495500000000175e+04 1.193399620056152344e+01
2.501503800000000047e+04 1.161076831817626953e+01
2.501512099999999919e+04 1.131585216522216797e+01
2.501520400000000154e+04 1.112320709228515625e+01
2.501528700000000026e+04 1.094196319580078125e+01
2.501536999999999898e+04 1.079401111602783203e+01
2.501545300000000134e+04 1.091929626464843750e+01
2.501553600000000006e+04 1.221463584899902344e+01
2.501561899999999878e+04 1.255720138549804688e+01
2.501570200000000114e+04 1.287792587280273438e+01
2.501578499999999985e+04 1.252134132385253906e+01
2.501586799999999857e+04 1.232007503509521484e+01
2.501595100000000093e+04 1.195386695861816406e+01
2.501603399999999965e+04 1.160781574249267578e+01
2.501611699999999837e+04 1.134925556182861328e+01
2.501620000000000073e+04 1.113370132446289062e+01
2.501628299999999945e+04 1.094905853271484375e+01
2.501636600000000180e+04 1.082144927978515625e+01
2.501644900000000052e+04 1.090532302856445312e+01
2.501653199999999924e+04 1.227146148681640625e+01
2.501661500000000160e+04 1.249678611755371094e+01
2.501669800000000032e+04 1.284401035308837891e+01
2.501678099999999904e+04 1.264089679718017578e+01
2.501686400000000140e+04 1.238444232940673828e+01
2.501694700000000012e+04 1.199584484100341797e+01
2.501702999999999884e+04 1.168813896179199219e+01
2.501711300000000119e+04 1.139019584655761719e+01
2.501719599999999991e+04 1.115235233306884766e+01
2.501727899999999863e+04 1.100346946716308594e+01
2.501736200000000099e+04 1.081204032897949219e+01
2.501744499999999971e+04 1.093612384796142578e+01
2.501752799999999843e+04 1.202033901214599609e+01
2.501761100000000079e+04 1.245399951934814453e+01
2.501769399999999951e+04 1.279353237152099609e+01
2.501777699999999822e+04 1.264770507812500000e+01
2.501786000000000058e+04 1.237450504302978516e+01
2.501794299999999930e+04 1.201999378204345703e+01
2.501802600000000166e+04 1.166588211059570312e+01
2.501810900000000038e+04 1.140317344665527344e+01
2.501819199999999910e+04 1.116602230072021484e+01
2.501827500000000146e+04 1.099965381622314453e+01
2.501835800000000017e+04 1.081693744659423828e+01
2.501844099999999889e+04 1.081593322753906250e+01
2.501852400000000125e+04 1.202516174316406250e+01
2.501860699999999997e+04 1.244012355804443359e+01
2.501868999999999869e+04 1.282528972625732422e+01
2.501877300000000105e+04 1.262971878051757812e+01
2.501885599999999977e+04 1.236703109741210938e+01
2.501893899999999849e+04 1.204009819030761719e+01
2.501902200000000084e+04 1.172034549713134766e+01
2.501910499999999956e+04 1.145165443420410156e+01
2.501918799999999828e+04 1.116459465026855469e+01
2.501927100000000064e+04 1.098082542419433594e+01
2.501935399999999936e+04 1.083613204956054688e+01
2.501943700000000172e+04 1.080639839172363281e+01
2.501952000000000044e+04 1.201732444763183594e+01
2.501960299999999916e+04 1.250587844848632812e+01
2.501968600000000151e+04 1.288970756530761719e+01
2.501976900000000023e+04 1.263768577575683594e+01
2.501985199999999895e+04 1.237615871429443359e+01
2.501993500000000131e+04 1.202145671844482422e+01
