3.998010399999999936e+04 6.600592651367187500e+02
3.998018699999999808e+04 6.600674438476562500e+02
3.998026999999999680e+04 6.600597534179687500e+02
3.998035300000000279e+04 6.598344116210937500e+02
3.998043600000000151e+04 6.591325683593750000e+02
3.998051900000000023e+04 6.579588012695312500e+02
3.998060199999999895e+04 6.566413574218750000e+02
3.998068499999999767e+04 6.555117187500000000e+02
3.998076799999999639e+04 6.548588867187500000e+02
3.998085100000000239e+04 6.547588500976562500e+02
3.998093400000000111e+04 6.547691650390625000e+02
3.998101699999999983e+04 6.547779541015625000e+02
3.998109999999999854e+04 6.547869262695312500e+02
3.998118299999999726e+04 6.547951660156250000e+02
3.998126600000000326e+04 6.547835693359375000e+02
3.998134900000000198e+04 6.545585937500000000e+02
3.998143200000000070e+04 6.538569335937500000e+02
3.998151499999999942e+04 6.526829833984375000e+02
3.998159799999999814e+04 6.513655395507812500e+02
3.998168099999999686e+04 6.501494140625000000e+02
3.998176400000000285e+04 6.493652954101562500e+02
3.998184700000000157e+04 6.492374877929687500e+02
3.998193000000000029e+04 6.492476196289062500e+02
3.998201299999999901e+04 6.492565307617187500e+02
3.998209599999999773e+04 6.492655639648437500e+02
3.998217899999999645e+04 6.492738647460937500e+02
3.998226200000000244e+04 6.492782592773437500e+02
3.998234500000000116e+04 6.491533203125000000e+02
3.998242799999999988e+04 6.485604858398437500e+02
3.998251099999999860e+04 6.474285278320312500e+02
3.998259399999999732e+04 6.460856933593750000e+02
3.998267700000000332e+04 6.448695068359375000e+02
3.998276000000000204e+04 6.440853271484375000e+02
3.998284300000000076e+04 6.439575195312500000e+02
3.998292599999999948e+04 6.439676513671875000e+02
3.998300899999999820e+04 6.439766235351562500e+02
3.998309199999999691e+04 6.439857788085937500e+02
3.998317500000000291e+04 6.439951782226562500e+02
3.998325800000000163e+04 6.439996948242187500e+02
3.998334100000000035e+04 6.438766479492187500e+02
3.998342399999999907e+04 6.432841186523437500e+02
3.998350699999999779e+04 6.421520996093750000e+02
3.998358999999999651e+04 6.408091430664062500e+02
3.998367300000000250e+04 6.395929565429687500e+02
3.998375600000000122e+04 6.388087158203125000e+02
3.998383899999999994e+04 6.386809082031250000e+02
3.998392199999999866e+04 6.386911010742187500e+02
3.998400499999999738e+04 6.387001342773437500e+02
3.998408800000000338e+04 6.387093505859375000e+02
3.998417100000000210e+04 6.387188720703125000e+02
3.998425400000000081e+04 6.387235107421875000e+02
3.998433699999999953e+04 6.386006469726562500e+02
3.998441999999999825e+04 6.380079956054687500e+02
3.998450299999999697e+04 6.368759765625000000e+02
3.998458600000000297e+04 6.355329589843750000e+02
3.998466900000000169e+04 6.343167114257812500e+02
3.998475200000000041e+04 6.335324096679687500e+02
3.998483499999999913e+04 6.334046020507812500e+02
3.998491799999999785e+04 6.334147949218750000e+02
3.998500099999999657e+04 6.334239501953125000e+02
3.998508400000000256e+04 6.334332275390625000e+02
3.998516700000000128e+04 6.334428100585937500e+02
3.998525000000000000e+04 6.334475097656250000e+02
3.998533299999999872e+04 6.333248291015625000e+02
3.998541599999999744e+04 6.327321166992187500e+02
3.998549900000000343e+04 6.316000366210937500e+02
3.998558200000000215e+04 6.302569580078125000e+02
3.998566500000000087e+04 6.290406494140625000e+02
3.998574799999999959e+04 6.281699218750000000e+02
3.998583099999999831e+04 6.280420532226562500e+02
3.998591399999999703e+04 6.280245361328125000e+02
3.998599700000000303e+04 6.280350341796875000e+02
3.998608000000000175e+04 6.280444335937500000e+02
3.998616300000000047e+04 6.280540161132812500e+02
3.998624599999999919e+04 6.280588378906250000e+02
3.998632899999999790e+04 6.279624023437500000e+02
3.998641199999999662e+04 6.273698120117187500e+02
3.998649500000000262e+04 6.263452148437500000e+02
3.998657800000000134e+04 6.250443725585937500e+02
3.998666100000000006e+04 6.238026123046875000e+02
3.998674399999999878e+04 6.229318237304687500e+02
3.998682699999999750e+04 6.226726684570312500e+02
3.998691000000000349e+04 6.226558227539062500e+02
3.998699300000000221e+04 6.226661376953125000e+02
3.998707600000000093e+04 6.226755981445312500e+02
3.998715899999999965e+04 6.226853027343750000e+02
3.998724199999999837e+04 6.226911621093750000e+02
3.998732499999999709e+04 6.225960083007812500e+02
3.998740800000000309e+04 6.220962524414062500e+02
3.998749100000000180e+04 6.210715332031250000e+02
3.998757400000000052e+04 6.197706298828125000e+02
3.998765699999999924e+04 6.185288085937500000e+02
3.998773999999999796e+04 6.176579589843750000e+02
3.998782299999999668e+04 6.173988037109375000e+02
3.998790600000000268e+04 6.173818969726562500e+02
3.998798900000000140e+04 6.173922729492187500e+02
3.998807200000000012e+04 6.174018554687500000e+02
3.998815499999999884e+04 6.174116210937500000e+02
3.998823799999999756e+04 6.174176025390625000e+02
3.998832100000000355e+04 6.173226928710937500e+02
3.998840400000000227e+04 6.168228759765625000e+02
3.998848700000000099e+04 6.157980957031250000e+02
3.998856999999999971e+04 6.144970703125000000e+02
3.998865299999999843e+04 6.132552490234375000e+02
3.998873599999999715e+04 6.123843383789062500e+02
3.998881900000000314e+04 6.121251220703125000e+02
3.998890200000000186e+04 6.121082763671875000e+02
3.998898500000000058e+04 6.121186523437500000e+02
3.998906799999999930e+04 6.121282958984375000e+02
3.998915099999999802e+04 6.121381225585937500e+02
3.998923399999999674e+04 6.121441650390625000e+02
3.998931700000000274e+04 6.120494995117187500e+02
3.998940000000000146e+04 6.115496215820312500e+02
3.998948300000000017e+04 6.105247802734375000e+02
3.998956599999999889e+04 6.092237548828125000e+02
3.998964899999999761e+04 6.079818115234375000e+02
3.998973200000000361e+04 6.070244750976562500e+02
3.998981500000000233e+04 6.067652587890625000e+02
3.998989800000000105e+04 6.067206420898437500e+02
3.998998099999999977e+04 6.067313232421875000e+02
3.999006399999999849e+04 6.067409667968750000e+02
3.999014699999999721e+04 6.067507324218750000e+02
3.999023000000000320e+04 6.067567749023437500e+02
3.999031300000000192e+04 6.066613769531250000e+02
3.999039600000000064e+04 6.061613769531250000e+02
3.999047899999999936e+04 6.052442626953125000e+02
3.999056199999999808e+04 6.039854736328125000e+02
3.999064499999999680e+04 6.027182617187500000e+02
3.999072800000000279e+04 6.017609252929687500e+02
3.999081100000000151e+04 6.013704223632812500e+02
3.999089400000000023e+04 6.013258666992187500e+02
3.999097699999999895e+04 6.013367309570312500e+02
3.999105999999999767e+04 6.013463745117187500e+02
3.999114299999999639e+04 6.013562011718750000e+02
3.999122600000000239e+04 6.013632812500000000e+02
3.999130900000000111e+04 6.012968139648437500e+02
3.999139199999999983e+04 6.008891601562500000e+02
3.999147499999999854e+04 5.999720458984375000e+02
3.999155799999999726e+04 5.987131958007812500e+02
3.999164100000000326e+04 5.974459228515625000e+02
3.999172400000000198e+04 5.964885253906250000e+02
3.999180700000000070e+04 5.960979614257812500e+02
3.999188999999999942e+04 5.960534667968750000e+02
3.999197299999999814e+04 5.960643310546875000e+02
3.999205599999999686e+04 5.960740356445312500e+02
3.999213900000000285e+04 5.960839843750000000e+02
3.999222200000000157e+04 5.960911254882812500e+02
3.999230500000000029e+04 5.960249023437500000e+02
3.999238799999999901e+04 5.956171875000000000e+02
3.999247099999999773e+04 5.947000122070312500e+02
3.999255399999999645e+04 5.934411010742187500e+02
3.999263700000000244e+04 5.921737670898437500e+02
3.999272000000000116e+04 5.912163696289062500e+02
3.999280299999999988e+04 5.908258056640625000e+02
3.999288599999999860e+04 5.907812500000000000e+02
3.999296899999999732e+04 5.907921752929687500e+02
3.999305200000000332e+04 5.908019409179687500e+02
3.999313500000000204e+04 5.908119506835937500e+02
3.999321800000000076e+04 5.908192138671875000e+02
3.999330099999999948e+04 5.907531738281250000e+02
3.999338399999999820e+04 5.903454589843750000e+02
3.999346699999999691e+04 5.894282226562500000e+02
3.999355000000000291e+04 5.881692504882812500e+02
3.999363300000000163e+04 5.869018554687500000e+02
3.999371600000000035e+04 5.859443969726562500e+02
3.999379899999999907e+04 5.855538330078125000e+02
3.999388199999999779e+04 5.854815673828125000e+02
3.999396499999999651e+04 5.854930419921875000e+02
3.999404800000000250e+04 5.855028686523437500e+02
3.999413100000000122e+04 5.855128784179687500e+02
3.999421399999999994e+04 5.855202026367187500e+02
3.999429699999999866e+04 5.854541015625000000e+02
3.999437999999999738e+04 5.850463256835937500e+02
3.999446300000000338e+04 5.842366943359375000e+02
3.999454600000000210e+04 5.829777221679687500e+02
3.999462900000000081e+04 5.816849365234375000e+02
3.999471199999999953e+04 5.806409912109375000e+02
3.999479499999999825e+04 5.801190185546875000e+02
3.999487799999999697e+04 5.800466918945312500e+02
3.999496100000000297e+04 5.800577392578125000e+02
3.999504400000000169e+04 5.800675659179687500e+02
3.999512700000000041e+04 5.800776977539062500e+02
3.999520999999999913e+04 5.800860595703125000e+02
3.999529299999999785e+04 5.800487060546875000e+02
3.999537599999999657e+04 5.797329101562500000e+02
3.999545900000000256e+04 5.789230957031250000e+02
3.999554200000000128e+04 5.777062988281250000e+02
3.999562500000000000e+04 5.764134521484375000e+02
3.999570799999999872e+04 5.753695068359375000e+02
3.999579099999999744e+04 5.748474731445312500e+02
3.999587400000000343e+04 5.747752075195312500e+02
3.999595700000000215e+04 5.747861938476562500e+02
3.999604000000000087e+04 5.747961425781250000e+02
3.999612299999999959e+04 5.748063354492187500e+02
3.999620599999999831e+04 5.748147583007812500e+02
3.999628899999999703e+04 5.747776489257812500e+02
3.999637200000000303e+04 5.744617919921875000e+02
3.999645500000000175e+04 5.736519775390625000e+02
3.999653800000000047e+04 5.724351196289062500e+02
3.999662099999999919e+04 5.711422119140625000e+02
3.999670399999999790e+04 5.700982055664062500e+02
3.999678699999999662e+04 5.695761718750000000e+02
3.999687000000000262e+04 5.695039062500000000e+02
3.999695300000000134e+04 5.695148925781250000e+02
3.999703600000000006e+04 5.695249023437500000e+02
3.999711899999999878e+04 5.695351562500000000e+02
3.999720199999999750e+04 5.695436401367187500e+02
3.999728500000000349e+04 5.695067749023437500e+02
3.999736800000000221e+04 5.691909179687500000e+02
3.999745100000000093e+04 5.683810424804687500e+02
3.999753399999999965e+04 5.671641235351562500e+02
3.999761699999999837e+04 5.658712158203125000e+02
3.999769999999999709e+04 5.648271484375000000e+02
3.999778300000000309e+04 5.643051147460937500e+02
3.999786600000000180e+04 5.642050781250000000e+02
3.999794900000000052e+04 5.642164306640625000e+02
3.999803199999999924e+04 5.642265014648437500e+02
3.999811499999999796e+04 5.642366943359375000e+02
3.999819799999999668e+04 5.642452392578125000e+02
3.999828100000000268e+04 5.642082519531250000e+02
3.999836400000000140e+04 5.638924560546875000e+02
3.999844700000000012e+04 5.630825195312500000e+02
3.999852999999999884e+04 5.618655395507812500e+02
3.999861299999999756e+04 5.605472412109375000e+02
3.999869600000000355e+04 5.594167480468750000e+02
3.999877900000000227e+04 5.587632446289062500e+02
3.999886200000000099e+04 5.586632080078125000e+02
3.999894499999999971e+04 5.586739501953125000e+02
3.999902799999999843e+04 5.586840820312500000e+02
3.999911099999999715e+04 5.586943969726562500e+02
3.999919400000000314e+04 5.587039794921875000e+02
3.999927700000000186e+04 5.586957397460937500e+02
3.999936000000000058e+04 5.584712524414062500e+02
3.999944299999999930e+04 5.577689819335937500e+02
3.999952599999999802e+04 5.565941162109375000e+02
3.999960899999999674e+04 5.552758178710937500e+02
3.999969200000000274e+04 5.541452636718750000e+02
3.999977500000000146e+04 5.534917602539062500e+02
3.999985800000000017e+04 5.533916625976562500e+02
3.999994099999999889e+04 5.534024658203125000e+02
