3.998010399999999936e+04 6.456235351562500000e+02
3.998018699999999808e+04 6.456338500976562500e+02
3.998026999999999680e+04 6.456282958984375000e+02
3.998035300000000279e+04 6.454008789062500000e+02
3.998043600000000151e+04 6.446962890625000000e+02
3.998051900000000023e+04 6.435211791992187500e+02
3.998060199999999895e+04 6.422026977539062500e+02
3.998068499999999767e+04 6.410715942382812500e+02
3.998076799999999639e+04 6.404138183593750000e+02
3.998085100000000239e+04 6.403079223632812500e+02
3.998093400000000111e+04 6.403118286132812500e+02
3.998101699999999983e+04 6.403193359375000000e+02
3.998109999999999854e+04 6.403276367187500000e+02
3.998118299999999726e+04 6.403366699218750000e+02
3.998126600000000326e+04 6.403272094726562500e+02
3.998134900000000198e+04 6.400999145507812500e+02
3.998143200000000070e+04 6.393930053710937500e+02
3.998151499999999942e+04 6.382140502929687500e+02
3.998159799999999814e+04 6.368934936523437500e+02
3.998168099999999686e+04 6.356722412109375000e+02
3.998176400000000285e+04 6.348828735351562500e+02
3.998184700000000157e+04 6.347515258789062500e+02
3.998193000000000029e+04 6.347563476562500000e+02
3.998201299999999901e+04 6.347670898437500000e+02
3.998209599999999773e+04 6.347782592773437500e+02
3.998217899999999645e+04 6.347887573242187500e+02
3.998226200000000244e+04 6.347951049804687500e+02
3.998234500000000116e+04 6.346706542968750000e+02
3.998242799999999988e+04 6.340709228515625000e+02
3.998251099999999860e+04 6.329343261718750000e+02
3.998259399999999732e+04 6.315859375000000000e+02
3.998267700000000332e+04 6.303640136718750000e+02
3.998276000000000204e+04 6.295748291015625000e+02
3.998284300000000076e+04 6.294417114257812500e+02
3.998292599999999948e+04 6.294450073242187500e+02
3.998300899999999820e+04 6.294558715820312500e+02
3.998309199999999691e+04 6.294671630859375000e+02
3.998317500000000291e+04 6.294785766601562500e+02
3.998325800000000163e+04 6.294851684570312500e+02
3.998334100000000035e+04 6.293628540039062500e+02
3.998342399999999907e+04 6.287658691406250000e+02
3.998350699999999779e+04 6.276331787109375000e+02
3.998358999999999651e+04 6.262850341796875000e+02
3.998367300000000250e+04 6.250637817382812500e+02
3.998375600000000122e+04 6.242740478515625000e+02
3.998383899999999994e+04 6.241411743164062500e+02
3.998392199999999866e+04 6.241441040039062500e+02
3.998400499999999738e+04 6.241544189453125000e+02
3.998408800000000338e+04 6.241656494140625000e+02
3.998417100000000210e+04 6.241773681640625000e+02
3.998425400000000081e+04 6.241840820312500000e+02
3.998433699999999953e+04 6.240620117187500000e+02
3.998441999999999825e+04 6.234636230468750000e+02
3.998450299999999697e+04 6.223264770507812500e+02
3.998458600000000297e+04 6.209780883789062500e+02
3.998466900000000169e+04 6.197562255859375000e+02
3.998475200000000041e+04 6.189660644531250000e+02
3.998483499999999913e+04 6.188320922851562500e+02
3.998491799999999785e+04 6.188356933593750000e+02
3.998500099999999657e+04 6.188458251953125000e+02
3.998508400000000256e+04 6.188569335937500000e+02
3.998516700000000128e+04 6.188686523437500000e+02
3.998525000000000000e+04 6.188753051757812500e+02
3.998533299999999872e+04 6.187532348632812500e+02
3.998541599999999744e+04 6.181565551757812500e+02
3.998549900000000343e+04 6.170226440429687500e+02
3.998558200000000215e+04 6.156768798828125000e+02
3.998566500000000087e+04 6.144566040039062500e+02
3.998574799999999959e+04 6.135818481445312500e+02
3.998583099999999831e+04 6.134501342773437500e+02
3.998591399999999703e+04 6.134276123046875000e+02
3.998599700000000303e+04 6.134363403320312500e+02
3.998608000000000175e+04 6.134475097656250000e+02
3.998616300000000047e+04 6.134589843750000000e+02
3.998624599999999919e+04 6.134655151367187500e+02
3.998632899999999790e+04 6.133701171875000000e+02
3.998641199999999662e+04 6.127732543945312500e+02
3.998649500000000262e+04 6.117474365234375000e+02
3.998657800000000134e+04 6.104423828125000000e+02
3.998666100000000006e+04 6.091967163085937500e+02
3.998674399999999878e+04 6.083218383789062500e+02
3.998682699999999750e+04 6.080586547851562500e+02
3.998691000000000349e+04 6.080365600585937500e+02
3.998699300000000221e+04 6.080457153320312500e+02
3.998707600000000093e+04 6.080557861328125000e+02
3.998715899999999965e+04 6.080673217773437500e+02
3.998724199999999837e+04 6.080749511718750000e+02
3.998732499999999709e+04 6.079818725585937500e+02
3.998740800000000309e+04 6.074774780273437500e+02
3.998749100000000180e+04 6.064520874023437500e+02
3.998757400000000052e+04 6.051475830078125000e+02
3.998765699999999924e+04 6.039044189453125000e+02
3.998773999999999796e+04 6.030319213867187500e+02
3.998782299999999668e+04 6.027696533203125000e+02
3.998790600000000268e+04 6.027463989257812500e+02
3.998798900000000140e+04 6.027561035156250000e+02
3.998807200000000012e+04 6.027675781250000000e+02
3.998815499999999884e+04 6.027792968750000000e+02
3.998823799999999756e+04 6.027871093750000000e+02
3.998832100000000355e+04 6.026943359375000000e+02
3.998840400000000227e+04 6.021898193359375000e+02
3.998848700000000099e+04 6.011643066406250000e+02
3.998856999999999971e+04 5.998609008789062500e+02
3.998865299999999843e+04 5.986170043945312500e+02
3.998873599999999715e+04 5.977438354492187500e+02
3.998881900000000314e+04 5.974826660156250000e+02
3.998890200000000186e+04 5.974622802734375000e+02
3.998898500000000058e+04 5.974729003906250000e+02
3.998906799999999930e+04 5.974838867187500000e+02
3.998915099999999802e+04 5.974956665039062500e+02
3.998923399999999674e+04 5.975035400390625000e+02
3.998931700000000274e+04 5.974108886718750000e+02
3.998940000000000146e+04 5.969066162109375000e+02
3.998948300000000017e+04 5.958807983398437500e+02
3.998956599999999889e+04 5.945736083984375000e+02
3.998964899999999761e+04 5.933271484375000000e+02
3.998973200000000361e+04 5.923670043945312500e+02
3.998981500000000233e+04 5.921041870117187500e+02
3.998989800000000105e+04 5.920548706054687500e+02
3.998998099999999977e+04 5.920629272460937500e+02
3.999006399999999849e+04 5.920743408203125000e+02
3.999014699999999721e+04 5.920858764648437500e+02
3.999023000000000320e+04 5.920935668945312500e+02
3.999031300000000192e+04 5.919993896484375000e+02
3.999039600000000064e+04 5.914949951171875000e+02
3.999047899999999936e+04 5.905769653320312500e+02
3.999056199999999808e+04 5.893165893554687500e+02
3.999064499999999680e+04 5.880479125976562500e+02
3.999072800000000279e+04 5.870890502929687500e+02
3.999081100000000151e+04 5.866968994140625000e+02
3.999089400000000023e+04 5.866500244140625000e+02
3.999097699999999895e+04 5.866603393554687500e+02
3.999105999999999767e+04 5.866716308593750000e+02
3.999114299999999639e+04 5.866830444335937500e+02
3.999122600000000239e+04 5.866917114257812500e+02
3.999130900000000111e+04 5.866271362304687500e+02
3.999139199999999983e+04 5.862152099609375000e+02
3.999147499999999854e+04 5.852966308593750000e+02
3.999155799999999726e+04 5.840332641601562500e+02
3.999164100000000326e+04 5.827612915039062500e+02
3.999172400000000198e+04 5.817975463867187500e+02
3.999180700000000070e+04 5.814003295898437500e+02
3.999188999999999942e+04 5.813485107421875000e+02
3.999197299999999814e+04 5.813546752929687500e+02
3.999205599999999686e+04 5.813655395507812500e+02
3.999213900000000285e+04 5.813771362304687500e+02
3.999222200000000157e+04 5.813857421875000000e+02
3.999230500000000029e+04 5.813212280273437500e+02
3.999238799999999901e+04 5.809093017578125000e+02
3.999247099999999773e+04 5.799908447265625000e+02
3.999255399999999645e+04 5.787295532226562500e+02
3.999263700000000244e+04 5.774598999023437500e+02
3.999272000000000116e+04 5.765001220703125000e+02
3.999280299999999988e+04 5.761072998046875000e+02
3.999288599999999860e+04 5.760596923828125000e+02
3.999296899999999732e+04 5.760690917968750000e+02
3.999305200000000332e+04 5.760804443359375000e+02
3.999313500000000204e+04 5.760921630859375000e+02
3.999321800000000076e+04 5.761009521484375000e+02
3.999330099999999948e+04 5.760366821289062500e+02
3.999338399999999820e+04 5.756246337890625000e+02
3.999346699999999691e+04 5.747060546875000000e+02
3.999355000000000291e+04 5.734456176757812500e+02
3.999363300000000163e+04 5.721760253906250000e+02
3.999371600000000035e+04 5.712160644531250000e+02
3.999379899999999907e+04 5.708226928710937500e+02
3.999388199999999779e+04 5.707478027343750000e+02
3.999396499999999651e+04 5.707577514648437500e+02
3.999404800000000250e+04 5.707692260742187500e+02
3.999413100000000122e+04 5.707809448242187500e+02
3.999421399999999994e+04 5.707899169921875000e+02
3.999429699999999866e+04 5.707257080078125000e+02
3.999437999999999738e+04 5.703137207031250000e+02
3.999446300000000338e+04 5.695027465820312500e+02
3.999454600000000210e+04 5.682420043945312500e+02
3.999462900000000081e+04 5.669475097656250000e+02
3.999471199999999953e+04 5.659020385742187500e+02
3.999479499999999825e+04 5.653784179687500000e+02
3.999487799999999697e+04 5.653040771484375000e+02
3.999496100000000297e+04 5.653137817382812500e+02
3.999504400000000169e+04 5.653253173828125000e+02
3.999512700000000041e+04 5.653369750976562500e+02
3.999520999999999913e+04 5.653469238281250000e+02
3.999529299999999785e+04 5.653111572265625000e+02
3.999537599999999657e+04 5.649921264648437500e+02
3.999545900000000256e+04 5.641797485351562500e+02
3.999554200000000128e+04 5.629603271484375000e+02
3.999562500000000000e+04 5.616658325195312500e+02
3.999570799999999872e+04 5.606199340820312500e+02
3.999579099999999744e+04 5.600961914062500000e+02
3.999587400000000343e+04 5.600218505859375000e+02
3.999595700000000215e+04 5.600316162109375000e+02
3.999604000000000087e+04 5.600429687500000000e+02
3.999612299999999959e+04 5.600548706054687500e+02
3.999620599999999831e+04 5.600650024414062500e+02
3.999628899999999703e+04 5.600296630859375000e+02
3.999637200000000303e+04 5.597106323242187500e+02
3.999645500000000175e+04 5.588991699218750000e+02
3.999653800000000047e+04 5.576806640625000000e+02
3.999662099999999919e+04 5.563853149414062500e+02
3.999670399999999790e+04 5.553385009765625000e+02
3.999678699999999662e+04 5.548140869140625000e+02
3.999687000000000262e+04 5.547390136718750000e+02
3.999695300000000134e+04 5.547478027343750000e+02
3.999703600000000006e+04 5.547584228515625000e+02
3.999711899999999878e+04 5.547695922851562500e+02
3.999720199999999750e+04 5.547788085937500000e+02
3.999728500000000349e+04 5.547435913085937500e+02
3.999736800000000221e+04 5.544245605468750000e+02
3.999745100000000093e+04 5.536132202148437500e+02
3.999753399999999965e+04 5.523946533203125000e+02
3.999761699999999837e+04 5.511002197265625000e+02
3.999769999999999709e+04 5.500543823242187500e+02
3.999778300000000309e+04 5.495305786132812500e+02
3.999786600000000180e+04 5.494288330078125000e+02
3.999794900000000052e+04 5.494382934570312500e+02
3.999803199999999924e+04 5.494497680664062500e+02
3.999811499999999796e+04 5.494616699218750000e+02
3.999819799999999668e+04 5.494718627929687500e+02
3.999828100000000268e+04 5.494366455078125000e+02
3.999836400000000140e+04 5.491173095703125000e+02
3.999844700000000012e+04 5.483058471679687500e+02
3.999852999999999884e+04 5.470870361328125000e+02
3.999861299999999756e+04 5.457671508789062500e+02
3.999869600000000355e+04 5.446348876953125000e+02
3.999877900000000227e+04 5.439799804687500000e+02
3.999886200000000099e+04 5.438773193359375000e+02
3.999894499999999971e+04 5.438862915039062500e+02
3.999902799999999843e+04 5.438980712890625000e+02
3.999911099999999715e+04 5.439101562500000000e+02
3.999919400000000314e+04 5.439215087890625000e+02
3.999927700000000186e+04 5.439149780273437500e+02
3.999936000000000058e+04 5.436887817382812500e+02
3.999944299999999930e+04 5.429847412109375000e+02
3.999952599999999802e+04 5.418059692382812500e+02
3.999960899999999674e+04 5.404812622070312500e+02
3.999969200000000274e+04 5.393450317382812500e+02
3.999977500000000146e+04 5.386856689453125000e+02
3.999985800000000017e+04 5.385796508789062500e+02
3.999994099999999889e+04 5.385845947265625000e+02
