3.998010399999999936e+04 7.280100097656250000e+02
3.998018699999999808e+04 7.280181884765625000e+02
3.998026999999999680e+04 7.280104980468750000e+02
3.998035300000000279e+04 7.277851562500000000e+02
3.998043600000000151e+04 7.270833129882812500e+02
3.998051900000000023e+04 7.259095458984375000e+02
3.998060199999999895e+04 7.245921020507812500e+02
3.998068499999999767e+04 7.234624633789062500e+02
3.998076799999999639e+04 7.228096313476562500e+02
3.998085100000000239e+04 7.227095947265625000e+02
3.998093400000000111e+04 7.227199096679687500e+02
3.998101699999999983e+04 7.227286987304687500e+02
3.998109999999999854e+04 7.227376708984375000e+02
3.998118299999999726e+04 7.227459106445312500e+02
3.998126600000000326e+04 7.227343139648437500e+02
3.998134900000000198e+04 7.225093383789062500e+02
3.998143200000000070e+04 7.218076782226562500e+02
3.998151499999999942e+04 7.206337280273437500e+02
3.998159799999999814e+04 7.193162841796875000e+02
3.998168099999999686e+04 7.181001586914062500e+02
3.998176400000000285e+04 7.173160400390625000e+02
3.998184700000000157e+04 7.171882324218750000e+02
3.998193000000000029e+04 7.171983642578125000e+02
3.998201299999999901e+04 7.172072753906250000e+02
3.998209599999999773e+04 7.172163085937500000e+02
3.998217899999999645e+04 7.172246093750000000e+02
3.998226200000000244e+04 7.172290039062500000e+02
3.998234500000000116e+04 7.171040649414062500e+02
3.998242799999999988e+04 7.165112304687500000e+02
3.998251099999999860e+04 7.153792724609375000e+02
3.998259399999999732e+04 7.140364379882812500e+02
3.998267700000000332e+04 7.128202514648437500e+02
3.998276000000000204e+04 7.120360717773437500e+02
3.998284300000000076e+04 7.119082641601562500e+02
3.998292599999999948e+04 7.119183959960937500e+02
3.998300899999999820e+04 7.119273681640625000e+02
3.998309199999999691e+04 7.119365234375000000e+02
3.998317500000000291e+04 7.119459228515625000e+02
3.998325800000000163e+04 7.119504394531250000e+02
3.998334100000000035e+04 7.118273925781250000e+02
3.998342399999999907e+04 7.112348632812500000e+02
3.998350699999999779e+04 7.101028442382812500e+02
3.998358999999999651e+04 7.087598876953125000e+02
3.998367300000000250e+04 7.075437011718750000e+02
3.998375600000000122e+04 7.067594604492187500e+02
3.998383899999999994e+04 7.066316528320312500e+02
3.998392199999999866e+04 7.066418457031250000e+02
3.998400499999999738e+04 7.066508789062500000e+02
3.998408800000000338e+04 7.066600952148437500e+02
3.998417100000000210e+04 7.066696166992187500e+02
3.998425400000000081e+04 7.066742553710937500e+02
3.998433699999999953e+04 7.065513916015625000e+02
3.998441999999999825e+04 7.059587402343750000e+02
3.998450299999999697e+04 7.048267211914062500e+02
3.998458600000000297e+04 7.034837036132812500e+02
3.998466900000000169e+04 7.022674560546875000e+02
3.998475200000000041e+04 7.014831542968750000e+02
3.998483499999999913e+04 7.013553466796875000e+02
3.998491799999999785e+04 7.013655395507812500e+02
3.998500099999999657e+04 7.013746948242187500e+02
3.998508400000000256e+04 7.013839721679687500e+02
3.998516700000000128e+04 7.013935546875000000e+02
3.998525000000000000e+04 7.013982543945312500e+02
3.998533299999999872e+04 7.012755737304687500e+02
3.998541599999999744e+04 7.006828613281250000e+02
3.998549900000000343e+04 6.995507812500000000e+02
3.998558200000000215e+04 6.982077026367187500e+02
3.998566500000000087e+04 6.969913940429687500e+02
3.998574799999999959e+04 6.961206665039062500e+02
3.998583099999999831e+04 6.959927978515625000e+02
3.998591399999999703e+04 6.959752807617187500e+02
3.998599700000000303e+04 6.959857788085937500e+02
3.998608000000000175e+04 6.959951782226562500e+02
3.998616300000000047e+04 6.960047607421875000e+02
3.998624599999999919e+04 6.960095825195312500e+02
3.998632899999999790e+04 6.959131469726562500e+02
3.998641199999999662e+04 6.953205566406250000e+02
3.998649500000000262e+04 6.942959594726562500e+02
3.998657800000000134e+04 6.929951171875000000e+02
3.998666100000000006e+04 6.917533569335937500e+02
3.998674399999999878e+04 6.908825683593750000e+02
3.998682699999999750e+04 6.906234130859375000e+02
3.998691000000000349e+04 6.906065673828125000e+02
3.998699300000000221e+04 6.906168823242187500e+02
3.998707600000000093e+04 6.906263427734375000e+02
3.998715899999999965e+04 6.906360473632812500e+02
3.998724199999999837e+04 6.906419067382812500e+02
3.998732499999999709e+04 6.905467529296875000e+02
3.998740800000000309e+04 6.900469970703125000e+02
3.998749100000000180e+04 6.890222778320312500e+02
3.998757400000000052e+04 6.877213745117187500e+02
3.998765699999999924e+04 6.864795532226562500e+02
3.998773999999999796e+04 6.856087036132812500e+02
3.998782299999999668e+04 6.853495483398437500e+02
3.998790600000000268e+04 6.853326416015625000e+02
3.998798900000000140e+04 6.853430175781250000e+02
3.998807200000000012e+04 6.853526000976562500e+02
3.998815499999999884e+04 6.853623657226562500e+02
3.998823799999999756e+04 6.853683471679687500e+02
3.998832100000000355e+04 6.852734375000000000e+02
3.998840400000000227e+04 6.847736206054687500e+02
3.998848700000000099e+04 6.837488403320312500e+02
3.998856999999999971e+04 6.824478149414062500e+02
3.998865299999999843e+04 6.812059936523437500e+02
3.998873599999999715e+04 6.803350830078125000e+02
3.998881900000000314e+04 6.800758666992187500e+02
3.998890200000000186e+04 6.800590209960937500e+02
3.998898500000000058e+04 6.800693969726562500e+02
3.998906799999999930e+04 6.800790405273437500e+02
3.998915099999999802e+04 6.800888671875000000e+02
3.998923399999999674e+04 6.800949096679687500e+02
3.998931700000000274e+04 6.800002441406250000e+02
3.998940000000000146e+04 6.795003662109375000e+02
3.998948300000000017e+04 6.784755859375000000e+02
3.998956599999999889e+04 6.771744995117187500e+02
3.998964899999999761e+04 6.759325561523437500e+02
3.998973200000000361e+04 6.749752197265625000e+02
3.998981500000000233e+04 6.747160034179687500e+02
3.998989800000000105e+04 6.746713867187500000e+02
3.998998099999999977e+04 6.746820678710937500e+02
3.999006399999999849e+04 6.893915405273437500e+02
3.999014699999999721e+04 6.894013671875000000e+02
3.999023000000000320e+04 6.894073486328125000e+02
3.999031300000000192e+04 6.893119506835937500e+02
3.999039600000000064e+04 6.888119506835937500e+02
3.999047899999999936e+04 6.878948974609375000e+02
3.999056199999999808e+04 6.866360473632812500e+02
3.999064499999999680e+04 6.853688354492187500e+02
3.999072800000000279e+04 6.844114990234375000e+02
3.999081100000000151e+04 6.840209960937500000e+02
3.999089400000000023e+04 6.839764404296875000e+02
3.999097699999999895e+04 6.839873046875000000e+02
3.999105999999999767e+04 6.839969482421875000e+02
3.999114299999999639e+04 6.840068359375000000e+02
3.999122600000000239e+04 6.840138549804687500e+02
3.999130900000000111e+04 6.839473876953125000e+02
3.999139199999999983e+04 6.835397949218750000e+02
3.999147499999999854e+04 6.826226196289062500e+02
3.999155799999999726e+04 6.813637695312500000e+02
3.999164100000000326e+04 6.800964965820312500e+02
3.999172400000000198e+04 6.791390991210937500e+02
3.999180700000000070e+04 6.787485351562500000e+02
3.999188999999999942e+04 6.787040405273437500e+02
3.999197299999999814e+04 6.787149047851562500e+02
3.999205599999999686e+04 6.787246093750000000e+02
3.999213900000000285e+04 6.787345581054687500e+02
3.999222200000000157e+04 6.787416992187500000e+02
3.999230500000000029e+04 6.786754760742187500e+02
3.999238799999999901e+04 6.782677612304687500e+02
3.999247099999999773e+04 6.773505859375000000e+02
3.999255399999999645e+04 6.760916748046875000e+02
3.999263700000000244e+04 6.748243408203125000e+02
3.999272000000000116e+04 6.738669433593750000e+02
3.999280299999999988e+04 6.734763793945312500e+02
3.999288599999999860e+04 6.734318237304687500e+02
3.999296899999999732e+04 6.734427490234375000e+02
3.999305200000000332e+04 6.734525146484375000e+02
3.999313500000000204e+04 6.734625244140625000e+02
3.999321800000000076e+04 6.734697875976562500e+02
3.999330099999999948e+04 6.734037475585937500e+02
3.999338399999999820e+04 6.729960327148437500e+02
3.999346699999999691e+04 6.720787963867187500e+02
3.999355000000000291e+04 6.708198242187500000e+02
3.999363300000000163e+04 6.695524902343750000e+02
3.999371600000000035e+04 6.685949707031250000e+02
3.999379899999999907e+04 6.682044067382812500e+02
3.999388199999999779e+04 6.681321411132812500e+02
3.999396499999999651e+04 6.681436157226562500e+02
3.999404800000000250e+04 6.681534423828125000e+02
3.999413100000000122e+04 6.681634521484375000e+02
3.999421399999999994e+04 6.681707763671875000e+02
3.999429699999999866e+04 6.681046752929687500e+02
3.999437999999999738e+04 6.676968994140625000e+02
3.999446300000000338e+04 6.668872680664062500e+02
3.999454600000000210e+04 6.656282958984375000e+02
3.999462900000000081e+04 6.643355102539062500e+02
3.999471199999999953e+04 6.632916259765625000e+02
3.999479499999999825e+04 6.627695922851562500e+02
3.999487799999999697e+04 6.626973266601562500e+02
3.999496100000000297e+04 6.627083129882812500e+02
3.999504400000000169e+04 6.627182006835937500e+02
3.999512700000000041e+04 6.627282714843750000e+02
3.999520999999999913e+04 6.627366333007812500e+02
3.999529299999999785e+04 6.626992797851562500e+02
3.999537599999999657e+04 6.623834838867187500e+02
3.999545900000000256e+04 6.615737304687500000e+02
3.999554200000000128e+04 6.603568725585937500e+02
3.999562500000000000e+04 6.590640869140625000e+02
3.999570799999999872e+04 6.580200805664062500e+02
3.999579099999999744e+04 6.574981079101562500e+02
3.999587400000000343e+04 6.574257812500000000e+02
3.999595700000000215e+04 6.574367675781250000e+02
3.999604000000000087e+04 6.574467163085937500e+02
3.999612299999999959e+04 6.574569091796875000e+02
3.999620599999999831e+04 6.574653320312500000e+02
3.999628899999999703e+04 6.574282226562500000e+02
3.999637200000000303e+04 6.571123657226562500e+02
3.999645500000000175e+04 6.563025512695312500e+02
3.999653800000000047e+04 6.550856933593750000e+02
3.999662099999999919e+04 6.537928466796875000e+02
3.999670399999999790e+04 6.527487792968750000e+02
3.999678699999999662e+04 6.522267456054687500e+02
3.999687000000000262e+04 6.521544799804687500e+02
3.999695300000000134e+04 6.521654663085937500e+02
3.999703600000000006e+04 6.521755371093750000e+02
3.999711899999999878e+04 6.521857299804687500e+02
3.999720199999999750e+04 6.521942138671875000e+02
3.999728500000000349e+04 6.521573486328125000e+02
3.999736800000000221e+04 6.518414916992187500e+02
3.999745100000000093e+04 6.510316162109375000e+02
3.999753399999999965e+04 6.498146972656250000e+02
3.999761699999999837e+04 6.485217895507812500e+02
3.999769999999999709e+04 6.474777221679687500e+02
3.999778300000000309e+04 6.469556884765625000e+02
3.999786600000000180e+04 6.468556518554687500e+02
3.999794900000000052e+04 6.468670043945312500e+02
3.999803199999999924e+04 6.468770751953125000e+02
3.999811499999999796e+04 6.468872680664062500e+02
3.999819799999999668e+04 6.468958740234375000e+02
3.999828100000000268e+04 6.468588256835937500e+02
3.999836400000000140e+04 6.465430297851562500e+02
3.999844700000000012e+04 6.457330932617187500e+02
3.999852999999999884e+04 6.445161132812500000e+02
3.999861299999999756e+04 6.431978149414062500e+02
3.999869600000000355e+04 6.420673217773437500e+02
3.999877900000000227e+04 6.414138183593750000e+02
3.999886200000000099e+04 6.413137817382812500e+02
3.999894499999999971e+04 6.413245849609375000e+02
3.999902799999999843e+04 6.413346557617187500e+02
3.999911099999999715e+04 6.413449707031250000e+02
3.999919400000000314e+04 6.413545532226562500e+02
3.999927700000000186e+04 6.413463134765625000e+02
3.999936000000000058e+04 6.411218261718750000e+02
3.999944299999999930e+04 6.404195556640625000e+02
3.999952599999999802e+04 6.392447509765625000e+02
3.999960899999999674e+04 6.379263916015625000e+02
3.999969200000000274e+04 6.367958374023437500e+02
3.999977500000000146e+04 6.361423339843750000e+02
3.999985800000000017e+04 6.360422973632812500e+02
3.999994099999999889e+04 6.360531005859375000e+02
