3.998010399999999936e+04 7.175742797851562500e+02
3.998018699999999808e+04 7.175845947265625000e+02
3.998026999999999680e+04 7.175790405273437500e+02
3.998035300000000279e+04 7.173516235351562500e+02
3.998043600000000151e+04 7.166470336914062500e+02
3.998051900000000023e+04 7.154719238281250000e+02
3.998060199999999895e+04 7.141535034179687500e+02
3.998068499999999767e+04 7.130223388671875000e+02
3.998076799999999639e+04 7.123645629882812500e+02
3.998085100000000239e+04 7.122586669921875000e+02
3.998093400000000111e+04 7.122626342773437500e+02
3.998101699999999983e+04 7.122700805664062500e+02
3.998109999999999854e+04 7.122783813476562500e+02
3.998118299999999726e+04 7.122874145507812500e+02
3.998126600000000326e+04 7.122779541015625000e+02
3.998134900000000198e+04 7.120506591796875000e+02
3.998143200000000070e+04 7.113437500000000000e+02
3.998151499999999942e+04 7.101647949218750000e+02
3.998159799999999814e+04 7.088442382812500000e+02
3.998168099999999686e+04 7.076229858398437500e+02
3.998176400000000285e+04 7.068336181640625000e+02
3.998184700000000157e+04 7.067022705078125000e+02
3.998193000000000029e+04 7.067070922851562500e+02
3.998201299999999901e+04 7.067178344726562500e+02
3.998209599999999773e+04 7.067290039062500000e+02
3.998217899999999645e+04 7.067395019531250000e+02
3.998226200000000244e+04 7.067459106445312500e+02
3.998234500000000116e+04 7.066213989257812500e+02
3.998242799999999988e+04 7.060216674804687500e+02
3.998251099999999860e+04 7.048850708007812500e+02
3.998259399999999732e+04 7.035366821289062500e+02
3.998267700000000332e+04 7.023147583007812500e+02
3.998276000000000204e+04 7.015255737304687500e+02
3.998284300000000076e+04 7.013925170898437500e+02
3.998292599999999948e+04 7.013957519531250000e+02
3.998300899999999820e+04 7.014066162109375000e+02
3.998309199999999691e+04 7.014179077148437500e+02
3.998317500000000291e+04 7.014293212890625000e+02
3.998325800000000163e+04 7.014359130859375000e+02
3.998334100000000035e+04 7.013135986328125000e+02
3.998342399999999907e+04 7.007166137695312500e+02
3.998350699999999779e+04 6.995839233398437500e+02
3.998358999999999651e+04 6.982357788085937500e+02
3.998367300000000250e+04 6.970145263671875000e+02
3.998375600000000122e+04 6.962247924804687500e+02
3.998383899999999994e+04 6.960919189453125000e+02
3.998392199999999866e+04 6.960948486328125000e+02
3.998400499999999738e+04 6.961051635742187500e+02
3.998408800000000338e+04 6.961163940429687500e+02
3.998417100000000210e+04 6.961281738281250000e+02
3.998425400000000081e+04 6.961348266601562500e+02
3.998433699999999953e+04 6.960127563476562500e+02
3.998441999999999825e+04 6.954143676757812500e+02
3.998450299999999697e+04 6.942772216796875000e+02
3.998458600000000297e+04 6.929288330078125000e+02
3.998466900000000169e+04 6.917069702148437500e+02
3.998475200000000041e+04 6.909168090820312500e+02
3.998483499999999913e+04 6.907828979492187500e+02
3.998491799999999785e+04 6.907864379882812500e+02
3.998500099999999657e+04 6.907965698242187500e+02
3.998508400000000256e+04 6.908076782226562500e+02
3.998516700000000128e+04 6.908193969726562500e+02
3.998525000000000000e+04 6.908260498046875000e+02
3.998533299999999872e+04 6.907039794921875000e+02
3.998541599999999744e+04 6.901072998046875000e+02
3.998549900000000343e+04 6.889733886718750000e+02
3.998558200000000215e+04 6.876276245117187500e+02
3.998566500000000087e+04 6.864073486328125000e+02
3.998574799999999959e+04 6.855325927734375000e+02
3.998583099999999831e+04 6.854008789062500000e+02
3.998591399999999703e+04 6.853783569335937500e+02
3.998599700000000303e+04 6.853870849609375000e+02
3.998608000000000175e+04 6.853982543945312500e+02
3.998616300000000047e+04 6.854097290039062500e+02
3.998624599999999919e+04 6.854163208007812500e+02
3.998632899999999790e+04 6.853208618164062500e+02
3.998641199999999662e+04 6.847239990234375000e+02
3.998649500000000262e+04 6.836981811523437500e+02
3.998657800000000134e+04 6.823931274414062500e+02
3.998666100000000006e+04 6.811474609375000000e+02
3.998674399999999878e+04 6.802725830078125000e+02
3.998682699999999750e+04 6.800093994140625000e+02
3.998691000000000349e+04 6.799873046875000000e+02
3.998699300000000221e+04 6.799964599609375000e+02
3.998707600000000093e+04 6.800065917968750000e+02
3.998715899999999965e+04 6.800180664062500000e+02
3.998724199999999837e+04 6.800256958007812500e+02
3.998732499999999709e+04 6.799326171875000000e+02
3.998740800000000309e+04 6.794282226562500000e+02
3.998749100000000180e+04 6.784028320312500000e+02
3.998757400000000052e+04 6.770983276367187500e+02
3.998765699999999924e+04 6.758551635742187500e+02
3.998773999999999796e+04 6.749826660156250000e+02
3.998782299999999668e+04 6.747203979492187500e+02
3.998790600000000268e+04 6.746971435546875000e+02
3.998798900000000140e+04 6.747068481445312500e+02
3.998807200000000012e+04 6.747183227539062500e+02
3.998815499999999884e+04 6.747300415039062500e+02
3.998823799999999756e+04 6.747378540039062500e+02
3.998832100000000355e+04 6.746450805664062500e+02
3.998840400000000227e+04 6.741405639648437500e+02
3.998848700000000099e+04 6.731150512695312500e+02
3.998856999999999971e+04 6.718116455078125000e+02
3.998865299999999843e+04 6.705677490234375000e+02
3.998873599999999715e+04 6.696946411132812500e+02
3.998881900000000314e+04 6.694334106445312500e+02
3.998890200000000186e+04 6.694130859375000000e+02
3.998898500000000058e+04 6.694236450195312500e+02
3.998906799999999930e+04 6.694346313476562500e+02
3.998915099999999802e+04 6.694464111328125000e+02
3.998923399999999674e+04 6.694542846679687500e+02
3.998931700000000274e+04 6.693616333007812500e+02
3.998940000000000146e+04 6.688573608398437500e+02
3.998948300000000017e+04 6.678315429687500000e+02
3.998956599999999889e+04 6.665243530273437500e+02
3.998964899999999761e+04 6.652778930664062500e+02
3.998973200000000361e+04 6.643177490234375000e+02
3.998981500000000233e+04 6.640549316406250000e+02
3.998989800000000105e+04 6.640056152343750000e+02
3.998998099999999977e+04 6.640136718750000000e+02
3.999006399999999849e+04 6.787878417968750000e+02
3.999014699999999721e+04 6.787993774414062500e+02
3.999023000000000320e+04 6.788070678710937500e+02
3.999031300000000192e+04 6.787128906250000000e+02
3.999039600000000064e+04 6.782084960937500000e+02
3.999047899999999936e+04 6.772904663085937500e+02
3.999056199999999808e+04 6.760300903320312500e+02
3.999064499999999680e+04 6.747614135742187500e+02
3.999072800000000279e+04 6.738025512695312500e+02
3.999081100000000151e+04 6.734104003906250000e+02
3.999089400000000023e+04 6.733635253906250000e+02
3.999097699999999895e+04 6.733738403320312500e+02
3.999105999999999767e+04 6.733851318359375000e+02
3.999114299999999639e+04 6.733965454101562500e+02
3.999122600000000239e+04 6.734052124023437500e+02
3.999130900000000111e+04 6.733406372070312500e+02
3.999139199999999983e+04 6.729287109375000000e+02
3.999147499999999854e+04 6.720101318359375000e+02
3.999155799999999726e+04 6.707467651367187500e+02
3.999164100000000326e+04 6.694747924804687500e+02
3.999172400000000198e+04 6.685111083984375000e+02
3.999180700000000070e+04 6.681138305664062500e+02
3.999188999999999942e+04 6.680620727539062500e+02
3.999197299999999814e+04 6.680681762695312500e+02
3.999205599999999686e+04 6.680790405273437500e+02
3.999213900000000285e+04 6.680906372070312500e+02
3.999222200000000157e+04 6.680992431640625000e+02
3.999230500000000029e+04 6.680347290039062500e+02
3.999238799999999901e+04 6.676228027343750000e+02
3.999247099999999773e+04 6.667043457031250000e+02
3.999255399999999645e+04 6.654430541992187500e+02
3.999263700000000244e+04 6.641734008789062500e+02
3.999272000000000116e+04 6.632136840820312500e+02
3.999280299999999988e+04 6.628208007812500000e+02
3.999288599999999860e+04 6.627732543945312500e+02
3.999296899999999732e+04 6.627825927734375000e+02
3.999305200000000332e+04 6.627940063476562500e+02
3.999313500000000204e+04 6.628056640625000000e+02
3.999321800000000076e+04 6.628145141601562500e+02
3.999330099999999948e+04 6.627501831054687500e+02
3.999338399999999820e+04 6.623381347656250000e+02
3.999346699999999691e+04 6.614196166992187500e+02
3.999355000000000291e+04 6.601591186523437500e+02
3.999363300000000163e+04 6.588895263671875000e+02
3.999371600000000035e+04 6.579295654296875000e+02
3.999379899999999907e+04 6.575361938476562500e+02
3.999388199999999779e+04 6.574613037109375000e+02
3.999396499999999651e+04 6.574713134765625000e+02
3.999404800000000250e+04 6.574827270507812500e+02
3.999413100000000122e+04 6.574945068359375000e+02
3.999421399999999994e+04 6.575034790039062500e+02
3.999429699999999866e+04 6.574392700195312500e+02
3.999437999999999738e+04 6.570272827148437500e+02
3.999446300000000338e+04 6.562162475585937500e+02
3.999454600000000210e+04 6.549555053710937500e+02
3.999462900000000081e+04 6.536610717773437500e+02
3.999471199999999953e+04 6.526156005859375000e+02
3.999479499999999825e+04 6.520919189453125000e+02
3.999487799999999697e+04 6.520176391601562500e+02
3.999496100000000297e+04 6.520272827148437500e+02
3.999504400000000169e+04 6.520388183593750000e+02
3.999512700000000041e+04 6.520505371093750000e+02
3.999520999999999913e+04 6.520604248046875000e+02
3.999529299999999785e+04 6.520246582031250000e+02
3.999537599999999657e+04 6.517056274414062500e+02
3.999545900000000256e+04 6.508932495117187500e+02
3.999554200000000128e+04 6.496738281250000000e+02
3.999562500000000000e+04 6.483793334960937500e+02
3.999570799999999872e+04 6.473334350585937500e+02
3.999579099999999744e+04 6.468096923828125000e+02
3.999587400000000343e+04 6.467354125976562500e+02
3.999595700000000215e+04 6.467451171875000000e+02
3.999604000000000087e+04 6.467564697265625000e+02
3.999612299999999959e+04 6.467683715820312500e+02
3.999620599999999831e+04 6.467785034179687500e+02
3.999628899999999703e+04 6.467432250976562500e+02
3.999637200000000303e+04 6.464241333007812500e+02
3.999645500000000175e+04 6.456126708984375000e+02
3.999653800000000047e+04 6.443941650390625000e+02
3.999662099999999919e+04 6.430988159179687500e+02
3.999670399999999790e+04 6.420520019531250000e+02
3.999678699999999662e+04 6.415275878906250000e+02
3.999687000000000262e+04 6.414525146484375000e+02
3.999695300000000134e+04 6.414613037109375000e+02
3.999703600000000006e+04 6.414719238281250000e+02
3.999711899999999878e+04 6.414830932617187500e+02
3.999720199999999750e+04 6.414923706054687500e+02
3.999728500000000349e+04 6.414570922851562500e+02
3.999736800000000221e+04 6.411380615234375000e+02
3.999745100000000093e+04 6.403267211914062500e+02
3.999753399999999965e+04 6.391081542968750000e+02
3.999761699999999837e+04 6.378137207031250000e+02
3.999769999999999709e+04 6.367678833007812500e+02
3.999778300000000309e+04 6.362440795898437500e+02
3.999786600000000180e+04 6.361423339843750000e+02
3.999794900000000052e+04 6.361517944335937500e+02
3.999803199999999924e+04 6.361632690429687500e+02
3.999811499999999796e+04 6.361752319335937500e+02
3.999819799999999668e+04 6.361853637695312500e+02
3.999828100000000268e+04 6.361501464843750000e+02
3.999836400000000140e+04 6.358308105468750000e+02
3.999844700000000012e+04 6.350193481445312500e+02
3.999852999999999884e+04 6.338005371093750000e+02
3.999861299999999756e+04 6.324806518554687500e+02
3.999869600000000355e+04 6.313484497070312500e+02
3.999877900000000227e+04 6.306934814453125000e+02
3.999886200000000099e+04 6.305908203125000000e+02
3.999894499999999971e+04 6.305997924804687500e+02
3.999902799999999843e+04 6.306115722656250000e+02
3.999911099999999715e+04 6.306236572265625000e+02
3.999919400000000314e+04 6.306350097656250000e+02
3.999927700000000186e+04 6.306284790039062500e+02
3.999936000000000058e+04 6.304022827148437500e+02
3.999944299999999930e+04 6.296983032226562500e+02
3.999952599999999802e+04 6.285194702148437500e+02
3.999960899999999674e+04 6.271947631835937500e+02
3.999969200000000274e+04 6.260585327148437500e+02
3.999977500000000146e+04 6.253991699218750000e+02
3.999985800000000017e+04 6.252931518554687500e+02
3.999994099999999889e+04 6.252980957031250000e+02
