3.998010399999999936e+04 0.000000000000000000e+00
3.998018699999999808e+04 0.000000000000000000e+00
3.998026999999999680e+04 9.473511695861816406e+00
3.998035300000000279e+04 1.605544586181640625e+02
3.998043600000000151e+04 5.979606933593750000e+02
3.998051900000000023e+04 1.413209106445312500e+03
3.998060199999999895e+04 2.242774414062500000e+03
3.998068499999999767e+04 1.829880615234375000e+03
3.998076799999999639e+04 9.386342163085937500e+02
3.998085100000000239e+04 1.225170364379882812e+02
3.998093400000000111e+04 7.014346867799758911e-02
3.998101699999999983e+04 0.000000000000000000e+00
3.998109999999999854e+04 0.000000000000000000e+00
3.998118299999999726e+04 0.000000000000000000e+00
3.998126600000000326e+04 1.220871448516845703e+01
3.998134900000000198e+04 2.438767395019531250e+02
3.998143200000000070e+04 1.016561096191406250e+03
3.998151499999999942e+04 1.962955810546875000e+03
3.998159799999999814e+04 2.243454345703125000e+03
3.998168099999999686e+04 2.004215209960937500e+03
3.998176400000000285e+04 1.135327270507812500e+03
3.998184700000000157e+04 1.534234313964843750e+02
3.998193000000000029e+04 2.075725793838500977e-01
3.998201299999999901e+04 0.000000000000000000e+00
3.998209599999999773e+04 0.000000000000000000e+00
3.998217899999999645e+04 0.000000000000000000e+00
3.998226200000000244e+04 2.739215135574340820e+00
3.998234500000000116e+04 1.008453140258789062e+02
3.998242799999999988e+04 7.966812744140625000e+02
3.998251099999999860e+04 1.879001342773437500e+03
3.998259399999999732e+04 2.305833496093750000e+03
3.998267700000000332e+04 2.020909667968750000e+03
3.998276000000000204e+04 1.145814575195312500e+03
3.998284300000000076e+04 1.541623077392578125e+02
3.998292599999999948e+04 2.031701058149337769e-01
3.998300899999999820e+04 0.000000000000000000e+00
3.998309199999999691e+04 0.000000000000000000e+00
3.998317500000000291e+04 0.000000000000000000e+00
3.998325800000000163e+04 2.530611038208007812e+00
3.998334100000000035e+04 9.956027984619140625e+01
3.998342399999999907e+04 8.024995117187500000e+02
3.998350699999999779e+04 1.901146850585937500e+03
3.998358999999999651e+04 2.337863037109375000e+03
3.998367300000000250e+04 2.047656860351562500e+03
3.998375600000000122e+04 1.155608398437500000e+03
3.998383899999999994e+04 1.548248748779296875e+02
3.998392199999999866e+04 1.991135030984878540e-01
3.998400499999999738e+04 0.000000000000000000e+00
3.998408800000000338e+04 0.000000000000000000e+00
3.998417100000000210e+04 0.000000000000000000e+00
3.998425400000000081e+04 2.528441667556762695e+00
3.998433699999999953e+04 9.942961120605468750e+01
3.998441999999999825e+04 8.078670043945312500e+02
3.998450299999999697e+04 1.922660644531250000e+03
3.998458600000000297e+04 2.361885742187500000e+03
3.998466900000000169e+04 2.071596191406250000e+03
3.998475200000000041e+04 1.164669555664062500e+03
3.998483499999999913e+04 1.554124450683593750e+02
3.998491799999999785e+04 1.953388750553131104e-01
3.998500099999999657e+04 0.000000000000000000e+00
3.998508400000000256e+04 0.000000000000000000e+00
3.998516700000000128e+04 0.000000000000000000e+00
3.998525000000000000e+04 2.526587247848510742e+00
3.998533299999999872e+04 9.935787963867187500e+01
3.998541599999999744e+04 8.128279418945312500e+02
3.998549900000000343e+04 1.942695434570312500e+03
3.998558200000000215e+04 2.388056640625000000e+03
3.998566500000000087e+04 2.073572265625000000e+03
3.998574799999999959e+04 1.348101440429687500e+03
3.998583099999999831e+04 1.556879882812500000e+02
3.998591399999999703e+04 3.000725364685058594e+01
3.998599700000000303e+04 0.000000000000000000e+00
3.998608000000000175e+04 0.000000000000000000e+00
3.998616300000000047e+04 0.000000000000000000e+00
3.998624599999999919e+04 2.258045673370361328e+00
3.998632899999999790e+04 7.649860382080078125e+01
3.998641199999999662e+04 8.149315185546875000e+02
3.998649500000000262e+04 1.733967407226562500e+03
3.998657800000000134e+04 2.322041503906250000e+03
3.998666100000000006e+04 2.156094482421875000e+03
3.998674399999999878e+04 1.357245361328125000e+03
3.998682699999999750e+04 3.594633483886718750e+02
3.998691000000000349e+04 3.006351470947265625e+01
3.998699300000000221e+04 0.000000000000000000e+00
3.998707600000000093e+04 0.000000000000000000e+00
3.998715899999999965e+04 0.000000000000000000e+00
3.998724199999999837e+04 1.475370407104492188e+00
3.998732499999999709e+04 7.509497070312500000e+01
3.998740800000000309e+04 6.771398925781250000e+02
3.998749100000000180e+04 1.734907592773437500e+03
3.998757400000000052e+04 2.324255371093750000e+03
3.998765699999999924e+04 2.158063720703125000e+03
3.998773999999999796e+04 1.359069458007812500e+03
3.998782299999999668e+04 3.605088195800781250e+02
3.998790600000000268e+04 3.008468437194824219e+01
3.998798900000000140e+04 0.000000000000000000e+00
3.998807200000000012e+04 0.000000000000000000e+00
3.998815499999999884e+04 0.000000000000000000e+00
3.998823799999999756e+04 1.474402070045471191e+00
3.998832100000000355e+04 7.497213745117187500e+01
3.998840400000000227e+04 6.797590942382812500e+02
3.998848700000000099e+04 1.747051879882812500e+03
3.998856999999999971e+04 2.344728515625000000e+03
3.998865299999999843e+04 2.176162597656250000e+03
3.998873599999999715e+04 1.367472778320312500e+03
3.998881900000000314e+04 3.614524230957031250e+02
3.998890200000000186e+04 3.008745193481445312e+01
3.998898500000000058e+04 0.000000000000000000e+00
3.998906799999999930e+04 0.000000000000000000e+00
3.998915099999999802e+04 0.000000000000000000e+00
3.998923399999999674e+04 1.473611950874328613e+00
3.998931700000000274e+04 7.489105224609375000e+01
3.998940000000000146e+04 6.804801635742187500e+02
3.998948300000000017e+04 1.750159912109375000e+03
3.998956599999999889e+04 2.345620605468750000e+03
3.998964899999999761e+04 2.177260986328125000e+03
3.998973200000000361e+04 1.554633789062500000e+03
3.998981500000000233e+04 3.616202392578125000e+02
3.998989800000000105e+04 6.166272354125976562e+01
3.998998099999999977e+04 0.000000000000000000e+00
3.999006399999999849e+04 0.000000000000000000e+00
3.999014699999999721e+04 0.000000000000000000e+00
3.999023000000000320e+04 1.470998048782348633e+00
3.999031300000000192e+04 7.617745208740234375e+01
3.999039600000000064e+04 6.776254272460937500e+02
3.999047899999999936e+04 1.506685180664062500e+03
3.999056199999999808e+04 2.232170654296875000e+03
3.999064499999999680e+04 2.220523193359375000e+03
3.999072800000000279e+04 1.541141723632812500e+03
3.999081100000000151e+04 5.630504760742187500e+02
3.999089400000000023e+04 6.151171112060546875e+01
3.999097699999999895e+04 0.000000000000000000e+00
3.999105999999999767e+04 0.000000000000000000e+00
3.999114299999999639e+04 0.000000000000000000e+00
3.999122600000000239e+04 7.971566915512084961e-01
3.999130900000000111e+04 5.141592025756835938e+01
3.999139199999999983e+04 5.359355468750000000e+02
3.999147499999999854e+04 1.507916259765625000e+03
3.999155799999999726e+04 2.234177001953125000e+03
3.999164100000000326e+04 2.224089111328125000e+03
3.999172400000000198e+04 1.547696044921875000e+03
3.999180700000000070e+04 5.657811889648437500e+02
3.999188999999999942e+04 6.164260864257812500e+01
3.999197299999999814e+04 0.000000000000000000e+00
3.999205599999999686e+04 0.000000000000000000e+00
3.999213900000000285e+04 0.000000000000000000e+00
3.999222200000000157e+04 7.967338562011718750e-01
3.999230500000000029e+04 5.130948638916015625e+01
3.999238799999999901e+04 5.381013793945312500e+02
3.999247099999999773e+04 1.519428588867187500e+03
3.999255399999999645e+04 2.253666259765625000e+03
3.999263700000000244e+04 2.241281982421875000e+03
3.999272000000000116e+04 1.553582275390625000e+03
3.999280299999999988e+04 5.664844360351562500e+02
3.999288599999999860e+04 6.164224624633789062e+01
3.999296899999999732e+04 0.000000000000000000e+00
3.999305200000000332e+04 0.000000000000000000e+00
3.999313500000000204e+04 0.000000000000000000e+00
3.999321800000000076e+04 7.962757945060729980e-01
3.999330099999999948e+04 5.120565795898437500e+01
3.999338399999999820e+04 5.381892089843750000e+02
3.999346699999999691e+04 1.520216308593750000e+03
3.999355000000000291e+04 2.254859375000000000e+03
3.999363300000000163e+04 2.243296142578125000e+03
3.999371600000000035e+04 1.554741943359375000e+03
3.999379899999999907e+04 5.670873413085937500e+02
3.999388199999999779e+04 9.324161529541015625e+01
3.999396499999999651e+04 0.000000000000000000e+00
3.999404800000000250e+04 0.000000000000000000e+00
3.999413100000000122e+04 0.000000000000000000e+00
3.999421399999999994e+04 7.958449125289916992e-01
3.999429699999999866e+04 5.165118408203125000e+01
3.999437999999999738e+04 5.392936401367187500e+02
3.999446300000000338e+04 1.291400268554687500e+03
3.999454600000000210e+04 2.260917236328125000e+03
3.999462900000000081e+04 2.326938720703125000e+03
3.999471199999999953e+04 1.753192504882812500e+03
3.999479499999999825e+04 7.761685180664062500e+02
3.999487799999999697e+04 9.341637420654296875e+01
3.999496100000000297e+04 0.000000000000000000e+00
3.999504400000000169e+04 0.000000000000000000e+00
3.999512700000000041e+04 0.000000000000000000e+00
3.999520999999999913e+04 2.786109149456024170e-01
3.999529299999999785e+04 2.945277214050292969e+01
3.999537599999999657e+04 3.952790527343750000e+02
3.999545900000000256e+04 1.299081542968750000e+03
3.999554200000000128e+04 2.182187744140625000e+03
3.999562500000000000e+04 2.327487548828125000e+03
3.999570799999999872e+04 1.753691772460937500e+03
3.999579099999999744e+04 7.763474121093750000e+02
3.999587400000000343e+04 9.341664886474609375e+01
3.999595700000000215e+04 0.000000000000000000e+00
3.999604000000000087e+04 0.000000000000000000e+00
3.999612299999999959e+04 0.000000000000000000e+00
3.999620599999999831e+04 2.783620059490203857e-01
3.999628899999999703e+04 2.937438201904296875e+01
3.999637200000000303e+04 3.952655334472656250e+02
3.999645500000000175e+04 1.299589721679687500e+03
3.999653800000000047e+04 2.183128906250000000e+03
3.999662099999999919e+04 2.329346191406250000e+03
3.999670399999999790e+04 1.754886596679687500e+03
3.999678699999999662e+04 7.771354980468750000e+02
3.999687000000000262e+04 9.344116210937500000e+01
3.999695300000000134e+04 0.000000000000000000e+00
3.999703600000000006e+04 0.000000000000000000e+00
3.999711899999999878e+04 0.000000000000000000e+00
3.999720199999999750e+04 2.784285545349121094e-01
3.999728500000000349e+04 2.929812812805175781e+01
3.999736800000000221e+04 3.953982238769531250e+02
3.999745100000000093e+04 1.301080932617187500e+03
3.999753399999999965e+04 2.192480224609375000e+03
3.999761699999999837e+04 2.346896972656250000e+03
3.999769999999999709e+04 1.766454956054687500e+03
3.999778300000000309e+04 7.806324462890625000e+02
3.999786600000000180e+04 1.253386764526367188e+02
3.999794900000000052e+04 0.000000000000000000e+00
3.999803199999999924e+04 0.000000000000000000e+00
3.999811499999999796e+04 0.000000000000000000e+00
3.999819799999999668e+04 2.779813110828399658e-01
3.999828100000000268e+04 2.955503082275390625e+01
3.999836400000000140e+04 3.972438659667968750e+02
3.999844700000000012e+04 1.308228759765625000e+03
3.999852999999999884e+04 2.200753173828125000e+03
3.999861299999999756e+04 2.414229492187500000e+03
3.999869600000000355e+04 1.957053222656250000e+03
3.999877900000000227e+04 9.887036132812500000e+02
3.999886200000000099e+04 1.253325119018554688e+02
3.999894499999999971e+04 3.987385705113410950e-02
3.999902799999999843e+04 0.000000000000000000e+00
3.999911099999999715e+04 0.000000000000000000e+00
3.999919400000000314e+04 0.000000000000000000e+00
3.999927700000000186e+04 1.141420364379882812e+01
3.999936000000000058e+04 2.457599792480468750e+02
3.999944299999999930e+04 1.073372314453125000e+03
3.999952599999999802e+04 2.108188232421875000e+03
3.999960899999999674e+04 2.415221435546875000e+03
3.999969200000000274e+04 1.958307861328125000e+03
3.999977500000000146e+04 9.892095336914062500e+02
3.999985800000000017e+04 1.253629684448242188e+02
3.999994099999999889e+04 4.071114957332611084e-02
