3.998010399999999936e+04 0.000000000000000000e+00
3.998018699999999808e+04 0.000000000000000000e+00
3.998026999999999680e+04 1.136300563812255859e+01
3.998035300000000279e+04 1.914361419677734375e+02
3.998043600000000151e+04 7.342387084960937500e+02
3.998051900000000023e+04 2.037034912109375000e+03
3.998060199999999895e+04 2.328274658203125000e+03
3.998068499999999767e+04 1.898881958007812500e+03
3.998076799999999639e+04 9.731065063476562500e+02
3.998085100000000239e+04 1.268827362060546875e+02
3.998093400000000111e+04 1.115136444568634033e-01
3.998101699999999983e+04 0.000000000000000000e+00
3.998109999999999854e+04 0.000000000000000000e+00
3.998118299999999726e+04 0.000000000000000000e+00
3.998126600000000326e+04 1.314369297027587891e+01
3.998134900000000198e+04 2.534284973144531250e+02
3.998143200000000070e+04 1.053852294921875000e+03
3.998151499999999942e+04 2.037170898437500000e+03
3.998159799999999814e+04 2.328437744140625000e+03
3.998168099999999686e+04 2.079582519531250000e+03
3.998176400000000285e+04 1.176809692382812500e+03
3.998184700000000157e+04 1.588465728759765625e+02
3.998193000000000029e+04 2.802468240261077881e-01
3.998201299999999901e+04 0.000000000000000000e+00
3.998209599999999773e+04 0.000000000000000000e+00
3.998217899999999645e+04 0.000000000000000000e+00
3.998226200000000244e+04 2.821101188659667969e+00
3.998234500000000116e+04 1.052278137207031250e+02
3.998242799999999988e+04 8.253338623046875000e+02
3.998251099999999860e+04 1.949446289062500000e+03
3.998259399999999732e+04 2.391499023437500000e+03
3.998267700000000332e+04 2.081288574218750000e+03
3.998276000000000204e+04 1.187507080078125000e+03
3.998284300000000076e+04 1.595839538574218750e+02
3.998292599999999948e+04 2.735930979251861572e-01
3.998300899999999820e+04 0.000000000000000000e+00
3.998309199999999691e+04 0.000000000000000000e+00
3.998317500000000291e+04 0.000000000000000000e+00
3.998325800000000163e+04 2.597131013870239258e+00
3.998334100000000035e+04 1.038852005004882812e+02
3.998342399999999907e+04 8.312501831054687500e+02
3.998350699999999779e+04 1.972170043945312500e+03
3.998358999999999651e+04 2.421055664062500000e+03
3.998367300000000250e+04 2.114788330078125000e+03
3.998375600000000122e+04 1.197484863281250000e+03
3.998383899999999994e+04 1.602425537109375000e+02
3.998392199999999866e+04 2.676086425781250000e-01
3.998400499999999738e+04 0.000000000000000000e+00
3.998408800000000338e+04 0.000000000000000000e+00
3.998417100000000210e+04 0.000000000000000000e+00
3.998425400000000081e+04 2.593996286392211914e+00
3.998433699999999953e+04 1.037371368408203125e+02
3.998441999999999825e+04 8.366820678710937500e+02
3.998450299999999697e+04 1.994068115234375000e+03
3.998458600000000297e+04 2.449603515625000000e+03
3.998466900000000169e+04 2.130868896484375000e+03
3.998475200000000041e+04 1.205475585937500000e+03
3.998483499999999913e+04 1.608238983154296875e+02
3.998491799999999785e+04 2.621585428714752197e-01
3.998500099999999657e+04 0.000000000000000000e+00
3.998508400000000256e+04 0.000000000000000000e+00
3.998516700000000128e+04 0.000000000000000000e+00
3.998525000000000000e+04 2.591170072555541992e+00
3.998533299999999872e+04 1.036480026245117188e+02
3.998541599999999744e+04 8.416666870117187500e+02
3.998549900000000343e+04 2.014611206054687500e+03
3.998558200000000215e+04 2.476691650390625000e+03
3.998566500000000087e+04 2.148968017578125000e+03
3.998574799999999959e+04 1.395967773437500000e+03
3.998583099999999831e+04 1.608724822998046875e+02
3.998591399999999703e+04 3.113252639770507812e+01
3.998599700000000303e+04 0.000000000000000000e+00
3.998608000000000175e+04 0.000000000000000000e+00
3.998616300000000047e+04 0.000000000000000000e+00
3.998624599999999919e+04 2.335338592529296875e+00
3.998632899999999790e+04 8.003337860107421875e+01
3.998641199999999662e+04 8.413811645507812500e+02
3.998649500000000262e+04 1.797682495117187500e+03
3.998657800000000134e+04 2.408112548828125000e+03
3.998666100000000006e+04 2.235554443359375000e+03
3.998674399999999878e+04 1.406121093750000000e+03
3.998682699999999750e+04 3.721191101074218750e+02
3.998691000000000349e+04 3.115599060058593750e+01
3.998699300000000221e+04 0.000000000000000000e+00
3.998707600000000093e+04 0.000000000000000000e+00
3.998715899999999965e+04 0.000000000000000000e+00
3.998724199999999837e+04 1.501788020133972168e+00
3.998732499999999709e+04 7.872096252441406250e+01
3.998740800000000309e+04 7.008454589843750000e+02
3.998749100000000180e+04 1.798236328125000000e+03
3.998757400000000052e+04 2.409908203125000000e+03
3.998765699999999924e+04 2.237089599609375000e+03
3.998773999999999796e+04 1.407720336914062500e+03
3.998782299999999668e+04 3.726974792480468750e+02
3.998790600000000268e+04 3.115466117858886719e+01
3.998798900000000140e+04 0.000000000000000000e+00
3.998807200000000012e+04 0.000000000000000000e+00
3.998815499999999884e+04 0.000000000000000000e+00
3.998823799999999756e+04 1.500248908996582031e+00
3.998832100000000355e+04 7.858495330810546875e+01
3.998840400000000227e+04 7.017876586914062500e+02
3.998848700000000099e+04 1.806091796875000000e+03
3.998856999999999971e+04 2.430794433593750000e+03
3.998865299999999843e+04 2.255515869140625000e+03
3.998873599999999715e+04 1.416175292968750000e+03
3.998881900000000314e+04 3.740325927734375000e+02
3.998890200000000186e+04 3.116465568542480469e+01
3.998898500000000058e+04 0.000000000000000000e+00
3.998906799999999930e+04 0.000000000000000000e+00
3.998915099999999802e+04 0.000000000000000000e+00
3.998923399999999674e+04 1.498813152313232422e+00
3.998931700000000274e+04 7.848666381835937500e+01
3.998940000000000146e+04 7.040115356445312500e+02
3.998948300000000017e+04 1.813350585937500000e+03
3.998956599999999889e+04 2.431126464843750000e+03
3.998964899999999761e+04 2.256138916015625000e+03
3.998973200000000361e+04 1.610049194335937500e+03
3.998981500000000233e+04 3.741261291503906250e+02
3.998989800000000105e+04 6.380517578125000000e+01
3.998998099999999977e+04 0.000000000000000000e+00
3.999006399999999849e+04 0.000000000000000000e+00
3.999014699999999721e+04 0.000000000000000000e+00
3.999023000000000320e+04 1.772637367248535156e+00
3.999031300000000192e+04 7.966259002685546875e+01
3.999039600000000064e+04 7.014404907226562500e+02
3.999047899999999936e+04 1.561549316406250000e+03
3.999056199999999808e+04 2.314579101562500000e+03
3.999064499999999680e+04 2.302288085937500000e+03
3.999072800000000279e+04 1.596893066406250000e+03
3.999081100000000151e+04 5.829627685546875000e+02
3.999089400000000023e+04 6.365417098999023438e+01
3.999097699999999895e+04 0.000000000000000000e+00
3.999105999999999767e+04 0.000000000000000000e+00
3.999114299999999639e+04 0.000000000000000000e+00
3.999122600000000239e+04 8.063750267028808594e-01
3.999130900000000111e+04 5.413793563842773438e+01
3.999139199999999983e+04 5.546075439453125000e+02
3.999147499999999854e+04 1.562567504882812500e+03
3.999155799999999726e+04 2.316286376953125000e+03
3.999164100000000326e+04 2.305568359375000000e+03
3.999172400000000198e+04 1.600679199218750000e+03
3.999180700000000070e+04 5.847039794921875000e+02
3.999188999999999942e+04 6.375267028808593750e+01
3.999197299999999814e+04 0.000000000000000000e+00
3.999205599999999686e+04 0.000000000000000000e+00
3.999213900000000285e+04 0.000000000000000000e+00
3.999222200000000157e+04 8.055192232131958008e-01
3.999230500000000029e+04 5.402338790893554688e+01
3.999238799999999901e+04 5.563796997070312500e+02
3.999247099999999773e+04 1.574283325195312500e+03
3.999255399999999645e+04 2.336123779296875000e+03
3.999263700000000244e+04 2.323060302734375000e+03
3.999272000000000116e+04 1.609239013671875000e+03
3.999280299999999988e+04 5.863083496093750000e+02
3.999288599999999860e+04 6.376149749755859375e+01
3.999296899999999732e+04 0.000000000000000000e+00
3.999305200000000332e+04 0.000000000000000000e+00
3.999313500000000204e+04 0.000000000000000000e+00
3.999321800000000076e+04 8.047036528587341309e-01
3.999330099999999948e+04 5.390851593017578125e+01
3.999338399999999820e+04 5.567155761718750000e+02
3.999346699999999691e+04 1.574474487304687500e+03
3.999355000000000291e+04 2.336846923828125000e+03
3.999363300000000163e+04 2.323713378906250000e+03
3.999371600000000035e+04 1.610060913085937500e+03
3.999379899999999907e+04 5.865184326171875000e+02
3.999388199999999779e+04 9.641681671142578125e+01
3.999396499999999651e+04 0.000000000000000000e+00
3.999404800000000250e+04 0.000000000000000000e+00
3.999413100000000122e+04 0.000000000000000000e+00
3.999421399999999994e+04 8.039105534553527832e-01
3.999429699999999866e+04 5.431229782104492188e+01
3.999437999999999738e+04 5.577562866210937500e+02
3.999446300000000338e+04 1.337064331054687500e+03
3.999454600000000210e+04 2.339665283203125000e+03
3.999462900000000081e+04 2.397176757812500000e+03
3.999471199999999953e+04 1.809521362304687500e+03
3.999479499999999825e+04 8.031173706054687500e+02
3.999487799999999697e+04 9.656584167480468750e+01
3.999496100000000297e+04 0.000000000000000000e+00
3.999504400000000169e+04 0.000000000000000000e+00
3.999512700000000041e+04 0.000000000000000000e+00
3.999520999999999913e+04 2.793557643890380859e-01
3.999529299999999785e+04 3.114671325683593750e+01
3.999537599999999657e+04 4.089544067382812500e+02
3.999545900000000256e+04 1.344832519531250000e+03
3.999554200000000128e+04 2.260724853515625000e+03
3.999562500000000000e+04 2.411241455078125000e+03
3.999570799999999872e+04 1.815898315429687500e+03
3.999579099999999744e+04 8.031808471679687500e+02
3.999587400000000343e+04 9.654681396484375000e+01
3.999595700000000215e+04 0.000000000000000000e+00
3.999604000000000087e+04 0.000000000000000000e+00
3.999612299999999959e+04 0.000000000000000000e+00
3.999620599999999831e+04 2.789631783962249756e-01
3.999628899999999703e+04 3.106500816345214844e+01
3.999637200000000303e+04 4.088545227050781250e+02
3.999645500000000175e+04 1.344979003906250000e+03
3.999653800000000047e+04 2.261335205078125000e+03
3.999662099999999919e+04 2.411896240234375000e+03
3.999670399999999790e+04 1.816237426757812500e+03
3.999678699999999662e+04 8.034774169921875000e+02
3.999687000000000262e+04 9.653833007812500000e+01
3.999695300000000134e+04 0.000000000000000000e+00
3.999703600000000006e+04 0.000000000000000000e+00
3.999711899999999878e+04 0.000000000000000000e+00
3.999720199999999750e+04 2.785831689834594727e-01
3.999728500000000349e+04 3.098312377929687500e+01
3.999736800000000221e+04 4.088164978027343750e+02
3.999745100000000093e+04 1.346379760742187500e+03
3.999753399999999965e+04 2.263850341796875000e+03
3.999761699999999837e+04 2.414596191406250000e+03
3.999769999999999709e+04 1.819929321289062500e+03
3.999778300000000309e+04 8.054217529296875000e+02
3.999786600000000180e+04 1.294488372802734375e+02
3.999794900000000052e+04 0.000000000000000000e+00
3.999803199999999924e+04 0.000000000000000000e+00
3.999811499999999796e+04 0.000000000000000000e+00
3.999819799999999668e+04 2.782068252563476562e-01
3.999828100000000268e+04 3.123432540893554688e+01
3.999836400000000140e+04 4.107444458007812500e+02
3.999844700000000012e+04 1.353595947265625000e+03
3.999852999999999884e+04 2.278748535156250000e+03
3.999861299999999756e+04 2.499956054687500000e+03
3.999869600000000355e+04 2.025634155273437500e+03
3.999877900000000227e+04 1.022366638183593750e+03
3.999886200000000099e+04 1.294574127197265625e+02
3.999894499999999971e+04 5.363413318991661072e-02
3.999902799999999843e+04 0.000000000000000000e+00
3.999911099999999715e+04 0.000000000000000000e+00
3.999919400000000314e+04 0.000000000000000000e+00
3.999927700000000186e+04 1.258390617370605469e+01
3.999936000000000058e+04 2.549976501464843750e+02
3.999944299999999930e+04 1.109866455078125000e+03
3.999952599999999802e+04 2.182195556640625000e+03
3.999960899999999674e+04 2.500223876953125000e+03
3.999969200000000274e+04 2.026115722656250000e+03
3.999977500000000146e+04 1.022547119140625000e+03
3.999985800000000017e+04 1.294363861083984375e+02
3.999994099999999889e+04 5.198526009917259216e-02
