3.998010399999999936e+04 3.786831617355346680e+00
3.998018699999999808e+04 3.772520780563354492e+00
3.998026999999999680e+04 3.779822587966918945e+00
3.998035300000000279e+04 9.362409591674804688e+00
3.998043600000000151e+04 1.052930450439453125e+01
3.998051900000000023e+04 1.008370685577392578e+01
3.998060199999999895e+04 8.897572517395019531e+00
3.998068499999999767e+04 8.728241920471191406e+00
3.998076799999999639e+04 8.964821815490722656e+00
3.998085100000000239e+04 9.754484176635742188e+00
3.998093400000000111e+04 9.896432876586914062e+00
3.998101699999999983e+04 3.774183988571166992e+00
3.998109999999999854e+04 3.755851268768310547e+00
3.998118299999999726e+04 3.737600088119506836e+00
3.998126600000000326e+04 3.750346660614013672e+00
3.998134900000000198e+04 9.839531898498535156e+00
3.998143200000000070e+04 1.039301967620849609e+01
3.998151499999999942e+04 9.569041252136230469e+00
3.998159799999999814e+04 8.784116744995117188e+00
3.998168099999999686e+04 8.602594375610351562e+00
3.998176400000000285e+04 8.718282699584960938e+00
3.998184700000000157e+04 9.404111862182617188e+00
3.998193000000000029e+04 1.009835433959960938e+01
3.998201299999999901e+04 3.700635433197021484e+00
3.998209599999999773e+04 3.682864904403686523e+00
3.998217899999999645e+04 3.664865255355834961e+00
3.998226200000000244e+04 3.676957845687866211e+00
3.998234500000000116e+04 4.803511619567871094e+00
3.998242799999999988e+04 1.230549812316894531e+01
3.998251099999999860e+04 9.491175651550292969e+00
3.998259399999999732e+04 8.714372634887695312e+00
3.998267700000000332e+04 8.445630073547363281e+00
3.998276000000000204e+04 8.595223426818847656e+00
3.998284300000000076e+04 9.262360572814941406e+00
3.998292599999999948e+04 9.986662864685058594e+00
3.998300899999999820e+04 3.630083799362182617e+00
3.998309199999999691e+04 3.613450050354003906e+00
3.998317500000000291e+04 3.595797777175903320e+00
3.998325800000000163e+04 3.582620143890380859e+00
3.998334100000000035e+04 4.583580493927001953e+00
3.998342399999999907e+04 1.245466613769531250e+01
3.998350699999999779e+04 9.329012870788574219e+00
3.998358999999999651e+04 8.576095581054687500e+00
3.998367300000000250e+04 8.304417610168457031e+00
3.998375600000000122e+04 8.447298049926757812e+00
3.998383899999999994e+04 9.119162559509277344e+00
3.998392199999999866e+04 9.869188308715820312e+00
3.998400499999999738e+04 3.561523199081420898e+00
3.998408800000000338e+04 3.545867919921875000e+00
3.998417100000000210e+04 3.528859853744506836e+00
3.998425400000000081e+04 3.515585184097290039e+00
3.998433699999999953e+04 4.558456420898437500e+00
3.998441999999999825e+04 1.226169586181640625e+01
3.998450299999999697e+04 9.194079399108886719e+00
3.998458600000000297e+04 8.433042526245117188e+00
3.998466900000000169e+04 8.162939071655273438e+00
3.998475200000000041e+04 8.308719635009765625e+00
3.998483499999999913e+04 8.976934432983398438e+00
3.998491799999999785e+04 9.752702713012695312e+00
3.998500099999999657e+04 3.493186712265014648e+00
3.998508400000000256e+04 3.477775096893310547e+00
3.998516700000000128e+04 3.461066961288452148e+00
3.998525000000000000e+04 3.447303533554077148e+00
3.998533299999999872e+04 4.501767158508300781e+00
3.998541599999999744e+04 1.209400463104248047e+01
3.998549900000000343e+04 9.057775497436523438e+00
3.998558200000000215e+04 8.292098999023437500e+00
3.998566500000000087e+04 8.023729324340820312e+00
3.998574799999999959e+04 8.171401023864746094e+00
3.998583099999999831e+04 8.665875434875488281e+00
3.998591399999999703e+04 9.684216499328613281e+00
3.998599700000000303e+04 6.183361530303955078e+00
3.998608000000000175e+04 3.403020381927490234e+00
3.998616300000000047e+04 3.386414766311645508e+00
3.998624599999999919e+04 3.372645854949951172e+00
3.998632899999999790e+04 4.245460510253906250e+00
3.998641199999999662e+04 1.213111305236816406e+01
3.998649500000000262e+04 8.906125068664550781e+00
3.998657800000000134e+04 8.300319671630859375e+00
3.998666100000000006e+04 7.931123256683349609e+00
3.998674399999999878e+04 7.996754169464111328e+00
3.998682699999999750e+04 8.532079696655273438e+00
3.998691000000000349e+04 9.675997734069824219e+00
3.998699300000000221e+04 6.051990509033203125e+00
3.998707600000000093e+04 3.335168600082397461e+00
3.998715899999999965e+04 3.318179845809936523e+00
3.998724199999999837e+04 3.304656744003295898e+00
3.998732499999999709e+04 3.456048727035522461e+00
3.998740800000000309e+04 1.256548976898193359e+01
3.998749100000000180e+04 8.843491554260253906e+00
3.998757400000000052e+04 8.171515464782714844e+00
3.998765699999999924e+04 7.806244850158691406e+00
3.998773999999999796e+04 7.870795726776123047e+00
3.998782299999999668e+04 8.398051261901855469e+00
3.998790600000000268e+04 9.538335800170898438e+00
3.998798900000000140e+04 5.983205795288085938e+00
3.998807200000000012e+04 3.269462108612060547e+00
3.998815499999999884e+04 3.254917621612548828e+00
3.998823799999999756e+04 3.241006135940551758e+00
3.998832100000000355e+04 3.411184072494506836e+00
3.998840400000000227e+04 1.239774990081787109e+01
3.998848700000000099e+04 8.711210250854492188e+00
3.998856999999999971e+04 8.035817146301269531e+00
3.998865299999999843e+04 7.669215202331542969e+00
3.998873599999999715e+04 7.733223438262939453e+00
3.998881900000000314e+04 8.257615089416503906e+00
3.998890200000000186e+04 9.401908874511718750e+00
3.998898500000000058e+04 5.914757251739501953e+00
3.998906799999999930e+04 3.203038930892944336e+00
3.998915099999999802e+04 3.188780784606933594e+00
3.998923399999999674e+04 3.174820423126220703e+00
3.998931700000000274e+04 3.368373394012451172e+00
3.998940000000000146e+04 1.222377014160156250e+01
3.998948300000000017e+04 8.579846382141113281e+00
3.998956599999999889e+04 7.901741504669189453e+00
3.998964899999999761e+04 7.543258190155029297e+00
3.998973200000000361e+04 7.605993747711181641e+00
3.998981500000000233e+04 7.974140644073486328e+00
3.998989800000000105e+04 9.288044929504394531e+00
3.998998099999999977e+04 7.455441951751708984e+00
3.999006399999999849e+04 3.146436452865600586e+00
3.999014699999999721e+04 3.050942182540893555e+00
3.999023000000000320e+04 3.037788629531860352e+00
3.999031300000000192e+04 3.538336992263793945e+00
3.999039600000000064e+04 1.157136917114257812e+01
3.999047899999999936e+04 8.265109062194824219e+00
3.999056199999999808e+04 7.727346420288085938e+00
3.999064499999999680e+04 7.265736103057861328e+00
3.999072800000000279e+04 7.249811172485351562e+00
3.999081100000000151e+04 7.643209457397460938e+00
3.999089400000000023e+04 8.645946502685546875e+00
3.999097699999999895e+04 7.381464004516601562e+00
3.999105999999999767e+04 3.003063440322875977e+00
3.999114299999999639e+04 2.987527847290039062e+00
3.999122600000000239e+04 2.974821805953979492e+00
3.999130900000000111e+04 3.006029844284057617e+00
3.999139199999999983e+04 1.162901306152343750e+01
3.999147499999999854e+04 8.239797592163085938e+00
3.999155799999999726e+04 7.598886489868164062e+00
3.999164100000000326e+04 7.143979549407958984e+00
3.999172400000000198e+04 7.126285076141357422e+00
3.999180700000000070e+04 7.513724327087402344e+00
3.999188999999999942e+04 8.510199546813964844e+00
3.999197299999999814e+04 7.296676158905029297e+00
3.999205599999999686e+04 2.942121505737304688e+00
3.999213900000000285e+04 2.926287889480590820e+00
3.999222200000000157e+04 2.913183927536010742e+00
3.999230500000000029e+04 2.942573547363281250e+00
3.999238799999999901e+04 1.148114395141601562e+01
3.999247099999999773e+04 8.111181259155273438e+00
3.999255399999999645e+04 7.462976455688476562e+00
3.999263700000000244e+04 7.011527061462402344e+00
3.999272000000000116e+04 6.994426727294921875e+00
3.999280299999999988e+04 7.379562854766845703e+00
3.999288599999999860e+04 8.373013496398925781e+00
3.999296899999999732e+04 7.210063934326171875e+00
3.999305200000000332e+04 2.879440784454345703e+00
3.999313500000000204e+04 2.864459276199340820e+00
3.999321800000000076e+04 2.852333784103393555e+00
3.999330099999999948e+04 2.881213188171386719e+00
3.999338399999999820e+04 1.132570838928222656e+01
3.999346699999999691e+04 7.983244419097900391e+00
3.999355000000000291e+04 7.333588600158691406e+00
3.999363300000000163e+04 6.886934280395507812e+00
3.999371600000000035e+04 6.869718551635742188e+00
3.999379899999999907e+04 7.249623298645019531e+00
3.999388199999999779e+04 8.239070892333984375e+00
3.999396499999999651e+04 7.783098697662353516e+00
3.999404800000000250e+04 2.817343711853027344e+00
3.999413100000000122e+04 2.804076194763183594e+00
3.999421399999999994e+04 2.791729688644409180e+00
3.999429699999999866e+04 2.820891380310058594e+00
3.999437999999999738e+04 1.117287635803222656e+01
3.999446300000000338e+04 7.855214595794677734e+00
3.999454600000000210e+04 7.381946563720703125e+00
3.999462900000000081e+04 6.761623859405517578e+00
3.999471199999999953e+04 6.714524745941162109e+00
3.999479499999999825e+04 6.994217872619628906e+00
3.999487799999999697e+04 7.825510978698730469e+00
3.999496100000000297e+04 7.781046390533447266e+00
3.999504400000000169e+04 2.763082265853881836e+00
3.999512700000000041e+04 2.748647451400756836e+00
3.999520999999999913e+04 2.736783981323242188e+00
3.999529299999999785e+04 2.757275104522705078e+00
3.999537599999999657e+04 1.050915527343750000e+01
3.999545900000000256e+04 7.879796504974365234e+00
3.999554200000000128e+04 7.238498687744140625e+00
3.999562500000000000e+04 6.674026966094970703e+00
3.999570799999999872e+04 6.584218025207519531e+00
3.999579099999999744e+04 6.863424301147460938e+00
3.999587400000000343e+04 7.690547943115234375e+00
3.999595700000000215e+04 7.679323673248291016e+00
3.999604000000000087e+04 2.702873706817626953e+00
3.999612299999999959e+04 2.688688278198242188e+00
3.999620599999999831e+04 2.677118778228759766e+00
3.999628899999999703e+04 2.697300910949707031e+00
3.999637200000000303e+04 1.038434314727783203e+01
3.999645500000000175e+04 7.750971317291259766e+00
3.999653800000000047e+04 7.108468055725097656e+00
3.999662099999999919e+04 6.550100803375244141e+00
3.999670399999999790e+04 6.460086345672607422e+00
3.999678699999999662e+04 6.735346794128417969e+00
3.999687000000000262e+04 7.554023265838623047e+00
3.999695300000000134e+04 7.577129364013671875e+00
3.999703600000000006e+04 2.643340110778808594e+00
3.999711899999999878e+04 2.630121946334838867e+00
3.999720199999999750e+04 2.618468761444091797e+00
3.999728500000000349e+04 2.638219356536865234e+00
3.999736800000000221e+04 1.025765514373779297e+01
3.999745100000000093e+04 7.621312141418457031e+00
3.999753399999999965e+04 6.976355552673339844e+00
3.999761699999999837e+04 6.424369335174560547e+00
3.999769999999999709e+04 6.335184574127197266e+00
3.999778300000000309e+04 6.605002403259277344e+00
3.999786600000000180e+04 7.416419506072998047e+00
3.999794900000000052e+04 7.762763023376464844e+00
3.999803199999999924e+04 2.583858728408813477e+00
3.999811499999999796e+04 2.570892572402954102e+00
3.999819799999999668e+04 2.558932542800903320e+00
3.999828100000000268e+04 2.577454090118408203e+00
3.999836400000000140e+04 1.014519309997558594e+01
3.999844700000000012e+04 7.487765312194824219e+00
3.999852999999999884e+04 6.838765621185302734e+00
3.999861299999999756e+04 6.292722225189208984e+00
3.999869600000000355e+04 6.174448013305664062e+00
3.999877900000000227e+04 6.362123966217041016e+00
3.999886200000000099e+04 7.044383525848388672e+00
3.999894499999999971e+04 7.715906620025634766e+00
3.999902799999999843e+04 2.524731159210205078e+00
3.999911099999999715e+04 2.512032508850097656e+00
3.999919400000000314e+04 2.500315666198730469e+00
3.999927700000000186e+04 2.505827426910400391e+00
3.999936000000000058e+04 8.193776130676269531e+00
3.999944299999999930e+04 7.681172370910644531e+00
3.999952599999999802e+04 6.885982036590576172e+00
3.999960899999999674e+04 6.207890033721923828e+00
3.999969200000000274e+04 6.049953460693359375e+00
3.999977500000000146e+04 6.235152244567871094e+00
3.999985800000000017e+04 6.906881332397460938e+00
3.999994099999999889e+04 7.602667808532714844e+00
