3.998010399999999936e+04 1.188713741302490234e+01
3.998018699999999808e+04 1.171045494079589844e+01
3.998026999999999680e+04 1.186606979370117188e+01
3.998035300000000279e+04 1.281289863586425781e+01
3.998043600000000151e+04 1.300354957580566406e+01
3.998051900000000023e+04 1.494039058685302734e+01
3.998060199999999895e+04 1.463660526275634766e+01
3.998068499999999767e+04 1.502355289459228516e+01
3.998076799999999639e+04 1.544478416442871094e+01
3.998085100000000239e+04 1.544485378265380859e+01
3.998093400000000111e+04 1.380985164642333984e+01
3.998101699999999983e+04 1.356596565246582031e+01
3.998109999999999854e+04 1.322593688964843750e+01
3.998118299999999726e+04 1.274933719635009766e+01
3.998126600000000326e+04 1.268601989746093750e+01
3.998134900000000198e+04 1.307681274414062500e+01
3.998143200000000070e+04 1.518628120422363281e+01
3.998151499999999942e+04 1.552373313903808594e+01
3.998159799999999814e+04 1.534495639801025391e+01
3.998168099999999686e+04 1.553723812103271484e+01
3.998176400000000285e+04 1.561517620086669922e+01
3.998184700000000157e+04 1.549112510681152344e+01
3.998193000000000029e+04 1.394988536834716797e+01
3.998201299999999901e+04 1.330835533142089844e+01
3.998209599999999773e+04 1.299177169799804688e+01
3.998217899999999645e+04 1.268929958343505859e+01
3.998226200000000244e+04 1.289568519592285156e+01
3.998234500000000116e+04 1.331382656097412109e+01
3.998242799999999988e+04 1.401435565948486328e+01
3.998251099999999860e+04 1.610435295104980469e+01
3.998259399999999732e+04 1.565905666351318359e+01
3.998267700000000332e+04 1.574383068084716797e+01
3.998276000000000204e+04 1.574708843231201172e+01
3.998284300000000076e+04 1.581069087982177734e+01
3.998292599999999948e+04 1.438237094879150391e+01
3.998300899999999820e+04 1.356218910217285156e+01
3.998309199999999691e+04 1.322496986389160156e+01
3.998317500000000291e+04 1.296640682220458984e+01
3.998325800000000163e+04 1.274672222137451172e+01
3.998334100000000035e+04 1.352440357208251953e+01
3.998342399999999907e+04 1.385671710968017578e+01
3.998350699999999779e+04 1.561594200134277344e+01
3.998358999999999651e+04 1.578241443634033203e+01
3.998367300000000250e+04 1.583852005004882812e+01
3.998375600000000122e+04 1.594572067260742188e+01
3.998383899999999994e+04 1.595829868316650391e+01
3.998392199999999866e+04 1.469181632995605469e+01
3.998400499999999738e+04 1.398081779479980469e+01
3.998408800000000338e+04 1.353056430816650391e+01
3.998417100000000210e+04 1.313373470306396484e+01
3.998425400000000081e+04 1.296710205078125000e+01
3.998433699999999953e+04 1.381129455566406250e+01
3.998441999999999825e+04 1.428745174407958984e+01
3.998450299999999697e+04 1.651717376708984375e+01
3.998458600000000297e+04 1.597655963897705078e+01
3.998466900000000169e+04 1.603957939147949219e+01
3.998475200000000041e+04 1.613578414916992188e+01
3.998483499999999913e+04 1.623116874694824219e+01
3.998491799999999785e+04 1.491413307189941406e+01
3.998500099999999657e+04 1.427198600769042969e+01
3.998508400000000256e+04 1.379305839538574219e+01
3.998516700000000128e+04 1.340158939361572266e+01
3.998525000000000000e+04 1.321992111206054688e+01
3.998533299999999872e+04 1.408540344238281250e+01
3.998541599999999744e+04 1.429769802093505859e+01
3.998549900000000343e+04 1.649480819702148438e+01
3.998558200000000215e+04 1.583913326263427734e+01
3.998566500000000087e+04 1.604506492614746094e+01
3.998574799999999959e+04 1.614116859436035156e+01
3.998583099999999831e+04 1.621437072753906250e+01
3.998591399999999703e+04 1.500525760650634766e+01
3.998599700000000303e+04 1.479602146148681641e+01
3.998608000000000175e+04 1.393374824523925781e+01
3.998616300000000047e+04 1.361310672760009766e+01
3.998624599999999919e+04 1.341263961791992188e+01
3.998632899999999790e+04 1.431424331665039062e+01
3.998641199999999662e+04 1.453814125061035156e+01
3.998649500000000262e+04 1.654220771789550781e+01
3.998657800000000134e+04 1.618720817565917969e+01
3.998666100000000006e+04 1.621577644348144531e+01
3.998674399999999878e+04 1.628105735778808594e+01
3.998682699999999750e+04 1.640172767639160156e+01
3.998691000000000349e+04 1.558410930633544922e+01
3.998699300000000221e+04 1.500560379028320312e+01
3.998707600000000093e+04 1.441582202911376953e+01
3.998715899999999965e+04 1.389242172241210938e+01
3.998724199999999837e+04 1.365537071228027344e+01
3.998732499999999709e+04 1.449014663696289062e+01
3.998740800000000309e+04 1.482147598266601562e+01
3.998749100000000180e+04 1.637945938110351562e+01
3.998757400000000052e+04 1.627593040466308594e+01
3.998765699999999924e+04 1.600795555114746094e+01
3.998773999999999796e+04 1.606282424926757812e+01
3.998782299999999668e+04 1.642950630187988281e+01
3.998790600000000268e+04 1.594435024261474609e+01
3.998798900000000140e+04 1.514138412475585938e+01
3.998807200000000012e+04 1.438448810577392578e+01
3.998815499999999884e+04 1.409304809570312500e+01
3.998823799999999756e+04 1.386169242858886719e+01
3.998832100000000355e+04 1.473395442962646484e+01
3.998840400000000227e+04 1.509997749328613281e+01
3.998848700000000099e+04 1.655654716491699219e+01
3.998856999999999971e+04 1.651358795166015625e+01
3.998865299999999843e+04 1.651914024353027344e+01
3.998873599999999715e+04 1.656111526489257812e+01
3.998881900000000314e+04 1.667039489746093750e+01
3.998890200000000186e+04 1.604202270507812500e+01
3.998898500000000058e+04 1.546337604522705078e+01
3.998906799999999930e+04 1.486876392364501953e+01
3.998915099999999802e+04 1.435099124908447266e+01
3.998923399999999674e+04 1.410145378112792969e+01
3.998931700000000274e+04 1.501658344268798828e+01
3.998940000000000146e+04 1.530851554870605469e+01
3.998948300000000017e+04 1.674146461486816406e+01
3.998956599999999889e+04 1.689340972900390625e+01
3.998964899999999761e+04 1.677449607849121094e+01
3.998973200000000361e+04 1.671406555175781250e+01
3.998981500000000233e+04 1.683262252807617188e+01
3.998989800000000105e+04 1.623786544799804688e+01
3.998998099999999977e+04 1.593959617614746094e+01
3.999006399999999849e+04 1.510788059234619141e+01
3.999014699999999721e+04 1.404926776885986328e+01
3.999023000000000320e+04 1.379434299468994141e+01
3.999031300000000192e+04 1.455627250671386719e+01
3.999039600000000064e+04 1.482064628601074219e+01
3.999047899999999936e+04 1.618565177917480469e+01
3.999056199999999808e+04 1.576058197021484375e+01
3.999064499999999680e+04 1.583193874359130859e+01
3.999072800000000279e+04 1.585023307800292969e+01
3.999081100000000151e+04 1.595726490020751953e+01
3.999089400000000023e+04 1.569083499908447266e+01
3.999097699999999895e+04 1.496916007995605469e+01
3.999105999999999767e+04 1.458837699890136719e+01
3.999114299999999639e+04 1.432969474792480469e+01
3.999122600000000239e+04 1.402671146392822266e+01
3.999130900000000111e+04 1.476250362396240234e+01
3.999139199999999983e+04 1.506717395782470703e+01
3.999147499999999854e+04 1.631442832946777344e+01
3.999155799999999726e+04 1.641889381408691406e+01
3.999164100000000326e+04 1.650511169433593750e+01
3.999172400000000198e+04 1.668672370910644531e+01
3.999180700000000070e+04 1.680582427978515625e+01
3.999188999999999942e+04 1.655060768127441406e+01
3.999197299999999814e+04 1.589813518524169922e+01
3.999205599999999686e+04 1.503449916839599609e+01
3.999213900000000285e+04 1.460812091827392578e+01
3.999222200000000157e+04 1.433239459991455078e+01
3.999230500000000029e+04 1.502336215972900391e+01
3.999238799999999901e+04 1.534180259704589844e+01
3.999247099999999773e+04 1.649374008178710938e+01
3.999255399999999645e+04 1.649486923217773438e+01
3.999263700000000244e+04 1.661842918395996094e+01
3.999272000000000116e+04 1.666101837158203125e+01
3.999280299999999988e+04 1.674299812316894531e+01
3.999288599999999860e+04 1.650275039672851562e+01
3.999296899999999732e+04 1.595854187011718750e+01
3.999305200000000332e+04 1.511488819122314453e+01
3.999313500000000204e+04 1.479363059997558594e+01
3.999321800000000076e+04 1.452903842926025391e+01
3.999330099999999948e+04 1.529363727569580078e+01
3.999338399999999820e+04 1.564565658569335938e+01
3.999346699999999691e+04 1.664132690429687500e+01
3.999355000000000291e+04 1.642292785644531250e+01
3.999363300000000163e+04 1.683788490295410156e+01
3.999371600000000035e+04 1.688043594360351562e+01
3.999379899999999907e+04 1.695072746276855469e+01
3.999388199999999779e+04 1.640731620788574219e+01
3.999396499999999651e+04 1.589259910583496094e+01
3.999404800000000250e+04 1.536430549621582031e+01
3.999413100000000122e+04 1.504858207702636719e+01
3.999421399999999994e+04 1.475418758392333984e+01
3.999429699999999866e+04 1.552444362640380859e+01
3.999437999999999738e+04 1.590211200714111328e+01
3.999446300000000338e+04 1.685552215576171875e+01
3.999454600000000210e+04 1.664044570922851562e+01
3.999462900000000081e+04 1.671731758117675781e+01
3.999471199999999953e+04 1.670063972473144531e+01
3.999479499999999825e+04 1.680629539489746094e+01
3.999487799999999697e+04 1.675735282897949219e+01
3.999496100000000297e+04 1.609577369689941406e+01
3.999504400000000169e+04 1.579648780822753906e+01
3.999512700000000041e+04 1.549479007720947266e+01
3.999520999999999913e+04 1.519186496734619141e+01
3.999529299999999785e+04 1.576275348663330078e+01
3.999537599999999657e+04 1.607670593261718750e+01
3.999545900000000256e+04 1.713949012756347656e+01
3.999554200000000128e+04 1.703511428833007812e+01
3.999562500000000000e+04 1.696679306030273438e+01
3.999570799999999872e+04 1.699262809753417969e+01
3.999579099999999744e+04 1.705852508544921875e+01
3.999587400000000343e+04 1.700350761413574219e+01
3.999595700000000215e+04 1.638274383544921875e+01
3.999604000000000087e+04 1.611398887634277344e+01
3.999612299999999959e+04 1.571032524108886719e+01
3.999620599999999831e+04 1.540172958374023438e+01
3.999628899999999703e+04 1.596632385253906250e+01
3.999637200000000303e+04 1.639500999450683594e+01
3.999645500000000175e+04 1.717916488647460938e+01
3.999653800000000047e+04 1.711682319641113281e+01
3.999662099999999919e+04 1.752858352661132812e+01
3.999670399999999790e+04 1.757382583618164062e+01
3.999678699999999662e+04 1.764297485351562500e+01
3.999687000000000262e+04 1.756566810607910156e+01
3.999695300000000134e+04 1.709579467773437500e+01
3.999703600000000006e+04 1.673945045471191406e+01
3.999711899999999878e+04 1.638337516784667969e+01
3.999720199999999750e+04 1.601269340515136719e+01
3.999728500000000349e+04 1.629197502136230469e+01
3.999736800000000221e+04 1.664622879028320312e+01
3.999745100000000093e+04 1.736353874206542969e+01
3.999753399999999965e+04 1.731138229370117188e+01
3.999761699999999837e+04 1.732515525817871094e+01
3.999769999999999709e+04 1.740183067321777344e+01
3.999778300000000309e+04 1.749576377868652344e+01
3.999786600000000180e+04 1.736381530761718750e+01
3.999794900000000052e+04 1.698549842834472656e+01
3.999803199999999924e+04 1.664812469482421875e+01
3.999811499999999796e+04 1.628699874877929688e+01
3.999819799999999668e+04 1.594962501525878906e+01
3.999828100000000268e+04 1.647639083862304688e+01
3.999836400000000140e+04 1.698320960998535156e+01
3.999844700000000012e+04 1.757000732421875000e+01
3.999852999999999884e+04 1.754871749877929688e+01
3.999861299999999756e+04 1.758433723449707031e+01
3.999869600000000355e+04 1.762304306030273438e+01
3.999877900000000227e+04 1.765755081176757812e+01
3.999886200000000099e+04 1.781423568725585938e+01
3.999894499999999971e+04 1.729506301879882812e+01
3.999902799999999843e+04 1.699097442626953125e+01
3.999911099999999715e+04 1.664052009582519531e+01
3.999919400000000314e+04 1.627785491943359375e+01
3.999927700000000186e+04 1.652356338500976562e+01
3.999936000000000058e+04 1.715764427185058594e+01
3.999944299999999930e+04 1.755970382690429688e+01
3.999952599999999802e+04 1.820826721191406250e+01
3.999960899999999674e+04 1.846591186523437500e+01
3.999969200000000274e+04 1.841139221191406250e+01
3.999977500000000146e+04 1.851647567749023438e+01
3.999985800000000017e+04 1.854980278015136719e+01
3.999994099999999889e+04 1.819092369079589844e+01
