2.500009800000000178e+04 7.831412353515625000e+02
2.500018100000000049e+04 7.831499633789062500e+02
2.500026399999999921e+04 7.831606445312500000e+02
2.500034700000000157e+04 7.831723022460937500e+02
2.500043000000000029e+04 7.831829223632812500e+02
2.500051299999999901e+04 7.831805419921875000e+02
2.500059600000000137e+04 7.831633911132812500e+02
2.500067900000000009e+04 7.831492309570312500e+02
2.500076199999999881e+04 7.831598510742187500e+02
2.500084500000000116e+04 7.831663208007812500e+02
2.500092799999999988e+04 7.831725463867187500e+02
2.500101099999999860e+04 7.831801147460937500e+02
2.500109400000000096e+04 7.831882934570312500e+02
2.500117699999999968e+04 7.831972656250000000e+02
2.500125999999999840e+04 7.832081298828125000e+02
2.500134300000000076e+04 7.832199707031250000e+02
2.500142599999999948e+04 7.832308349609375000e+02
2.500150899999999820e+04 7.832313842773437500e+02
2.500159200000000055e+04 7.832111816406250000e+02
2.500167499999999927e+04 7.831956176757812500e+02
2.500175800000000163e+04 7.832048950195312500e+02
2.500184100000000035e+04 7.832106933593750000e+02
2.500192399999999907e+04 7.832162475585937500e+02
2.500200700000000143e+04 7.832230834960937500e+02
2.500209000000000015e+04 7.832304077148437500e+02
2.500217299999999886e+04 7.832386474609375000e+02
2.500225600000000122e+04 7.832487182617187500e+02
2.500233899999999994e+04 7.832598266601562500e+02
2.500242199999999866e+04 7.832700195312500000e+02
2.500250500000000102e+04 7.832695312500000000e+02
2.500258799999999974e+04 7.832523803710937500e+02
2.500267099999999846e+04 7.832359008789062500e+02
2.500275400000000081e+04 7.832443237304687500e+02
2.500283699999999953e+04 7.832497558593750000e+02
2.500291999999999825e+04 7.832547607421875000e+02
2.500300300000000061e+04 7.832610473632812500e+02
2.500308599999999933e+04 7.832677612304687500e+02
2.500316900000000169e+04 7.832753906250000000e+02
2.500325200000000041e+04 7.832849121093750000e+02
2.500333499999999913e+04 7.832954101562500000e+02
2.500341800000000148e+04 7.833050537109375000e+02
2.500350100000000020e+04 7.833036499023437500e+02
2.500358399999999892e+04 7.832857666015625000e+02
2.500366700000000128e+04 7.832684936523437500e+02
2.500375000000000000e+04 7.832761840820312500e+02
2.500383299999999872e+04 7.832812500000000000e+02
2.500391600000000108e+04 7.832858276367187500e+02
2.500399899999999980e+04 7.832916870117187500e+02
2.500408199999999852e+04 7.832979125976562500e+02
2.500416500000000087e+04 7.833049926757812500e+02
2.500424799999999959e+04 7.833139648437500000e+02
2.500433099999999831e+04 7.833240356445312500e+02
2.500441400000000067e+04 7.833331298828125000e+02
2.500449699999999939e+04 7.833310546875000000e+02
2.500458000000000175e+04 7.833124389648437500e+02
2.500466300000000047e+04 7.832909545898437500e+02
2.500474599999999919e+04 7.832930297851562500e+02
2.500482900000000154e+04 7.832976684570312500e+02
2.500491200000000026e+04 7.833014526367187500e+02
2.500499499999999898e+04 7.833060302734375000e+02
2.500507800000000134e+04 7.833113403320312500e+02
2.500516100000000006e+04 7.833174438476562500e+02
2.500524399999999878e+04 7.833252563476562500e+02
2.500532700000000114e+04 7.833343505859375000e+02
2.500540999999999985e+04 7.833429565429687500e+02
2.500549299999999857e+04 7.833420410156250000e+02
2.500557600000000093e+04 7.833273315429687500e+02
2.500565899999999965e+04 7.833053588867187500e+02
2.500574199999999837e+04 7.833069458007812500e+02
2.500582500000000073e+04 7.833114013671875000e+02
2.500590799999999945e+04 7.833149414062500000e+02
2.500599100000000180e+04 7.833193359375000000e+02
2.500607400000000052e+04 7.833243408203125000e+02
2.500615699999999924e+04 7.833301391601562500e+02
2.500624000000000160e+04 7.833377075195312500e+02
2.500632300000000032e+04 7.833464355468750000e+02
2.500640599999999904e+04 7.833547363281250000e+02
2.500648900000000140e+04 7.833533935546875000e+02
2.500657200000000012e+04 7.833382568359375000e+02
2.500665499999999884e+04 7.833159179687500000e+02
2.500673800000000119e+04 7.833171386718750000e+02
2.500682099999999991e+04 7.833213500976562500e+02
2.500690399999999863e+04 7.833247680664062500e+02
2.500698700000000099e+04 7.833289794921875000e+02
2.500706999999999971e+04 7.833337402343750000e+02
2.500715299999999843e+04 7.833393554687500000e+02
2.500723600000000079e+04 7.833466186523437500e+02
2.500731899999999951e+04 7.833551025390625000e+02
2.500740199999999822e+04 7.833630981445312500e+02
2.500748500000000058e+04 7.833613891601562500e+02
2.500756799999999930e+04 7.833458862304687500e+02
2.500765100000000166e+04 7.833231811523437500e+02
2.500773400000000038e+04 7.833240966796875000e+02
2.500781699999999910e+04 7.833281860351562500e+02
2.500790000000000146e+04 7.833314208984375000e+02
2.500798300000000017e+04 7.833355102539062500e+02
2.500806599999999889e+04 7.833400878906250000e+02
2.500814900000000125e+04 7.833453979492187500e+02
2.500823199999999997e+04 7.833524169921875000e+02
2.500831499999999869e+04 7.833607177734375000e+02
2.500839800000000105e+04 7.833685302734375000e+02
2.500848099999999977e+04 7.833664550781250000e+02
2.500856399999999849e+04 7.833505859375000000e+02
2.500864700000000084e+04 7.833239135742187500e+02
2.500872999999999956e+04 7.833195800781250000e+02
2.500881299999999828e+04 7.833255004882812500e+02
2.500889600000000064e+04 7.833288574218750000e+02
2.500897899999999936e+04 7.833325805664062500e+02
2.500906200000000172e+04 7.833370361328125000e+02
2.500914500000000044e+04 7.833421020507812500e+02
2.500922799999999916e+04 7.833486328125000000e+02
2.500931100000000151e+04 7.833565063476562500e+02
2.500939400000000023e+04 7.833643188476562500e+02
2.500947699999999895e+04 7.833645019531250000e+02
2.500956000000000131e+04 7.833544311523437500e+02
2.500964300000000003e+04 7.833275146484375000e+02
2.500972599999999875e+04 7.833228759765625000e+02
2.500980900000000111e+04 7.833286132812500000e+02
2.500989199999999983e+04 7.833319091796875000e+02
2.500997499999999854e+04 7.833355712890625000e+02
2.501005800000000090e+04 7.833398437500000000e+02
2.501014099999999962e+04 7.833447875976562500e+02
2.501022399999999834e+04 7.833511962890625000e+02
2.501030700000000070e+04 7.833589477539062500e+02
2.501038999999999942e+04 7.833665771484375000e+02
2.501047300000000178e+04 7.833665161132812500e+02
2.501055600000000049e+04 7.833581542968750000e+02
2.501063899999999921e+04 7.833310546875000000e+02
2.501072200000000157e+04 7.833262329101562500e+02
2.501080500000000029e+04 7.833317260742187500e+02
2.501088799999999901e+04 7.833349609375000000e+02
2.501097100000000137e+04 7.833385009765625000e+02
2.501105400000000009e+04 7.833426513671875000e+02
2.501113699999999881e+04 7.833475341796875000e+02
2.501122000000000116e+04 7.833537597656250000e+02
2.501130299999999988e+04 7.833613891601562500e+02
2.501138599999999860e+04 7.833688354492187500e+02
2.501146900000000096e+04 7.833686523437500000e+02
2.501155199999999968e+04 7.833601074218750000e+02
2.501163499999999840e+04 7.833327636718750000e+02
2.501171800000000076e+04 7.833277587890625000e+02
2.501180099999999948e+04 7.833331298828125000e+02
2.501188399999999820e+04 7.833362426757812500e+02
2.501196700000000055e+04 7.833397216796875000e+02
2.501204999999999927e+04 7.833438110351562500e+02
2.501213300000000163e+04 7.833483886718750000e+02
2.501221600000000035e+04 7.833545532226562500e+02
2.501229899999999907e+04 7.833619995117187500e+02
2.501238200000000143e+04 7.833693237304687500e+02
2.501246500000000015e+04 7.833689575195312500e+02
2.501254799999999886e+04 7.833601684570312500e+02
2.501263100000000122e+04 7.833327026367187500e+02
2.501271399999999994e+04 7.833225097656250000e+02
2.501279699999999866e+04 7.833275756835937500e+02
2.501288000000000102e+04 7.833308715820312500e+02
2.501296299999999974e+04 7.833341064453125000e+02
2.501304599999999846e+04 7.833381347656250000e+02
2.501312900000000081e+04 7.833426513671875000e+02
2.501321199999999953e+04 7.833486938476562500e+02
2.501329499999999825e+04 7.833558959960937500e+02
2.501337800000000061e+04 7.833633422851562500e+02
2.501346099999999933e+04 7.833654174804687500e+02
2.501354400000000169e+04 7.833579711914062500e+02
2.501362700000000041e+04 7.833317871093750000e+02
2.501370999999999913e+04 7.833214721679687500e+02
2.501379300000000148e+04 7.833264160156250000e+02
2.501387600000000020e+04 7.833296508789062500e+02
2.501395899999999892e+04 7.833328247070312500e+02
2.501404200000000128e+04 7.833367309570312500e+02
2.501412500000000000e+04 7.833411865234375000e+02
2.501420799999999872e+04 7.833468017578125000e+02
2.501429100000000108e+04 7.833538818359375000e+02
2.501437399999999980e+04 7.833612670898437500e+02
2.501445699999999852e+04 7.833631591796875000e+02
2.501454000000000087e+04 7.833556518554687500e+02
2.501462299999999959e+04 7.833291625976562500e+02
2.501470599999999831e+04 7.833187255859375000e+02
2.501478900000000067e+04 7.833235473632812500e+02
2.501487199999999939e+04 7.833267211914062500e+02
2.501495500000000175e+04 7.833298339843750000e+02
2.501503800000000047e+04 7.833336791992187500e+02
2.501512099999999919e+04 7.833380126953125000e+02
2.501520400000000154e+04 7.833435058593750000e+02
2.501528700000000026e+04 7.833505249023437500e+02
2.501536999999999898e+04 7.833577880859375000e+02
2.501545300000000134e+04 7.833595581054687500e+02
2.501553600000000006e+04 7.833519897460937500e+02
2.501561899999999878e+04 7.833253784179687500e+02
2.501570200000000114e+04 7.833148193359375000e+02
2.501578499999999985e+04 7.833195190429687500e+02
2.501586799999999857e+04 7.833226318359375000e+02
2.501595100000000093e+04 7.833257446289062500e+02
2.501603399999999965e+04 7.833294677734375000e+02
2.501611699999999837e+04 7.833336791992187500e+02
2.501620000000000073e+04 7.833391113281250000e+02
2.501628299999999945e+04 7.833460693359375000e+02
2.501636600000000180e+04 7.833532104492187500e+02
2.501644900000000052e+04 7.833548583984375000e+02
2.501653199999999924e+04 7.833472290039062500e+02
2.501661500000000160e+04 7.833204345703125000e+02
2.501669800000000032e+04 7.833047485351562500e+02
2.501678099999999904e+04 7.833092651367187500e+02
2.501686400000000140e+04 7.833125610351562500e+02
2.501694700000000012e+04 7.833154296875000000e+02
2.501702999999999884e+04 7.833191528320312500e+02
2.501711300000000119e+04 7.833232421875000000e+02
2.501719599999999991e+04 7.833286132812500000e+02
2.501727899999999863e+04 7.833353271484375000e+02
2.501736200000000099e+04 7.833424072265625000e+02
2.501744499999999971e+04 7.833457031250000000e+02
2.501752799999999843e+04 7.833398437500000000e+02
2.501761100000000079e+04 7.833153076171875000e+02
2.501769399999999951e+04 7.832995605468750000e+02
2.501777699999999822e+04 7.833040161132812500e+02
2.501786000000000058e+04 7.833072509765625000e+02
2.501794299999999930e+04 7.833100585937500000e+02
2.501802600000000166e+04 7.833137207031250000e+02
2.501810900000000038e+04 7.833178100585937500e+02
2.501819199999999910e+04 7.833227539062500000e+02
2.501827500000000146e+04 7.833294067382812500e+02
2.501835800000000017e+04 7.833366699218750000e+02
2.501844099999999889e+04 7.833406982421875000e+02
2.501852400000000125e+04 7.833347778320312500e+02
2.501860699999999997e+04 7.833103637695312500e+02
2.501868999999999869e+04 7.832945556640625000e+02
2.501877300000000105e+04 7.832988891601562500e+02
2.501885599999999977e+04 7.833021240234375000e+02
2.501893899999999849e+04 7.833049316406250000e+02
2.501902200000000084e+04 7.833085327148437500e+02
2.501910499999999956e+04 7.833125000000000000e+02
2.501918799999999828e+04 7.833174438476562500e+02
2.501927100000000064e+04 7.833240356445312500e+02
2.501935399999999936e+04 7.833311767578125000e+02
2.501943700000000172e+04 7.833351440429687500e+02
2.501952000000000044e+04 7.833292236328125000e+02
2.501960299999999916e+04 7.833046875000000000e+02
2.501968600000000151e+04 7.832888183593750000e+02
2.501976900000000023e+04 7.832930908203125000e+02
2.501985199999999895e+04 7.832962646484375000e+02
2.501993500000000131e+04 7.832990112304687500e+02
