2.500009800000000178e+04 8.724330444335937500e+02
2.500018100000000049e+04 8.724402465820312500e+02
2.500026399999999921e+04 8.724487304687500000e+02
2.500034700000000157e+04 8.724575195312500000e+02
2.500043000000000029e+04 8.724654541015625000e+02
2.500051299999999901e+04 8.724627075195312500e+02
2.500059600000000137e+04 8.724405517578125000e+02
2.500067900000000009e+04 8.724235229492187500e+02
2.500076199999999881e+04 8.724315795898437500e+02
2.500084500000000116e+04 8.724382324218750000e+02
2.500092799999999988e+04 8.724437866210937500e+02
2.500101099999999860e+04 8.724498901367187500e+02
2.500109400000000096e+04 8.724560546875000000e+02
2.500117699999999968e+04 8.724625854492187500e+02
2.500125999999999840e+04 8.724705200195312500e+02
2.500134300000000076e+04 8.724792480468750000e+02
2.500142599999999948e+04 8.724868164062500000e+02
2.500150899999999820e+04 8.724855346679687500e+02
2.500159200000000055e+04 8.724652709960937500e+02
2.500167499999999927e+04 8.724475708007812500e+02
2.500175800000000163e+04 8.724550781250000000e+02
2.500184100000000035e+04 8.724614257812500000e+02
2.500192399999999907e+04 8.724666748046875000e+02
2.500200700000000143e+04 8.724725341796875000e+02
2.500209000000000015e+04 8.724783935546875000e+02
2.500217299999999886e+04 8.724846801757812500e+02
2.500225600000000122e+04 8.724923706054687500e+02
2.500233899999999994e+04 8.725008544921875000e+02
2.500242199999999866e+04 8.725081176757812500e+02
2.500250500000000102e+04 8.725066528320312500e+02
2.500258799999999974e+04 8.724858398437500000e+02
2.500267099999999846e+04 8.724677124023437500e+02
2.500275400000000081e+04 8.724747924804687500e+02
2.500283699999999953e+04 8.724808959960937500e+02
2.500291999999999825e+04 8.724859619140625000e+02
2.500300300000000061e+04 8.724916381835937500e+02
2.500308599999999933e+04 8.724972534179687500e+02
2.500316900000000169e+04 8.725032958984375000e+02
2.500325200000000041e+04 8.725108032226562500e+02
2.500333499999999913e+04 8.725190429687500000e+02
2.500341800000000148e+04 8.725261840820312500e+02
2.500350100000000020e+04 8.725244140625000000e+02
2.500358399999999892e+04 8.725032958984375000e+02
2.500366700000000128e+04 8.724848022460937500e+02
2.500375000000000000e+04 8.724915161132812500e+02
2.500383299999999872e+04 8.724974365234375000e+02
2.500391600000000108e+04 8.725023193359375000e+02
2.500399899999999980e+04 8.725078125000000000e+02
2.500408199999999852e+04 8.725132446289062500e+02
2.500416500000000087e+04 8.725190429687500000e+02
2.500424799999999959e+04 8.725264282226562500e+02
2.500433099999999831e+04 8.725345458984375000e+02
2.500441400000000067e+04 8.725415039062500000e+02
2.500449699999999939e+04 8.725395507812500000e+02
2.500458000000000175e+04 8.725180664062500000e+02
2.500466300000000047e+04 8.724956054687500000e+02
2.500474599999999919e+04 8.724970092773437500e+02
2.500482900000000154e+04 8.725026855468750000e+02
2.500491200000000026e+04 8.725075683593750000e+02
2.500499499999999898e+04 8.725128173828125000e+02
2.500507800000000134e+04 8.725181274414062500e+02
2.500516100000000006e+04 8.725238037109375000e+02
2.500524399999999878e+04 8.725307617187500000e+02
2.500532700000000114e+04 8.725385742187500000e+02
2.500540999999999985e+04 8.725455932617187500e+02
2.500549299999999857e+04 8.725452880859375000e+02
2.500557600000000093e+04 8.725281372070312500e+02
2.500565899999999965e+04 8.725054321289062500e+02
2.500574199999999837e+04 8.725065917968750000e+02
2.500582500000000073e+04 8.725122070312500000e+02
2.500590799999999945e+04 8.725169677734375000e+02
2.500599100000000180e+04 8.725220947265625000e+02
2.500607400000000052e+04 8.725272827148437500e+02
2.500615699999999924e+04 8.725328369140625000e+02
2.500624000000000160e+04 8.725396728515625000e+02
2.500632300000000032e+04 8.725473632812500000e+02
2.500640599999999904e+04 8.725543212890625000e+02
2.500648900000000140e+04 8.725539550781250000e+02
2.500657200000000012e+04 8.725365600585937500e+02
2.500665499999999884e+04 8.725136718750000000e+02
2.500673800000000119e+04 8.725146484375000000e+02
2.500682099999999991e+04 8.725200805664062500e+02
2.500690399999999863e+04 8.725248413085937500e+02
2.500698700000000099e+04 8.725298461914062500e+02
2.500706999999999971e+04 8.725349121093750000e+02
2.500715299999999843e+04 8.725404052734375000e+02
2.500723600000000079e+04 8.725471191406250000e+02
2.500731899999999951e+04 8.725547485351562500e+02
2.500740199999999822e+04 8.725615844726562500e+02
2.500748500000000058e+04 8.725610961914062500e+02
2.500756799999999930e+04 8.725435180664062500e+02
2.500765100000000166e+04 8.725205078125000000e+02
2.500773400000000038e+04 8.725213012695312500e+02
2.500781699999999910e+04 8.725266723632812500e+02
2.500790000000000146e+04 8.725313110351562500e+02
2.500798300000000017e+04 8.725362548828125000e+02
2.500806599999999889e+04 8.725412597656250000e+02
2.500814900000000125e+04 8.725465698242187500e+02
2.500823199999999997e+04 8.725532226562500000e+02
2.500831499999999869e+04 8.725607299804687500e+02
2.500839800000000105e+04 8.725675659179687500e+02
2.500848099999999977e+04 8.725669555664062500e+02
2.500856399999999849e+04 8.725491333007812500e+02
2.500864700000000084e+04 8.725222778320312500e+02
2.500872999999999956e+04 8.725178833007812500e+02
2.500881299999999828e+04 8.725239868164062500e+02
2.500889600000000064e+04 8.725288085937500000e+02
2.500897899999999936e+04 8.725335083007812500e+02
2.500906200000000172e+04 8.725385131835937500e+02
2.500914500000000044e+04 8.725437011718750000e+02
2.500922799999999916e+04 8.725499877929687500e+02
2.500931100000000151e+04 8.725573120117187500e+02
2.500939400000000023e+04 8.725642700195312500e+02
2.500947699999999895e+04 8.725653686523437500e+02
2.500956000000000131e+04 8.725546264648437500e+02
2.500964300000000003e+04 8.725275878906250000e+02
2.500972599999999875e+04 8.725231323242187500e+02
2.500980900000000111e+04 8.725291137695312500e+02
2.500989199999999983e+04 8.725338134765625000e+02
2.500997499999999854e+04 8.725385131835937500e+02
2.501005800000000090e+04 8.725433959960937500e+02
2.501014099999999962e+04 8.725485229492187500e+02
2.501022399999999834e+04 8.725547485351562500e+02
2.501030700000000070e+04 8.725620117187500000e+02
2.501038999999999942e+04 8.725689086914062500e+02
2.501047300000000178e+04 8.725699462890625000e+02
2.501055600000000049e+04 8.725590820312500000e+02
2.501063899999999921e+04 8.725319213867187500e+02
2.501072200000000157e+04 8.725272827148437500e+02
2.501080500000000029e+04 8.725331420898437500e+02
2.501088799999999901e+04 8.725378417968750000e+02
2.501097100000000137e+04 8.725424194335937500e+02
2.501105400000000009e+04 8.725472412109375000e+02
2.501113699999999881e+04 8.725523681640625000e+02
2.501122000000000116e+04 8.725585327148437500e+02
2.501130299999999988e+04 8.725657348632812500e+02
2.501138599999999860e+04 8.725725708007812500e+02
2.501146900000000096e+04 8.725735473632812500e+02
2.501155199999999968e+04 8.725626220703125000e+02
2.501163499999999840e+04 8.725354003906250000e+02
2.501171800000000076e+04 8.725306396484375000e+02
2.501180099999999948e+04 8.725364379882812500e+02
2.501188399999999820e+04 8.725410766601562500e+02
2.501196700000000055e+04 8.725455932617187500e+02
2.501204999999999927e+04 8.725504150390625000e+02
2.501213300000000163e+04 8.725553588867187500e+02
2.501221600000000035e+04 8.725615234375000000e+02
2.501229899999999907e+04 8.725686645507812500e+02
2.501238200000000143e+04 8.725754394531250000e+02
2.501246500000000015e+04 8.725763549804687500e+02
2.501254799999999886e+04 8.725653076171875000e+02
2.501263100000000122e+04 8.725379638671875000e+02
2.501271399999999994e+04 8.725281372070312500e+02
2.501279699999999866e+04 8.725336914062500000e+02
2.501288000000000102e+04 8.725384521484375000e+02
2.501296299999999974e+04 8.725429077148437500e+02
2.501304599999999846e+04 8.725476074218750000e+02
2.501312900000000081e+04 8.725525512695312500e+02
2.501321199999999953e+04 8.725586547851562500e+02
2.501329499999999825e+04 8.725656127929687500e+02
2.501337800000000061e+04 8.725725708007812500e+02
2.501346099999999933e+04 8.725753173828125000e+02
2.501354400000000169e+04 8.725692138671875000e+02
2.501362700000000041e+04 8.725413818359375000e+02
2.501370999999999913e+04 8.725314331054687500e+02
2.501379300000000148e+04 8.725369262695312500e+02
2.501387600000000020e+04 8.725416870117187500e+02
2.501395899999999892e+04 8.725460815429687500e+02
2.501404200000000128e+04 8.725507812500000000e+02
2.501412500000000000e+04 8.725556640625000000e+02
2.501420799999999872e+04 8.725614013671875000e+02
2.501429100000000108e+04 8.725683593750000000e+02
2.501437399999999980e+04 8.725752563476562500e+02
2.501445699999999852e+04 8.725779418945312500e+02
2.501454000000000087e+04 8.725718383789062500e+02
2.501462299999999959e+04 8.725437011718750000e+02
2.501470599999999831e+04 8.725336914062500000e+02
2.501478900000000067e+04 8.725391235351562500e+02
2.501487199999999939e+04 8.725438842773437500e+02
2.501495500000000175e+04 8.725482177734375000e+02
2.501503800000000047e+04 8.725528564453125000e+02
2.501512099999999919e+04 8.725577392578125000e+02
2.501520400000000154e+04 8.725634765625000000e+02
2.501528700000000026e+04 8.725703735351562500e+02
2.501536999999999898e+04 8.725772705078125000e+02
2.501545300000000134e+04 8.725798950195312500e+02
2.501553600000000006e+04 8.725737304687500000e+02
2.501561899999999878e+04 8.725455322265625000e+02
2.501570200000000114e+04 8.725354614257812500e+02
2.501578499999999985e+04 8.725408325195312500e+02
2.501586799999999857e+04 8.725455322265625000e+02
2.501595100000000093e+04 8.725498657226562500e+02
2.501603399999999965e+04 8.725545043945312500e+02
2.501611699999999837e+04 8.725592651367187500e+02
2.501620000000000073e+04 8.725649414062500000e+02
2.501628299999999945e+04 8.725717773437500000e+02
2.501636600000000180e+04 8.725786743164062500e+02
2.501644900000000052e+04 8.725812988281250000e+02
2.501653199999999924e+04 8.725750732421875000e+02
2.501661500000000160e+04 8.725467529296875000e+02
2.501669800000000032e+04 8.725315551757812500e+02
2.501678099999999904e+04 8.725368041992187500e+02
2.501686400000000140e+04 8.725416259765625000e+02
2.501694700000000012e+04 8.725457763671875000e+02
2.501702999999999884e+04 8.725504150390625000e+02
2.501711300000000119e+04 8.725551147460937500e+02
2.501719599999999991e+04 8.725607910156250000e+02
2.501727899999999863e+04 8.725675048828125000e+02
2.501736200000000099e+04 8.725743408203125000e+02
2.501744499999999971e+04 8.725786743164062500e+02
2.501752799999999843e+04 8.725741577148437500e+02
2.501761100000000079e+04 8.725481567382812500e+02
2.501769399999999951e+04 8.725328979492187500e+02
2.501777699999999822e+04 8.725380859375000000e+02
2.501786000000000058e+04 8.725429077148437500e+02
2.501794299999999930e+04 8.725470581054687500e+02
2.501802600000000166e+04 8.725516357421875000e+02
2.501810900000000038e+04 8.725563354492187500e+02
2.501819199999999910e+04 8.725617065429687500e+02
2.501827500000000146e+04 8.725683593750000000e+02
2.501835800000000017e+04 8.725754394531250000e+02
2.501844099999999889e+04 8.725797729492187500e+02
2.501852400000000125e+04 8.725752563476562500e+02
2.501860699999999997e+04 8.725494384765625000e+02
2.501868999999999869e+04 8.725341186523437500e+02
2.501877300000000105e+04 8.725392456054687500e+02
2.501885599999999977e+04 8.725440673828125000e+02
2.501893899999999849e+04 8.725482177734375000e+02
2.501902200000000084e+04 8.725527954101562500e+02
2.501910499999999956e+04 8.725574340820312500e+02
2.501918799999999828e+04 8.725628051757812500e+02
2.501927100000000064e+04 8.725694580078125000e+02
2.501935399999999936e+04 8.725764770507812500e+02
2.501943700000000172e+04 8.725808105468750000e+02
2.501952000000000044e+04 8.725762939453125000e+02
2.501960299999999916e+04 8.725503540039062500e+02
2.501968600000000151e+04 8.725349731445312500e+02
2.501976900000000023e+04 8.725401000976562500e+02
2.501985199999999895e+04 8.725449218750000000e+02
2.501993500000000131e+04 8.725490112304687500e+02
