2.500009800000000178e+04 1.312669067382812500e+03
2.500018100000000049e+04 1.312672973632812500e+03
2.500026399999999921e+04 1.312677978515625000e+03
2.500034700000000157e+04 1.312683349609375000e+03
2.500043000000000029e+04 1.312688964843750000e+03
2.500051299999999901e+04 1.312694824218750000e+03
2.500059600000000137e+04 1.312974365234375000e+03
2.500067900000000009e+04 1.312979614257812500e+03
2.500076199999999881e+04 1.313020141601562500e+03
2.500084500000000116e+04 1.313023925781250000e+03
2.500092799999999988e+04 1.313026855468750000e+03
2.500101099999999860e+04 1.313030273437500000e+03
2.500109400000000096e+04 1.313033813476562500e+03
2.500117699999999968e+04 1.313037475585937500e+03
2.500125999999999840e+04 1.313042358398437500e+03
2.500134300000000076e+04 1.313047729492187500e+03
2.500142599999999948e+04 1.313053222656250000e+03
2.500150899999999820e+04 1.313059204101562500e+03
2.500159200000000055e+04 1.313153076171875000e+03
2.500167499999999927e+04 1.313158325195312500e+03
2.500175800000000163e+04 1.313190551757812500e+03
2.500184100000000035e+04 1.313194213867187500e+03
2.500192399999999907e+04 1.313197265625000000e+03
2.500200700000000143e+04 1.313200683593750000e+03
2.500209000000000015e+04 1.313204101562500000e+03
2.500217299999999886e+04 1.313207885742187500e+03
2.500225600000000122e+04 1.313212646484375000e+03
2.500233899999999994e+04 1.313218017578125000e+03
2.500242199999999866e+04 1.313223632812500000e+03
2.500250500000000102e+04 1.313229492187500000e+03
2.500258799999999974e+04 1.313312500000000000e+03
2.500267099999999846e+04 1.313317749023437500e+03
2.500275400000000081e+04 1.313346679687500000e+03
2.500283699999999953e+04 1.313350341796875000e+03
2.500291999999999825e+04 1.313353393554687500e+03
2.500300300000000061e+04 1.313356811523437500e+03
2.500308599999999933e+04 1.313360229492187500e+03
2.500316900000000169e+04 1.313364013671875000e+03
2.500325200000000041e+04 1.313368774414062500e+03
2.500333499999999913e+04 1.313374145507812500e+03
2.500341800000000148e+04 1.313379760742187500e+03
2.500350100000000020e+04 1.313385620117187500e+03
2.500358399999999892e+04 1.313460449218750000e+03
2.500366700000000128e+04 1.313465698242187500e+03
2.500375000000000000e+04 1.313492065429687500e+03
2.500383299999999872e+04 1.313495849609375000e+03
2.500391600000000108e+04 1.313498901367187500e+03
2.500399899999999980e+04 1.313502319335937500e+03
2.500408199999999852e+04 1.313505737304687500e+03
2.500416500000000087e+04 1.313509399414062500e+03
2.500424799999999959e+04 1.313514160156250000e+03
2.500433099999999831e+04 1.313519531250000000e+03
2.500441400000000067e+04 1.313525146484375000e+03
2.500449699999999939e+04 1.313531005859375000e+03
2.500458000000000175e+04 1.313599487304687500e+03
2.500466300000000047e+04 1.313604858398437500e+03
2.500474599999999919e+04 1.313629394531250000e+03
2.500482900000000154e+04 1.313633300781250000e+03
2.500491200000000026e+04 1.313636474609375000e+03
2.500499499999999898e+04 1.313639770507812500e+03
2.500507800000000134e+04 1.313643188476562500e+03
2.500516100000000006e+04 1.313646850585937500e+03
2.500524399999999878e+04 1.313651489257812500e+03
2.500532700000000114e+04 1.313656738281250000e+03
2.500540999999999985e+04 1.313662231445312500e+03
2.500549299999999857e+04 1.313668090820312500e+03
2.500557600000000093e+04 1.313731445312500000e+03
2.500565899999999965e+04 1.313736816406250000e+03
2.500574199999999837e+04 1.313759765625000000e+03
2.500582500000000073e+04 1.313763549804687500e+03
2.500590799999999945e+04 1.313766723632812500e+03
2.500599100000000180e+04 1.313770019531250000e+03
2.500607400000000052e+04 1.313773559570312500e+03
2.500615699999999924e+04 1.313777221679687500e+03
2.500624000000000160e+04 1.313781738281250000e+03
2.500632300000000032e+04 1.313786987304687500e+03
2.500640599999999904e+04 1.313792602539062500e+03
2.500648900000000140e+04 1.313798461914062500e+03
2.500657200000000012e+04 1.313857421875000000e+03
2.500665499999999884e+04 1.313862792968750000e+03
2.500673800000000119e+04 1.313884399414062500e+03
2.500682099999999991e+04 1.313888305664062500e+03
2.500690399999999863e+04 1.313891357421875000e+03
2.500698700000000099e+04 1.313894775390625000e+03
2.500706999999999971e+04 1.313898193359375000e+03
2.500715299999999843e+04 1.313901855468750000e+03
2.500723600000000079e+04 1.313906494140625000e+03
2.500731899999999951e+04 1.313911743164062500e+03
2.500740199999999822e+04 1.313917236328125000e+03
2.500748500000000058e+04 1.313923095703125000e+03
2.500756799999999930e+04 1.313978515625000000e+03
2.500765100000000166e+04 1.313983886718750000e+03
2.500773400000000038e+04 1.314004394531250000e+03
2.500781699999999910e+04 1.314008178710937500e+03
2.500790000000000146e+04 1.314011352539062500e+03
2.500798300000000017e+04 1.314014770507812500e+03
2.500806599999999889e+04 1.314018188476562500e+03
2.500814900000000125e+04 1.314021728515625000e+03
2.500823199999999997e+04 1.314026367187500000e+03
2.500831499999999869e+04 1.314031616210937500e+03
2.500839800000000105e+04 1.314037109375000000e+03
2.500848099999999977e+04 1.314042968750000000e+03
2.500856399999999849e+04 1.314095458984375000e+03
2.500864700000000084e+04 1.314100952148437500e+03
2.500872999999999956e+04 1.314120605468750000e+03
2.500881299999999828e+04 1.314124511718750000e+03
2.500889600000000064e+04 1.314127807617187500e+03
2.500897899999999936e+04 1.314131103515625000e+03
2.500906200000000172e+04 1.314134521484375000e+03
2.500914500000000044e+04 1.314138183593750000e+03
2.500922799999999916e+04 1.314142578125000000e+03
2.500931100000000151e+04 1.314147705078125000e+03
2.500939400000000023e+04 1.314153198242187500e+03
2.500947699999999895e+04 1.314158935546875000e+03
2.500956000000000131e+04 1.314208740234375000e+03
2.500964300000000003e+04 1.314214233398437500e+03
2.500972599999999875e+04 1.314233032226562500e+03
2.500980900000000111e+04 1.314237060546875000e+03
2.500989199999999983e+04 1.314240356445312500e+03
2.500997499999999854e+04 1.314243652343750000e+03
2.501005800000000090e+04 1.313810791015625000e+03
2.501014099999999962e+04 1.313814453125000000e+03
2.501022399999999834e+04 1.313818847656250000e+03
2.501030700000000070e+04 1.313823974609375000e+03
2.501038999999999942e+04 1.313829467773437500e+03
2.501047300000000178e+04 1.313835205078125000e+03
2.501055600000000049e+04 1.313882812500000000e+03
2.501063899999999921e+04 1.313888305664062500e+03
2.501072200000000157e+04 1.313906372070312500e+03
2.501080500000000029e+04 1.313910400390625000e+03
2.501088799999999901e+04 1.313913696289062500e+03
2.501097100000000137e+04 1.313916992187500000e+03
2.501105400000000009e+04 1.313920410156250000e+03
2.501113699999999881e+04 1.313923950195312500e+03
2.501122000000000116e+04 1.313928344726562500e+03
2.501130299999999988e+04 1.313933471679687500e+03
2.501138599999999860e+04 1.313938964843750000e+03
2.501146900000000096e+04 1.313944824218750000e+03
2.501155199999999968e+04 1.313990356445312500e+03
2.501163499999999840e+04 1.313995849609375000e+03
2.501171800000000076e+04 1.314013305664062500e+03
2.501180099999999948e+04 1.314017333984375000e+03
2.501188399999999820e+04 1.314020629882812500e+03
2.501196700000000055e+04 1.314023925781250000e+03
2.501204999999999927e+04 1.314027343750000000e+03
2.501213300000000163e+04 1.314030883789062500e+03
2.501221600000000035e+04 1.314035278320312500e+03
2.501229899999999907e+04 1.314040405273437500e+03
2.501238200000000143e+04 1.314045898437500000e+03
2.501246500000000015e+04 1.314051635742187500e+03
2.501254799999999886e+04 1.314095581054687500e+03
2.501263100000000122e+04 1.314101074218750000e+03
2.501271399999999994e+04 1.314118164062500000e+03
2.501279699999999866e+04 1.314122314453125000e+03
2.501288000000000102e+04 1.314125732421875000e+03
2.501296299999999974e+04 1.314128906250000000e+03
2.501304599999999846e+04 1.314132324218750000e+03
2.501312900000000081e+04 1.314135864257812500e+03
2.501321199999999953e+04 1.314140258789062500e+03
2.501329499999999825e+04 1.314145263671875000e+03
2.501337800000000061e+04 1.314150756835937500e+03
2.501346099999999933e+04 1.314156494140625000e+03
2.501354400000000169e+04 1.314198852539062500e+03
2.501362700000000041e+04 1.314204467773437500e+03
2.501370999999999913e+04 1.314221069335937500e+03
2.501379300000000148e+04 1.314225219726562500e+03
2.501387600000000020e+04 1.314228637695312500e+03
2.501395899999999892e+04 1.314231811523437500e+03
2.501404200000000128e+04 1.314235229492187500e+03
2.501412500000000000e+04 1.314238769531250000e+03
2.501420799999999872e+04 1.314243041992187500e+03
2.501429100000000108e+04 1.314248046875000000e+03
2.501437399999999980e+04 1.314253417968750000e+03
2.501445699999999852e+04 1.314259155273437500e+03
2.501454000000000087e+04 1.314300170898437500e+03
2.501462299999999959e+04 1.314305786132812500e+03
2.501470599999999831e+04 1.314322021484375000e+03
2.501478900000000067e+04 1.314326171875000000e+03
2.501487199999999939e+04 1.314329589843750000e+03
2.501495500000000175e+04 1.314332763671875000e+03
2.501503800000000047e+04 1.314336181640625000e+03
2.501512099999999919e+04 1.314339721679687500e+03
2.501520400000000154e+04 1.314343872070312500e+03
2.501528700000000026e+04 1.314348999023437500e+03
2.501536999999999898e+04 1.314354370117187500e+03
2.501545300000000134e+04 1.314360107421875000e+03
2.501553600000000006e+04 1.314399902343750000e+03
2.501561899999999878e+04 1.314405517578125000e+03
2.501570200000000114e+04 1.314421386718750000e+03
2.501578499999999985e+04 1.314425537109375000e+03
2.501586799999999857e+04 1.314428955078125000e+03
2.501595100000000093e+04 1.314432128906250000e+03
2.501603399999999965e+04 1.314435546875000000e+03
2.501611699999999837e+04 1.314439086914062500e+03
2.501620000000000073e+04 1.314443237304687500e+03
2.501628299999999945e+04 1.314448242187500000e+03
2.501636600000000180e+04 1.314453735351562500e+03
2.501644900000000052e+04 1.314459350585937500e+03
2.501653199999999924e+04 1.314498168945312500e+03
2.501661500000000160e+04 1.314503784179687500e+03
2.501669800000000032e+04 1.314519409179687500e+03
2.501678099999999904e+04 1.314523681640625000e+03
2.501686400000000140e+04 1.314527343750000000e+03
2.501694700000000012e+04 1.314530395507812500e+03
2.501702999999999884e+04 1.314533813476562500e+03
2.501711300000000119e+04 1.314537353515625000e+03
2.501719599999999991e+04 1.314541503906250000e+03
2.501727899999999863e+04 1.314546386718750000e+03
2.501736200000000099e+04 1.314551879882812500e+03
2.501744499999999971e+04 1.314557495117187500e+03
2.501752799999999843e+04 1.314595336914062500e+03
2.501761100000000079e+04 1.314601074218750000e+03
2.501769399999999951e+04 1.314616455078125000e+03
2.501777699999999822e+04 1.314620605468750000e+03
2.501786000000000058e+04 1.314624267578125000e+03
2.501794299999999930e+04 1.314627319335937500e+03
2.501802600000000166e+04 1.314630737304687500e+03
2.501810900000000038e+04 1.314634277343750000e+03
2.501819199999999910e+04 1.314638183593750000e+03
2.501827500000000146e+04 1.314643188476562500e+03
2.501835800000000017e+04 1.314648559570312500e+03
2.501844099999999889e+04 1.314654174804687500e+03
2.501852400000000125e+04 1.314691162109375000e+03
2.501860699999999997e+04 1.314696899414062500e+03
2.501868999999999869e+04 1.314711914062500000e+03
2.501877300000000105e+04 1.314716186523437500e+03
2.501885599999999977e+04 1.314719848632812500e+03
2.501893899999999849e+04 1.314722900390625000e+03
2.501902200000000084e+04 1.314726318359375000e+03
2.501910499999999956e+04 1.314729858398437500e+03
2.501918799999999828e+04 1.314733764648437500e+03
2.501927100000000064e+04 1.314738647460937500e+03
2.501935399999999936e+04 1.314744140625000000e+03
2.501943700000000172e+04 1.314749755859375000e+03
2.501952000000000044e+04 1.314785888671875000e+03
2.501960299999999916e+04 1.314791625976562500e+03
2.501968600000000151e+04 1.314806518554687500e+03
2.501976900000000023e+04 1.314810791015625000e+03
2.501985199999999895e+04 1.314814331054687500e+03
2.501993500000000131e+04 1.314817382812500000e+03
