2.500009800000000178e+04 1.312831909179687500e+03
2.500018100000000049e+04 1.312835815429687500e+03
2.500026399999999921e+04 1.312840820312500000e+03
2.500034700000000157e+04 1.312846191406250000e+03
2.500043000000000029e+04 1.312851684570312500e+03
2.500051299999999901e+04 1.312857666015625000e+03
2.500059600000000137e+04 1.313137084960937500e+03
2.500067900000000009e+04 1.313142333984375000e+03
2.500076199999999881e+04 1.313182861328125000e+03
2.500084500000000116e+04 1.313186523437500000e+03
2.500092799999999988e+04 1.313189575195312500e+03
2.500101099999999860e+04 1.313192993164062500e+03
2.500109400000000096e+04 1.313196411132812500e+03
2.500117699999999968e+04 1.313200195312500000e+03
2.500125999999999840e+04 1.313204956054687500e+03
2.500134300000000076e+04 1.313210327148437500e+03
2.500142599999999948e+04 1.313215942382812500e+03
2.500150899999999820e+04 1.313221801757812500e+03
2.500159200000000055e+04 1.313315673828125000e+03
2.500167499999999927e+04 1.313320922851562500e+03
2.500175800000000163e+04 1.313353149414062500e+03
2.500184100000000035e+04 1.313356933593750000e+03
2.500192399999999907e+04 1.313359863281250000e+03
2.500200700000000143e+04 1.313363281250000000e+03
2.500209000000000015e+04 1.313366699218750000e+03
2.500217299999999886e+04 1.313370483398437500e+03
2.500225600000000122e+04 1.313375244140625000e+03
2.500233899999999994e+04 1.313380615234375000e+03
2.500242199999999866e+04 1.313386230468750000e+03
2.500250500000000102e+04 1.313392089843750000e+03
2.500258799999999974e+04 1.313475097656250000e+03
2.500267099999999846e+04 1.313480346679687500e+03
2.500275400000000081e+04 1.313509155273437500e+03
2.500283699999999953e+04 1.313512939453125000e+03
2.500291999999999825e+04 1.313515991210937500e+03
2.500300300000000061e+04 1.313519409179687500e+03
2.500308599999999933e+04 1.313522827148437500e+03
2.500316900000000169e+04 1.313526611328125000e+03
2.500325200000000041e+04 1.313531372070312500e+03
2.500333499999999913e+04 1.313536743164062500e+03
2.500341800000000148e+04 1.313542358398437500e+03
2.500350100000000020e+04 1.313548217773437500e+03
2.500358399999999892e+04 1.313623046875000000e+03
2.500366700000000128e+04 1.313628295898437500e+03
2.500375000000000000e+04 1.313654663085937500e+03
2.500383299999999872e+04 1.313658325195312500e+03
2.500391600000000108e+04 1.313661376953125000e+03
2.500399899999999980e+04 1.313664794921875000e+03
2.500408199999999852e+04 1.313668212890625000e+03
2.500416500000000087e+04 1.313671875000000000e+03
2.500424799999999959e+04 1.313676757812500000e+03
2.500433099999999831e+04 1.313682128906250000e+03
2.500441400000000067e+04 1.313687622070312500e+03
2.500449699999999939e+04 1.313693603515625000e+03
2.500458000000000175e+04 1.313761962890625000e+03
2.500466300000000047e+04 1.313767333984375000e+03
2.500474599999999919e+04 1.313791870117187500e+03
2.500482900000000154e+04 1.313795776367187500e+03
2.500491200000000026e+04 1.313798950195312500e+03
2.500499499999999898e+04 1.313802246093750000e+03
2.500507800000000134e+04 1.313805664062500000e+03
2.500516100000000006e+04 1.313809326171875000e+03
2.500524399999999878e+04 1.313813964843750000e+03
2.500532700000000114e+04 1.313819213867187500e+03
2.500540999999999985e+04 1.313824707031250000e+03
2.500549299999999857e+04 1.313830566406250000e+03
2.500557600000000093e+04 1.313893920898437500e+03
2.500565899999999965e+04 1.313899169921875000e+03
2.500574199999999837e+04 1.313922119140625000e+03
2.500582500000000073e+04 1.313926025390625000e+03
2.500590799999999945e+04 1.313929199218750000e+03
2.500599100000000180e+04 1.313932495117187500e+03
2.500607400000000052e+04 1.313935913085937500e+03
2.500615699999999924e+04 1.313939575195312500e+03
2.500624000000000160e+04 1.313944213867187500e+03
2.500632300000000032e+04 1.313949462890625000e+03
2.500640599999999904e+04 1.313954956054687500e+03
2.500648900000000140e+04 1.313960815429687500e+03
2.500657200000000012e+04 1.314019897460937500e+03
2.500665499999999884e+04 1.314025146484375000e+03
2.500673800000000119e+04 1.314046752929687500e+03
2.500682099999999991e+04 1.314050659179687500e+03
2.500690399999999863e+04 1.314053833007812500e+03
2.500698700000000099e+04 1.314057128906250000e+03
2.500706999999999971e+04 1.314060546875000000e+03
2.500715299999999843e+04 1.314064208984375000e+03
2.500723600000000079e+04 1.314068847656250000e+03
2.500731899999999951e+04 1.314074096679687500e+03
2.500740199999999822e+04 1.314079589843750000e+03
2.500748500000000058e+04 1.314085449218750000e+03
2.500756799999999930e+04 1.314140869140625000e+03
2.500765100000000166e+04 1.314146240234375000e+03
2.500773400000000038e+04 1.314166748046875000e+03
2.500781699999999910e+04 1.314170532226562500e+03
2.500790000000000146e+04 1.314173706054687500e+03
2.500798300000000017e+04 1.314177124023437500e+03
2.500806599999999889e+04 1.314180541992187500e+03
2.500814900000000125e+04 1.314184082031250000e+03
2.500823199999999997e+04 1.314188720703125000e+03
2.500831499999999869e+04 1.314193969726562500e+03
2.500839800000000105e+04 1.314199462890625000e+03
2.500848099999999977e+04 1.314205322265625000e+03
2.500856399999999849e+04 1.314257690429687500e+03
2.500864700000000084e+04 1.314263183593750000e+03
2.500872999999999956e+04 1.314282836914062500e+03
2.500881299999999828e+04 1.314286865234375000e+03
2.500889600000000064e+04 1.314290161132812500e+03
2.500897899999999936e+04 1.314293457031250000e+03
2.500906200000000172e+04 1.314296875000000000e+03
2.500914500000000044e+04 1.314300415039062500e+03
2.500922799999999916e+04 1.314304809570312500e+03
2.500931100000000151e+04 1.314310058593750000e+03
2.500939400000000023e+04 1.314315429687500000e+03
2.500947699999999895e+04 1.314321289062500000e+03
2.500956000000000131e+04 1.314371093750000000e+03
2.500964300000000003e+04 1.314376586914062500e+03
2.500972599999999875e+04 1.314395385742187500e+03
2.500980900000000111e+04 1.314399414062500000e+03
2.500989199999999983e+04 1.314402709960937500e+03
2.500997499999999854e+04 1.314405883789062500e+03
2.501005800000000090e+04 1.313973266601562500e+03
2.501014099999999962e+04 1.313976806640625000e+03
2.501022399999999834e+04 1.313981201171875000e+03
2.501030700000000070e+04 1.313986328125000000e+03
2.501038999999999942e+04 1.313991821289062500e+03
2.501047300000000178e+04 1.313997680664062500e+03
2.501055600000000049e+04 1.314045166015625000e+03
2.501063899999999921e+04 1.314050659179687500e+03
2.501072200000000157e+04 1.314068725585937500e+03
2.501080500000000029e+04 1.314072753906250000e+03
2.501088799999999901e+04 1.314076049804687500e+03
2.501097100000000137e+04 1.314079345703125000e+03
2.501105400000000009e+04 1.314082763671875000e+03
2.501113699999999881e+04 1.314086425781250000e+03
2.501122000000000116e+04 1.314090820312500000e+03
2.501130299999999988e+04 1.314095947265625000e+03
2.501138599999999860e+04 1.314101440429687500e+03
2.501146900000000096e+04 1.314107177734375000e+03
2.501155199999999968e+04 1.314152709960937500e+03
2.501163499999999840e+04 1.314158203125000000e+03
2.501171800000000076e+04 1.314175781250000000e+03
2.501180099999999948e+04 1.314179687500000000e+03
2.501188399999999820e+04 1.314182983398437500e+03
2.501196700000000055e+04 1.314186279296875000e+03
2.501204999999999927e+04 1.314189697265625000e+03
2.501213300000000163e+04 1.314193237304687500e+03
2.501221600000000035e+04 1.314197631835937500e+03
2.501229899999999907e+04 1.314202758789062500e+03
2.501238200000000143e+04 1.314208251953125000e+03
2.501246500000000015e+04 1.314214111328125000e+03
2.501254799999999886e+04 1.314257934570312500e+03
2.501263100000000122e+04 1.314263427734375000e+03
2.501271399999999994e+04 1.314280517578125000e+03
2.501279699999999866e+04 1.314284667968750000e+03
2.501288000000000102e+04 1.314288085937500000e+03
2.501296299999999974e+04 1.314291259765625000e+03
2.501304599999999846e+04 1.314294677734375000e+03
2.501312900000000081e+04 1.314298217773437500e+03
2.501321199999999953e+04 1.314302612304687500e+03
2.501329499999999825e+04 1.314307617187500000e+03
2.501337800000000061e+04 1.314313110351562500e+03
2.501346099999999933e+04 1.314318847656250000e+03
2.501354400000000169e+04 1.314361083984375000e+03
2.501362700000000041e+04 1.314366821289062500e+03
2.501370999999999913e+04 1.314383422851562500e+03
2.501379300000000148e+04 1.314387573242187500e+03
2.501387600000000020e+04 1.314390991210937500e+03
2.501395899999999892e+04 1.314394165039062500e+03
2.501404200000000128e+04 1.314397583007812500e+03
2.501412500000000000e+04 1.314401123046875000e+03
2.501420799999999872e+04 1.314405273437500000e+03
2.501429100000000108e+04 1.314410278320312500e+03
2.501437399999999980e+04 1.314415771484375000e+03
2.501445699999999852e+04 1.314421508789062500e+03
2.501454000000000087e+04 1.314462524414062500e+03
2.501462299999999959e+04 1.314468139648437500e+03
2.501470599999999831e+04 1.314484252929687500e+03
2.501478900000000067e+04 1.314488403320312500e+03
2.501487199999999939e+04 1.314491943359375000e+03
2.501495500000000175e+04 1.314495117187500000e+03
2.501503800000000047e+04 1.314498535156250000e+03
2.501512099999999919e+04 1.314502075195312500e+03
2.501520400000000154e+04 1.314506225585937500e+03
2.501528700000000026e+04 1.314511230468750000e+03
2.501536999999999898e+04 1.314516723632812500e+03
2.501545300000000134e+04 1.314522338867187500e+03
2.501553600000000006e+04 1.314562133789062500e+03
2.501561899999999878e+04 1.314567871093750000e+03
2.501570200000000114e+04 1.314583618164062500e+03
2.501578499999999985e+04 1.314587768554687500e+03
2.501586799999999857e+04 1.314591186523437500e+03
2.501595100000000093e+04 1.314594360351562500e+03
2.501603399999999965e+04 1.314597778320312500e+03
2.501611699999999837e+04 1.314601318359375000e+03
2.501620000000000073e+04 1.314605468750000000e+03
2.501628299999999945e+04 1.314610473632812500e+03
2.501636600000000180e+04 1.314615966796875000e+03
2.501644900000000052e+04 1.314621704101562500e+03
2.501653199999999924e+04 1.314660400390625000e+03
2.501661500000000160e+04 1.314666015625000000e+03
2.501669800000000032e+04 1.314681640625000000e+03
2.501678099999999904e+04 1.314685913085937500e+03
2.501686400000000140e+04 1.314689575195312500e+03
2.501694700000000012e+04 1.314692626953125000e+03
2.501702999999999884e+04 1.314696044921875000e+03
2.501711300000000119e+04 1.314699584960937500e+03
2.501719599999999991e+04 1.314703735351562500e+03
2.501727899999999863e+04 1.314708618164062500e+03
2.501736200000000099e+04 1.314714111328125000e+03
2.501744499999999971e+04 1.314719726562500000e+03
2.501752799999999843e+04 1.314757446289062500e+03
2.501761100000000079e+04 1.314763305664062500e+03
2.501769399999999951e+04 1.314778564453125000e+03
2.501777699999999822e+04 1.314782836914062500e+03
2.501786000000000058e+04 1.314786499023437500e+03
2.501794299999999930e+04 1.314789550781250000e+03
2.501802600000000166e+04 1.314792968750000000e+03
2.501810900000000038e+04 1.314796508789062500e+03
2.501819199999999910e+04 1.314800415039062500e+03
2.501827500000000146e+04 1.314805297851562500e+03
2.501835800000000017e+04 1.314810791015625000e+03
2.501844099999999889e+04 1.314816406250000000e+03
2.501852400000000125e+04 1.314853271484375000e+03
2.501860699999999997e+04 1.314859008789062500e+03
2.501868999999999869e+04 1.314874145507812500e+03
2.501877300000000105e+04 1.314878417968750000e+03
2.501885599999999977e+04 1.314881958007812500e+03
2.501893899999999849e+04 1.314885009765625000e+03
2.501902200000000084e+04 1.314888549804687500e+03
2.501910499999999956e+04 1.314891967773437500e+03
2.501918799999999828e+04 1.314895996093750000e+03
2.501927100000000064e+04 1.314900878906250000e+03
2.501935399999999936e+04 1.314906250000000000e+03
2.501943700000000172e+04 1.314911865234375000e+03
2.501952000000000044e+04 1.314947998046875000e+03
2.501960299999999916e+04 1.314953857421875000e+03
2.501968600000000151e+04 1.314968627929687500e+03
2.501976900000000023e+04 1.314972900390625000e+03
2.501985199999999895e+04 1.314976440429687500e+03
2.501993500000000131e+04 1.314979614257812500e+03
