2.500009800000000178e+04 1.288048028945922852e+00
2.500018100000000049e+04 1.292257905006408691e+00
2.500026399999999921e+04 1.293166279792785645e+00
2.500034700000000157e+04 1.294089674949645996e+00
2.500043000000000029e+04 1.295033931732177734e+00
2.500051299999999901e+04 1.332461953163146973e+00
2.500059600000000137e+04 1.316525459289550781e+00
2.500067900000000009e+04 1.315571188926696777e+00
2.500076199999999881e+04 1.317548513412475586e+00
2.500084500000000116e+04 1.333935379981994629e+00
2.500092799999999988e+04 1.301896810531616211e+00
2.500101099999999860e+04 1.302888870239257812e+00
2.500109400000000096e+04 1.303889989852905273e+00
2.500117699999999968e+04 1.304897904396057129e+00
2.500125999999999840e+04 1.305913209915161133e+00
2.500134300000000076e+04 1.306938052177429199e+00
2.500142599999999948e+04 1.307970046997070312e+00
2.500150899999999820e+04 1.309045910835266113e+00
2.500159200000000055e+04 1.330718636512756348e+00
2.500167499999999927e+04 1.328850865364074707e+00
2.500175800000000163e+04 1.330830216407775879e+00
2.500184100000000035e+04 1.346518397331237793e+00
2.500192399999999907e+04 1.315209984779357910e+00
2.500200700000000143e+04 1.316254615783691406e+00
2.500209000000000015e+04 1.317302584648132324e+00
2.500217299999999886e+04 1.318351745605468750e+00
2.500225600000000122e+04 1.319402933120727539e+00
2.500233899999999994e+04 1.320458292961120605e+00
2.500242199999999866e+04 1.321516036987304688e+00
2.500250500000000102e+04 1.322612524032592773e+00
2.500258799999999974e+04 1.344280719757080078e+00
2.500267099999999846e+04 1.342513203620910645e+00
2.500275400000000081e+04 1.344503521919250488e+00
2.500283699999999953e+04 1.359547257423400879e+00
2.500291999999999825e+04 1.328908205032348633e+00
2.500300300000000061e+04 1.329948544502258301e+00
2.500308599999999933e+04 1.330988645553588867e+00
2.500316900000000169e+04 1.332026720046997070e+00
2.500325200000000041e+04 1.333063602447509766e+00
2.500333499999999913e+04 1.334101796150207520e+00
2.500341800000000148e+04 1.335139393806457520e+00
2.500350100000000020e+04 1.372664570808410645e+00
2.500358399999999892e+04 1.357518315315246582e+00
2.500366700000000128e+04 1.356016159057617188e+00
2.500375000000000000e+04 1.358002543449401855e+00
2.500383299999999872e+04 1.372686386108398438e+00
2.500391600000000108e+04 1.342374205589294434e+00
2.500399899999999980e+04 1.343378186225891113e+00
2.500408199999999852e+04 1.344380259513854980e+00
2.500416500000000087e+04 1.345378518104553223e+00
2.500424799999999959e+04 1.346373796463012695e+00
2.500433099999999831e+04 1.347369074821472168e+00
2.500441400000000067e+04 1.348362445831298828e+00
2.500449699999999939e+04 1.385804414749145508e+00
2.500458000000000175e+04 1.370636343955993652e+00
2.500466300000000047e+04 1.369057297706604004e+00
2.500474599999999919e+04 1.370579004287719727e+00
2.500482900000000154e+04 1.376880049705505371e+00
2.500491200000000026e+04 1.385083913803100586e+00
2.500499499999999898e+04 1.356355547904968262e+00
2.500507800000000134e+04 1.357304573059082031e+00
2.500516100000000006e+04 1.358249545097351074e+00
2.500524399999999878e+04 1.359190821647644043e+00
2.500532700000000114e+04 1.360130786895751953e+00
2.500540999999999985e+04 1.361068487167358398e+00
2.500549299999999857e+04 1.400096178054809570e+00
2.500557600000000093e+04 1.383894205093383789e+00
2.500565899999999965e+04 1.381851673126220703e+00
2.500574199999999837e+04 1.382967472076416016e+00
2.500582500000000073e+04 1.389135122299194336e+00
2.500590799999999945e+04 1.398199439048767090e+00
2.500599100000000180e+04 1.368542551994323730e+00
2.500607400000000052e+04 1.369433522224426270e+00
2.500615699999999924e+04 1.370319962501525879e+00
2.500624000000000160e+04 1.371202707290649414e+00
2.500632300000000032e+04 1.372084021568298340e+00
2.500640599999999904e+04 1.372963070869445801e+00
2.500648900000000140e+04 1.411131978034973145e+00
2.500657200000000012e+04 1.395663022994995117e+00
2.500665499999999884e+04 1.393573999404907227e+00
2.500673800000000119e+04 1.394626379013061523e+00
2.500682099999999991e+04 1.400712490081787109e+00
2.500690399999999863e+04 1.410383939743041992e+00
2.500698700000000099e+04 1.380041837692260742e+00
2.500706999999999971e+04 1.380873918533325195e+00
2.500715299999999843e+04 1.381701707839965820e+00
2.500723600000000079e+04 1.382525801658630371e+00
2.500731899999999951e+04 1.383348584175109863e+00
2.500740199999999822e+04 1.384169220924377441e+00
2.500748500000000058e+04 1.422203183174133301e+00
2.500756799999999930e+04 1.406588792800903320e+00
2.500765100000000166e+04 1.404585003852844238e+00
2.500773400000000038e+04 1.405598402023315430e+00
2.500781699999999910e+04 1.411611914634704590e+00
2.500790000000000146e+04 1.421661615371704102e+00
2.500798300000000017e+04 1.390859961509704590e+00
2.500806599999999889e+04 1.391635060310363770e+00
2.500814900000000125e+04 1.392406105995178223e+00
2.500823199999999997e+04 1.393173575401306152e+00
2.500831499999999869e+04 1.393940210342407227e+00
2.500839800000000105e+04 1.394705057144165039e+00
2.500848099999999977e+04 1.432635426521301270e+00
2.500856399999999849e+04 1.417006015777587891e+00
2.500864700000000084e+04 1.414948582649230957e+00
2.500872999999999956e+04 1.415547609329223633e+00
2.500881299999999828e+04 1.419681549072265625e+00
2.500889600000000064e+04 1.435497403144836426e+00
2.500897899999999936e+04 1.401089429855346680e+00
2.500906200000000172e+04 1.401810407638549805e+00
2.500914500000000044e+04 1.402528047561645508e+00
2.500922799999999916e+04 1.403242230415344238e+00
2.500931100000000151e+04 1.403955221176147461e+00
2.500939400000000023e+04 1.404667139053344727e+00
2.500947699999999895e+04 1.445269703865051270e+00
2.500956000000000131e+04 1.427892327308654785e+00
2.500964300000000003e+04 1.425283074378967285e+00
2.500972599999999875e+04 1.425506353378295898e+00
2.500980900000000111e+04 1.429394006729125977e+00
2.500989199999999983e+04 1.444953441619873047e+00
2.500997499999999854e+04 1.410687565803527832e+00
2.501005800000000090e+04 1.411358594894409180e+00
2.501014099999999962e+04 1.411582589149475098e+00
2.501022399999999834e+04 1.412247180938720703e+00
2.501030700000000070e+04 1.412910819053649902e+00
2.501038999999999942e+04 1.413573622703552246e+00
2.501047300000000178e+04 1.454098939895629883e+00
2.501055600000000049e+04 1.436697721481323242e+00
2.501063899999999921e+04 1.434011459350585938e+00
2.501072200000000157e+04 1.434222817420959473e+00
2.501080500000000029e+04 1.438060998916625977e+00
2.501088799999999901e+04 1.453618764877319336e+00
2.501097100000000137e+04 1.419269680976867676e+00
2.501105400000000009e+04 1.419894218444824219e+00
2.501113699999999881e+04 1.420516133308410645e+00
2.501122000000000116e+04 1.421135425567626953e+00
2.501130299999999988e+04 1.421754121780395508e+00
2.501138599999999860e+04 1.422372341156005859e+00
2.501146900000000096e+04 1.462214112281799316e+00
2.501155199999999968e+04 1.445251703262329102e+00
2.501163499999999840e+04 1.442678689956665039e+00
2.501171800000000076e+04 1.442845225334167480e+00
2.501180099999999948e+04 1.446636080741882324e+00
2.501188399999999820e+04 1.462166428565979004e+00
2.501196700000000055e+04 1.427773714065551758e+00
2.501204999999999927e+04 1.428356170654296875e+00
2.501213300000000163e+04 1.428936243057250977e+00
2.501221600000000035e+04 1.429513692855834961e+00
2.501229899999999907e+04 1.430091261863708496e+00
2.501238200000000143e+04 1.430668592453002930e+00
2.501246500000000015e+04 1.470435380935668945e+00
2.501254799999999886e+04 1.453457951545715332e+00
2.501263100000000122e+04 1.450855374336242676e+00
2.501271399999999994e+04 1.450972080230712891e+00
2.501279699999999866e+04 1.453555703163146973e+00
2.501288000000000102e+04 1.468791842460632324e+00
2.501296299999999974e+04 1.435868859291076660e+00
2.501304599999999846e+04 1.436412453651428223e+00
2.501312900000000081e+04 1.436954259872436523e+00
2.501321199999999953e+04 1.437493681907653809e+00
2.501329499999999825e+04 1.438033580780029297e+00
2.501337800000000061e+04 1.438573002815246582e+00
2.501346099999999933e+04 1.439127445220947266e+00
2.501354400000000169e+04 1.462964773178100586e+00
2.501362700000000041e+04 1.458944082260131836e+00
2.501370999999999913e+04 1.458611369132995605e+00
2.501379300000000148e+04 1.461348772048950195e+00
2.501387600000000020e+04 1.476047515869140625e+00
2.501395899999999892e+04 1.443469166755676270e+00
2.501404200000000128e+04 1.443977475166320801e+00
2.501412500000000000e+04 1.444484353065490723e+00
2.501420799999999872e+04 1.444989085197448730e+00
2.501429100000000108e+04 1.445493817329406738e+00
2.501437399999999980e+04 1.445999145507812500e+00
2.501445699999999852e+04 1.446519851684570312e+00
2.501454000000000087e+04 1.470318436622619629e+00
2.501462299999999959e+04 1.466276884078979492e+00
2.501470599999999831e+04 1.465897440910339355e+00
2.501478900000000067e+04 1.468592882156372070e+00
2.501487199999999939e+04 1.483208298683166504e+00
2.501495500000000175e+04 1.450670838356018066e+00
2.501503800000000047e+04 1.451147079467773438e+00
2.501512099999999919e+04 1.451622128486633301e+00
2.501520400000000154e+04 1.452095270156860352e+00
2.501528700000000026e+04 1.452568531036376953e+00
2.501536999999999898e+04 1.453042864799499512e+00
2.501545300000000134e+04 1.453532576560974121e+00
2.501553600000000006e+04 1.477296352386474609e+00
2.501561899999999878e+04 1.473190903663635254e+00
2.501570200000000114e+04 1.472819566726684570e+00
2.501578499999999985e+04 1.475487470626831055e+00
2.501586799999999857e+04 1.490007877349853516e+00
2.501595100000000093e+04 1.457510352134704590e+00
2.501603399999999965e+04 1.457957267761230469e+00
2.501611699999999837e+04 1.458403110504150391e+00
2.501620000000000073e+04 1.458847165107727051e+00
2.501628299999999945e+04 1.459291815757751465e+00
2.501636600000000180e+04 1.459737777709960938e+00
2.501644900000000052e+04 1.460199356079101562e+00
2.501653199999999924e+04 1.483931779861450195e+00
2.501661500000000160e+04 1.479805111885070801e+00
2.501669800000000032e+04 1.479405641555786133e+00
2.501678099999999904e+04 1.481253027915954590e+00
2.501686400000000140e+04 1.495001554489135742e+00
2.501694700000000012e+04 1.464087963104248047e+00
2.501702999999999884e+04 1.464507699012756348e+00
2.501711300000000119e+04 1.464926958084106445e+00
2.501719599999999991e+04 1.465344548225402832e+00
2.501727899999999863e+04 1.465763092041015625e+00
2.501736200000000099e+04 1.466182470321655273e+00
2.501744499999999971e+04 1.509518504142761230e+00
2.501752799999999843e+04 1.492550134658813477e+00
2.501761100000000079e+04 1.486618876457214355e+00
2.501769399999999951e+04 1.485687017440795898e+00
2.501777699999999822e+04 1.487593054771423340e+00
2.501786000000000058e+04 1.501016736030578613e+00
2.501794299999999930e+04 1.470310449600219727e+00
2.501802600000000166e+04 1.470705509185791016e+00
2.501810900000000038e+04 1.471100449562072754e+00
2.501819199999999910e+04 1.471493959426879883e+00
2.501827500000000146e+04 1.471887588500976562e+00
2.501835800000000017e+04 1.472283363342285156e+00
2.501844099999999889e+04 1.472687482833862305e+00
2.501852400000000125e+04 1.499181747436523438e+00
2.501860699999999997e+04 1.492645025253295898e+00
2.501868999999999869e+04 1.491690039634704590e+00
2.501877300000000105e+04 1.493562459945678711e+00
2.501885599999999977e+04 1.506932735443115234e+00
2.501893899999999849e+04 1.476243376731872559e+00
2.501902200000000084e+04 1.476616144180297852e+00
2.501910499999999956e+04 1.476988792419433594e+00
2.501918799999999828e+04 1.477360129356384277e+00
2.501927100000000064e+04 1.477731943130493164e+00
2.501935399999999936e+04 1.478105783462524414e+00
2.501943700000000172e+04 1.478488445281982422e+00
2.501952000000000044e+04 1.504958152770996094e+00
2.501960299999999916e+04 1.498359322547912598e+00
2.501968600000000151e+04 1.497413396835327148e+00
2.501976900000000023e+04 1.499282598495483398e+00
2.501985199999999895e+04 1.512598514556884766e+00
2.501993500000000131e+04 1.481923699378967285e+00
