2.500009800000000178e+04 5.097252845764160156e+00
2.500018100000000049e+04 4.251071929931640625e+00
2.500026399999999921e+04 3.566663265228271484e+00
2.500034700000000157e+04 3.015288591384887695e+00
2.500043000000000029e+04 2.797780275344848633e+00
2.500051299999999901e+04 3.601506471633911133e+00
2.500059600000000137e+04 5.382224082946777344e+00
2.500067900000000009e+04 5.399642467498779297e+00
2.500076199999999881e+04 5.402440071105957031e+00
2.500084500000000116e+04 5.394252300262451172e+00
2.500092799999999988e+04 4.600938320159912109e+00
2.500101099999999860e+04 3.928606510162353516e+00
2.500109400000000096e+04 3.372541427612304688e+00
2.500117699999999968e+04 2.914447546005249023e+00
2.500125999999999840e+04 2.534733295440673828e+00
2.500134300000000076e+04 2.218551158905029297e+00
2.500142599999999948e+04 1.959379315376281738e+00
2.500150899999999820e+04 2.564582109451293945e+00
2.500159200000000055e+04 5.381066799163818359e+00
2.500167499999999927e+04 5.418310165405273438e+00
2.500175800000000163e+04 5.421150207519531250e+00
2.500184100000000035e+04 5.419719219207763672e+00
2.500192399999999907e+04 4.725027561187744141e+00
2.500200700000000143e+04 4.115762710571289062e+00
2.500209000000000015e+04 3.597879886627197266e+00
2.500217299999999886e+04 3.163871288299560547e+00
2.500225600000000122e+04 2.796113967895507812e+00
2.500233899999999994e+04 2.482660293579101562e+00
2.500242199999999866e+04 2.219825506210327148e+00
2.500250500000000102e+04 2.945408105850219727e+00
2.500258799999999974e+04 5.402858257293701172e+00
2.500267099999999846e+04 5.427537918090820312e+00
2.500275400000000081e+04 5.430428504943847656e+00
2.500283699999999953e+04 5.428901195526123047e+00
2.500291999999999825e+04 4.812831401824951172e+00
2.500300300000000061e+04 4.257013320922851562e+00
2.500308599999999933e+04 3.779176235198974609e+00
2.500316900000000169e+04 3.369030475616455078e+00
2.500325200000000041e+04 3.015056610107421875e+00
2.500333499999999913e+04 2.708077907562255859e+00
2.500341800000000148e+04 2.446481466293334961e+00
2.500350100000000020e+04 3.298799753189086914e+00
2.500358399999999892e+04 5.415647983551025391e+00
2.500366700000000128e+04 5.441779136657714844e+00
2.500375000000000000e+04 5.444611549377441406e+00
2.500383299999999872e+04 5.443762302398681641e+00
2.500391600000000108e+04 4.885794639587402344e+00
2.500399899999999980e+04 4.374633312225341797e+00
2.500408199999999852e+04 3.931650400161743164e+00
2.500416500000000087e+04 3.540590047836303711e+00
2.500424799999999959e+04 3.200597047805786133e+00
2.500433099999999831e+04 2.902044534683227539e+00
2.500441400000000067e+04 2.644528627395629883e+00
2.500449699999999939e+04 3.611279726028442383e+00
2.500458000000000175e+04 5.433733940124511719e+00
2.500466300000000047e+04 5.456266403198242188e+00
2.500474599999999919e+04 5.459340572357177734e+00
2.500482900000000154e+04 5.458898544311523438e+00
2.500491200000000026e+04 5.403134822845458984e+00
2.500499499999999898e+04 4.894978523254394531e+00
2.500507800000000134e+04 4.435227870941162109e+00
2.500516100000000006e+04 4.021564483642578125e+00
2.500524399999999878e+04 3.660514354705810547e+00
2.500532700000000114e+04 3.339834928512573242e+00
2.500540999999999985e+04 3.059737682342529297e+00
2.500549299999999857e+04 3.901449441909790039e+00
2.500557600000000093e+04 5.450695514678955078e+00
2.500565899999999965e+04 5.469723224639892578e+00
2.500574199999999837e+04 5.472940921783447266e+00
2.500582500000000073e+04 5.472511291503906250e+00
2.500590799999999945e+04 5.450131416320800781e+00
2.500599100000000180e+04 4.979408740997314453e+00
2.500607400000000052e+04 4.542038440704345703e+00
2.500615699999999924e+04 4.152430057525634766e+00
2.500624000000000160e+04 3.806100368499755859e+00
2.500632300000000032e+04 3.494829177856445312e+00
2.500640599999999904e+04 3.222903490066528320e+00
2.500648900000000140e+04 4.130977153778076172e+00
2.500657200000000012e+04 5.466159343719482422e+00
2.500665499999999884e+04 5.482767581939697266e+00
2.500673800000000119e+04 5.485657215118408203e+00
2.500682099999999991e+04 5.485141754150390625e+00
2.500690399999999863e+04 5.467777252197265625e+00
2.500698700000000099e+04 5.028180599212646484e+00
2.500706999999999971e+04 4.618550300598144531e+00
2.500715299999999843e+04 4.248317718505859375e+00
2.500723600000000079e+04 3.916231393814086914e+00
2.500731899999999951e+04 3.617074012756347656e+00
2.500740199999999822e+04 3.353428363800048828e+00
2.500748500000000058e+04 4.323294162750244141e+00
2.500756799999999930e+04 5.480240821838378906e+00
2.500765100000000166e+04 5.495473861694335938e+00
2.500773400000000038e+04 5.498474597930908203e+00
2.500781699999999910e+04 5.498238563537597656e+00
2.500790000000000146e+04 5.484287738800048828e+00
2.500798300000000017e+04 5.071611404418945312e+00
2.500806599999999889e+04 4.681929588317871094e+00
2.500814900000000125e+04 4.330751419067382812e+00
2.500823199999999997e+04 4.012904644012451172e+00
2.500831499999999869e+04 3.725800752639770508e+00
2.500839800000000105e+04 3.468371868133544922e+00
2.500848099999999977e+04 4.493589401245117188e+00
2.500856399999999849e+04 5.494374275207519531e+00
2.500864700000000084e+04 5.507423400878906250e+00
2.500872999999999956e+04 5.510672092437744141e+00
2.500881299999999828e+04 5.511573791503906250e+00
2.500889600000000064e+04 5.496338367462158203e+00
2.500897899999999936e+04 5.111266136169433594e+00
2.500906200000000172e+04 4.737459182739257812e+00
2.500914500000000044e+04 4.404228210449218750e+00
2.500922799999999916e+04 4.096693515777587891e+00
2.500931100000000151e+04 3.818317413330078125e+00
2.500939400000000023e+04 3.566967964172363281e+00
2.500947699999999895e+04 4.277602672576904297e+00
2.500956000000000131e+04 5.500341892242431641e+00
2.500964300000000003e+04 5.518467903137207031e+00
2.500972599999999875e+04 5.522435665130615234e+00
2.500980900000000111e+04 5.522919178009033203e+00
2.500989199999999983e+04 5.513762474060058594e+00
2.500997499999999854e+04 5.147154331207275391e+00
2.501005800000000090e+04 4.792085647583007812e+00
2.501014099999999962e+04 4.468487739562988281e+00
2.501022399999999834e+04 4.169808387756347656e+00
2.501030700000000070e+04 3.899013280868530273e+00
2.501038999999999942e+04 3.657855510711669922e+00
2.501047300000000178e+04 4.399543285369873047e+00
2.501055600000000049e+04 5.507765769958496094e+00
2.501063899999999921e+04 5.524183750152587891e+00
2.501072200000000157e+04 5.528444766998291016e+00
2.501080500000000029e+04 5.528315067291259766e+00
2.501088799999999901e+04 5.523283004760742188e+00
2.501097100000000137e+04 5.174219608306884766e+00
2.501105400000000009e+04 4.838475227355957031e+00
2.501113699999999881e+04 4.522810935974121094e+00
2.501122000000000116e+04 4.236352920532226562e+00
2.501130299999999988e+04 3.976230382919311523e+00
2.501138599999999860e+04 3.739253282546997070e+00
2.501146900000000096e+04 4.510627269744873047e+00
2.501155199999999968e+04 5.515876293182373047e+00
2.501163499999999840e+04 5.534498691558837891e+00
2.501171800000000076e+04 5.538656234741210938e+00
2.501180099999999948e+04 5.539311408996582031e+00
2.501188399999999820e+04 5.534197330474853516e+00
2.501196700000000055e+04 5.199642181396484375e+00
2.501204999999999927e+04 4.869184017181396484e+00
2.501213300000000163e+04 4.571700572967529297e+00
2.501221600000000035e+04 4.297114849090576172e+00
2.501229899999999907e+04 4.039997100830078125e+00
2.501238200000000143e+04 3.811434507369995117e+00
2.501246500000000015e+04 4.608222961425781250e+00
2.501254799999999886e+04 5.530595302581787109e+00
2.501263100000000122e+04 5.544521331787109375e+00
2.501271399999999994e+04 5.548377513885498047e+00
2.501279699999999866e+04 5.549727439880371094e+00
2.501288000000000102e+04 5.547762393951416016e+00
2.501296299999999974e+04 5.231098651885986328e+00
2.501304599999999846e+04 4.912858009338378906e+00
2.501312900000000081e+04 4.618644714355468750e+00
2.501321199999999953e+04 4.350471019744873047e+00
2.501329499999999825e+04 4.103142738342285156e+00
2.501337800000000061e+04 3.875286340713500977e+00
2.501346099999999933e+04 4.314581871032714844e+00
2.501354400000000169e+04 5.531450271606445312e+00
2.501362700000000041e+04 5.553287506103515625e+00
2.501370999999999913e+04 5.558470249176025391e+00
2.501379300000000148e+04 5.559345722198486328e+00
2.501387600000000020e+04 5.557482242584228516e+00
2.501395899999999892e+04 5.252174854278564453e+00
2.501404200000000128e+04 4.946784973144531250e+00
2.501412500000000000e+04 4.660987377166748047e+00
2.501420799999999872e+04 4.399878501892089844e+00
2.501429100000000108e+04 4.155992507934570312e+00
2.501437399999999980e+04 3.933538913726806641e+00
2.501445699999999852e+04 4.388365268707275391e+00
2.501454000000000087e+04 5.542257308959960938e+00
2.501462299999999959e+04 5.563184261322021484e+00
2.501470599999999831e+04 5.568216323852539062e+00
2.501478900000000067e+04 5.568992137908935547e+00
2.501487199999999939e+04 5.566913604736328125e+00
2.501495500000000175e+04 5.271470069885253906e+00
2.501503800000000047e+04 4.975128650665283203e+00
2.501512099999999919e+04 4.697198867797851562e+00
2.501520400000000154e+04 4.442362308502197266e+00
2.501528700000000026e+04 4.205379486083984375e+00
2.501536999999999898e+04 3.985718727111816406e+00
2.501545300000000134e+04 4.455080986022949219e+00
2.501553600000000006e+04 5.552957057952880859e+00
2.501561899999999878e+04 5.572211265563964844e+00
2.501570200000000114e+04 5.577436447143554688e+00
2.501578499999999985e+04 5.578485012054443359e+00
2.501586799999999857e+04 5.576274871826171875e+00
2.501595100000000093e+04 5.289553642272949219e+00
2.501603399999999965e+04 4.998975753784179688e+00
2.501611699999999837e+04 4.730273246765136719e+00
2.501620000000000073e+04 4.484256744384765625e+00
2.501628299999999945e+04 4.249061107635498047e+00
2.501636600000000180e+04 4.032855510711669922e+00
2.501644900000000052e+04 4.515858650207519531e+00
2.501653199999999924e+04 5.562811851501464844e+00
2.501661500000000160e+04 5.581254959106445312e+00
2.501669800000000032e+04 5.586543083190917969e+00
2.501678099999999904e+04 5.588004589080810547e+00
2.501686400000000140e+04 5.586518764495849609e+00
2.501694700000000012e+04 5.309056282043457031e+00
2.501702999999999884e+04 5.025286197662353516e+00
2.501711300000000119e+04 4.759783744812011719e+00
2.501719599999999991e+04 4.518249511718750000e+00
2.501727899999999863e+04 4.291942119598388672e+00
2.501736200000000099e+04 4.079847812652587891e+00
2.501744499999999971e+04 4.586258888244628906e+00
2.501752799999999843e+04 5.560729026794433594e+00
2.501761100000000079e+04 5.589416503906250000e+00
2.501769399999999951e+04 5.595096588134765625e+00
2.501777699999999822e+04 5.596629619598388672e+00
2.501786000000000058e+04 5.594774246215820312e+00
2.501794299999999930e+04 5.324650287628173828e+00
2.501802600000000166e+04 5.043511867523193359e+00
2.501810900000000038e+04 4.791510105133056641e+00
2.501819199999999910e+04 4.552183628082275391e+00
2.501827500000000146e+04 4.325880527496337891e+00
2.501835800000000017e+04 4.117568492889404297e+00
2.501844099999999889e+04 4.266903400421142578e+00
2.501852400000000125e+04 5.567799568176269531e+00
2.501860699999999997e+04 5.597877025604248047e+00
2.501868999999999869e+04 5.603589534759521484e+00
2.501877300000000105e+04 5.604969024658203125e+00
2.501885599999999977e+04 5.603195190429687500e+00
2.501893899999999849e+04 5.339179039001464844e+00
2.501902200000000084e+04 5.067754745483398438e+00
2.501910499999999956e+04 4.819221019744873047e+00
2.501918799999999828e+04 4.581818103790283203e+00
2.501927100000000064e+04 4.360415458679199219e+00
2.501935399999999936e+04 4.155368804931640625e+00
2.501943700000000172e+04 4.311876773834228516e+00
2.501952000000000044e+04 5.576715946197509766e+00
2.501960299999999916e+04 5.605967044830322266e+00
2.501968600000000151e+04 5.611688137054443359e+00
2.501976900000000023e+04 5.613209247589111328e+00
2.501985199999999895e+04 5.611279964447021484e+00
2.501993500000000131e+04 5.356938362121582031e+00
