2.500009800000000178e+04 0.000000000000000000e+00
2.500018100000000049e+04 0.000000000000000000e+00
2.500026399999999921e+04 0.000000000000000000e+00
2.500034700000000157e+04 0.000000000000000000e+00
2.500043000000000029e+04 0.000000000000000000e+00
2.500051299999999901e+04 8.024683380126953125e+01
2.500059600000000137e+04 1.864448242187500000e+02
2.500067900000000009e+04 1.413513946533203125e+02
2.500076199999999881e+04 9.287200570106506348e-01
2.500084500000000116e+04 0.000000000000000000e+00
2.500092799999999988e+04 0.000000000000000000e+00
2.500101099999999860e+04 0.000000000000000000e+00
2.500109400000000096e+04 0.000000000000000000e+00
2.500117699999999968e+04 0.000000000000000000e+00
2.500125999999999840e+04 0.000000000000000000e+00
2.500134300000000076e+04 0.000000000000000000e+00
2.500142599999999948e+04 0.000000000000000000e+00
2.500150899999999820e+04 5.552709960937500000e+01
2.500159200000000055e+04 1.763404388427734375e+02
2.500167499999999927e+04 1.384964904785156250e+02
2.500175800000000163e+04 1.537079453468322754e+00
2.500184100000000035e+04 0.000000000000000000e+00
2.500192399999999907e+04 0.000000000000000000e+00
2.500200700000000143e+04 0.000000000000000000e+00
2.500209000000000015e+04 0.000000000000000000e+00
2.500217299999999886e+04 0.000000000000000000e+00
2.500225600000000122e+04 0.000000000000000000e+00
2.500233899999999994e+04 0.000000000000000000e+00
2.500242199999999866e+04 0.000000000000000000e+00
2.500250500000000102e+04 6.071881484985351562e+01
2.500258799999999974e+04 1.768367614746093750e+02
2.500267099999999846e+04 1.399643249511718750e+02
2.500275400000000081e+04 2.064206600189208984e+00
2.500283699999999953e+04 0.000000000000000000e+00
2.500291999999999825e+04 0.000000000000000000e+00
2.500300300000000061e+04 0.000000000000000000e+00
2.500308599999999933e+04 0.000000000000000000e+00
2.500316900000000169e+04 0.000000000000000000e+00
2.500325200000000041e+04 0.000000000000000000e+00
2.500333499999999913e+04 0.000000000000000000e+00
2.500341800000000148e+04 0.000000000000000000e+00
2.500350100000000020e+04 6.117107009887695312e+01
2.500358399999999892e+04 1.809730072021484375e+02
2.500366700000000128e+04 1.422072448730468750e+02
2.500375000000000000e+04 2.596436262130737305e+00
2.500383299999999872e+04 0.000000000000000000e+00
2.500391600000000108e+04 0.000000000000000000e+00
2.500399899999999980e+04 0.000000000000000000e+00
2.500408199999999852e+04 0.000000000000000000e+00
2.500416500000000087e+04 0.000000000000000000e+00
2.500424799999999959e+04 0.000000000000000000e+00
2.500433099999999831e+04 0.000000000000000000e+00
2.500441400000000067e+04 0.000000000000000000e+00
2.500449699999999939e+04 6.528424072265625000e+01
2.500458000000000175e+04 1.842511138916015625e+02
2.500466300000000047e+04 1.690154418945312500e+02
2.500474599999999919e+04 3.328807830810546875e+01
2.500482900000000154e+04 0.000000000000000000e+00
2.500491200000000026e+04 0.000000000000000000e+00
2.500499499999999898e+04 0.000000000000000000e+00
2.500507800000000134e+04 0.000000000000000000e+00
2.500516100000000006e+04 0.000000000000000000e+00
2.500524399999999878e+04 0.000000000000000000e+00
2.500532700000000114e+04 0.000000000000000000e+00
2.500540999999999985e+04 0.000000000000000000e+00
2.500549299999999857e+04 5.028070068359375000e+01
2.500557600000000093e+04 1.602929382324218750e+02
2.500565899999999965e+04 1.676479644775390625e+02
2.500574199999999837e+04 3.391007614135742188e+01
2.500582500000000073e+04 0.000000000000000000e+00
2.500590799999999945e+04 0.000000000000000000e+00
2.500599100000000180e+04 0.000000000000000000e+00
2.500607400000000052e+04 0.000000000000000000e+00
2.500615699999999924e+04 0.000000000000000000e+00
2.500624000000000160e+04 0.000000000000000000e+00
2.500632300000000032e+04 0.000000000000000000e+00
2.500640599999999904e+04 0.000000000000000000e+00
2.500648900000000140e+04 5.356474685668945312e+01
2.500657200000000012e+04 1.608783874511718750e+02
2.500665499999999884e+04 1.685930023193359375e+02
2.500673800000000119e+04 3.443979644775390625e+01
2.500682099999999991e+04 3.827547281980514526e-02
2.500690399999999863e+04 0.000000000000000000e+00
2.500698700000000099e+04 0.000000000000000000e+00
2.500706999999999971e+04 0.000000000000000000e+00
2.500715299999999843e+04 0.000000000000000000e+00
2.500723600000000079e+04 0.000000000000000000e+00
2.500731899999999951e+04 0.000000000000000000e+00
2.500740199999999822e+04 0.000000000000000000e+00
2.500748500000000058e+04 5.380322647094726562e+01
2.500756799999999930e+04 1.618058471679687500e+02
2.500765100000000166e+04 1.702419128417968750e+02
2.500773400000000038e+04 3.488833618164062500e+01
2.500781699999999910e+04 7.060839235782623291e-02
2.500790000000000146e+04 0.000000000000000000e+00
2.500798300000000017e+04 0.000000000000000000e+00
2.500806599999999889e+04 0.000000000000000000e+00
2.500814900000000125e+04 0.000000000000000000e+00
2.500823199999999997e+04 0.000000000000000000e+00
2.500831499999999869e+04 0.000000000000000000e+00
2.500839800000000105e+04 0.000000000000000000e+00
2.500848099999999977e+04 5.642010879516601562e+01
2.500856399999999849e+04 1.637026824951171875e+02
2.500864700000000084e+04 1.986575164794921875e+02
2.500872999999999956e+04 6.686887359619140625e+01
2.500881299999999828e+04 2.168240249156951904e-01
2.500889600000000064e+04 0.000000000000000000e+00
2.500897899999999936e+04 0.000000000000000000e+00
2.500906200000000172e+04 0.000000000000000000e+00
2.500914500000000044e+04 0.000000000000000000e+00
2.500922799999999916e+04 0.000000000000000000e+00
2.500931100000000151e+04 0.000000000000000000e+00
2.500939400000000023e+04 0.000000000000000000e+00
2.500947699999999895e+04 4.182425308227539062e+01
2.500956000000000131e+04 1.329113311767578125e+02
2.500964300000000003e+04 1.825205841064453125e+02
2.500972599999999875e+04 6.447073364257812500e+01
2.500980900000000111e+04 2.631810009479522705e-01
2.500989199999999983e+04 0.000000000000000000e+00
2.500997499999999854e+04 0.000000000000000000e+00
2.501005800000000090e+04 0.000000000000000000e+00
2.501014099999999962e+04 0.000000000000000000e+00
2.501022399999999834e+04 0.000000000000000000e+00
2.501030700000000070e+04 0.000000000000000000e+00
2.501038999999999942e+04 0.000000000000000000e+00
2.501047300000000178e+04 4.197402191162109375e+01
2.501055600000000049e+04 1.345562744140625000e+02
2.501063899999999921e+04 1.829664611816406250e+02
2.501072200000000157e+04 6.482482147216796875e+01
2.501080500000000029e+04 3.210901319980621338e-01
2.501088799999999901e+04 0.000000000000000000e+00
2.501097100000000137e+04 0.000000000000000000e+00
2.501105400000000009e+04 0.000000000000000000e+00
2.501113699999999881e+04 0.000000000000000000e+00
2.501122000000000116e+04 0.000000000000000000e+00
2.501130299999999988e+04 0.000000000000000000e+00
2.501138599999999860e+04 0.000000000000000000e+00
2.501146900000000096e+04 4.210811614990234375e+01
2.501155199999999968e+04 1.348579406738281250e+02
2.501163499999999840e+04 1.836289062500000000e+02
2.501171800000000076e+04 6.522954559326171875e+01
2.501180099999999948e+04 4.051654934883117676e-01
2.501188399999999820e+04 0.000000000000000000e+00
2.501196700000000055e+04 0.000000000000000000e+00
2.501204999999999927e+04 0.000000000000000000e+00
2.501213300000000163e+04 0.000000000000000000e+00
2.501221600000000035e+04 0.000000000000000000e+00
2.501229899999999907e+04 0.000000000000000000e+00
2.501238200000000143e+04 0.000000000000000000e+00
2.501246500000000015e+04 4.225645828247070312e+01
2.501254799999999886e+04 1.352501068115234375e+02
2.501263100000000122e+04 1.852517395019531250e+02
2.501271399999999994e+04 9.795235443115234375e+01
2.501279699999999866e+04 1.809063792228698730e+00
2.501288000000000102e+04 0.000000000000000000e+00
2.501296299999999974e+04 0.000000000000000000e+00
2.501304599999999846e+04 0.000000000000000000e+00
2.501312900000000081e+04 0.000000000000000000e+00
2.501321199999999953e+04 0.000000000000000000e+00
2.501329499999999825e+04 0.000000000000000000e+00
2.501337800000000061e+04 0.000000000000000000e+00
2.501346099999999933e+04 2.835203742980957031e+01
2.501354400000000169e+04 1.138560409545898438e+02
2.501362700000000041e+04 1.863868560791015625e+02
2.501370999999999913e+04 9.460687255859375000e+01
2.501379300000000148e+04 1.924153327941894531e+00
2.501387600000000020e+04 0.000000000000000000e+00
2.501395899999999892e+04 0.000000000000000000e+00
2.501404200000000128e+04 0.000000000000000000e+00
2.501412500000000000e+04 0.000000000000000000e+00
2.501420799999999872e+04 0.000000000000000000e+00
2.501429100000000108e+04 0.000000000000000000e+00
2.501437399999999980e+04 0.000000000000000000e+00
2.501445699999999852e+04 2.843332099914550781e+01
2.501454000000000087e+04 1.140595550537109375e+02
2.501462299999999959e+04 1.877373504638671875e+02
2.501470599999999831e+04 9.493053436279296875e+01
2.501478900000000067e+04 2.023749113082885742e+00
2.501487199999999939e+04 0.000000000000000000e+00
2.501495500000000175e+04 0.000000000000000000e+00
2.501503800000000047e+04 0.000000000000000000e+00
2.501512099999999919e+04 0.000000000000000000e+00
2.501520400000000154e+04 0.000000000000000000e+00
2.501528700000000026e+04 0.000000000000000000e+00
2.501536999999999898e+04 0.000000000000000000e+00
2.501545300000000134e+04 2.852214622497558594e+01
2.501553600000000006e+04 1.156471862792968750e+02
2.501561899999999878e+04 1.880797576904296875e+02
2.501570200000000114e+04 9.518943023681640625e+01
2.501578499999999985e+04 2.112356424331665039e+00
2.501586799999999857e+04 0.000000000000000000e+00
2.501595100000000093e+04 0.000000000000000000e+00
2.501603399999999965e+04 0.000000000000000000e+00
2.501611699999999837e+04 0.000000000000000000e+00
2.501620000000000073e+04 0.000000000000000000e+00
2.501628299999999945e+04 0.000000000000000000e+00
2.501636600000000180e+04 0.000000000000000000e+00
2.501644900000000052e+04 3.019861984252929688e+01
2.501653199999999924e+04 1.158058319091796875e+02
2.501661500000000160e+04 1.887072296142578125e+02
2.501669800000000032e+04 1.278106307983398438e+02
2.501678099999999904e+04 3.572618246078491211e+00
2.501686400000000140e+04 0.000000000000000000e+00
2.501694700000000012e+04 0.000000000000000000e+00
2.501702999999999884e+04 0.000000000000000000e+00
2.501711300000000119e+04 0.000000000000000000e+00
2.501719599999999991e+04 0.000000000000000000e+00
2.501727899999999863e+04 0.000000000000000000e+00
2.501736200000000099e+04 0.000000000000000000e+00
2.501744499999999971e+04 1.433952713012695312e+01
2.501752799999999843e+04 9.531283569335937500e+01
2.501761100000000079e+04 1.905076446533203125e+02
2.501769399999999951e+04 1.240920028686523438e+02
2.501777699999999822e+04 3.928082704544067383e+00
2.501786000000000058e+04 0.000000000000000000e+00
2.501794299999999930e+04 0.000000000000000000e+00
2.501802600000000166e+04 0.000000000000000000e+00
2.501810900000000038e+04 0.000000000000000000e+00
2.501819199999999910e+04 0.000000000000000000e+00
2.501827500000000146e+04 0.000000000000000000e+00
2.501835800000000017e+04 0.000000000000000000e+00
2.501844099999999889e+04 1.437602615356445312e+01
2.501852400000000125e+04 9.550677490234375000e+01
2.501860699999999997e+04 1.904900817871093750e+02
2.501868999999999869e+04 1.244733657836914062e+02
2.501877300000000105e+04 4.004568099975585938e+00
2.501885599999999977e+04 0.000000000000000000e+00
2.501893899999999849e+04 0.000000000000000000e+00
2.501902200000000084e+04 0.000000000000000000e+00
2.501910499999999956e+04 0.000000000000000000e+00
2.501918799999999828e+04 0.000000000000000000e+00
2.501927100000000064e+04 0.000000000000000000e+00
2.501935399999999936e+04 0.000000000000000000e+00
2.501943700000000172e+04 1.441023731231689453e+01
2.501952000000000044e+04 9.693572998046875000e+01
2.501960299999999916e+04 1.919592132568359375e+02
2.501968600000000151e+04 1.249724960327148438e+02
2.501976900000000023e+04 4.073948383331298828e+00
2.501985199999999895e+04 0.000000000000000000e+00
2.501993500000000131e+04 0.000000000000000000e+00
