2.500009800000000178e+04 8.162286376953125000e+02
2.500018100000000049e+04 8.162371826171875000e+02
2.500026399999999921e+04 8.162474365234375000e+02
2.500034700000000157e+04 8.162581787109375000e+02
2.500043000000000029e+04 8.162680664062500000e+02
2.500051299999999901e+04 8.162664794921875000e+02
2.500059600000000137e+04 8.162446289062500000e+02
2.500067900000000009e+04 8.162267456054687500e+02
2.500076199999999881e+04 8.162337646484375000e+02
2.500084500000000116e+04 8.162391357421875000e+02
2.500092799999999988e+04 8.162457275390625000e+02
2.500101099999999860e+04 8.162531127929687500e+02
2.500109400000000096e+04 8.162607421875000000e+02
2.500117699999999968e+04 8.162690429687500000e+02
2.500125999999999840e+04 8.162789306640625000e+02
2.500134300000000076e+04 8.162897949218750000e+02
2.500142599999999948e+04 8.162995605468750000e+02
2.500150899999999820e+04 8.162998657226562500e+02
2.500159200000000055e+04 8.162760620117187500e+02
2.500167499999999927e+04 8.162570800781250000e+02
2.500175800000000163e+04 8.162630615234375000e+02
2.500184100000000035e+04 8.162679443359375000e+02
2.500192399999999907e+04 8.162739868164062500e+02
2.500200700000000143e+04 8.162808227539062500e+02
2.500209000000000015e+04 8.162879028320312500e+02
2.500217299999999886e+04 8.162955932617187500e+02
2.500225600000000122e+04 8.163049926757812500e+02
2.500233899999999994e+04 8.163152465820312500e+02
2.500242199999999866e+04 8.163244628906250000e+02
2.500250500000000102e+04 8.163241577148437500e+02
2.500258799999999974e+04 8.163027343750000000e+02
2.500267099999999846e+04 8.162830200195312500e+02
2.500275400000000081e+04 8.162883300781250000e+02
2.500283699999999953e+04 8.162928466796875000e+02
2.500291999999999825e+04 8.162984619140625000e+02
2.500300300000000061e+04 8.163049316406250000e+02
2.500308599999999933e+04 8.163115844726562500e+02
2.500316900000000169e+04 8.163188476562500000e+02
2.500325200000000041e+04 8.163277587890625000e+02
2.500333499999999913e+04 8.163375854492187500e+02
2.500341800000000148e+04 8.163464355468750000e+02
2.500350100000000020e+04 8.163455810546875000e+02
2.500358399999999892e+04 8.163235473632812500e+02
2.500366700000000128e+04 8.163032226562500000e+02
2.500375000000000000e+04 8.163079223632812500e+02
2.500383299999999872e+04 8.163121337890625000e+02
2.500391600000000108e+04 8.163174438476562500e+02
2.500399899999999980e+04 8.163236083984375000e+02
2.500408199999999852e+04 8.163298950195312500e+02
2.500416500000000087e+04 8.163367309570312500e+02
2.500424799999999959e+04 8.163453369140625000e+02
2.500433099999999831e+04 8.163547973632812500e+02
2.500441400000000067e+04 8.163632812500000000e+02
2.500449699999999939e+04 8.163619995117187500e+02
2.500458000000000175e+04 8.163394165039062500e+02
2.500466300000000047e+04 8.163150024414062500e+02
2.500474599999999919e+04 8.163142089843750000e+02
2.500482900000000154e+04 8.163191528320312500e+02
2.500491200000000026e+04 8.163242187500000000e+02
2.500499499999999898e+04 8.163297729492187500e+02
2.500507800000000134e+04 8.163356323242187500e+02
2.500516100000000006e+04 8.163419799804687500e+02
2.500524399999999878e+04 8.163498535156250000e+02
2.500532700000000114e+04 8.163587646484375000e+02
2.500540999999999985e+04 8.163670043945312500e+02
2.500549299999999857e+04 8.163672485351562500e+02
2.500557600000000093e+04 8.163466796875000000e+02
2.500565899999999965e+04 8.163217773437500000e+02
2.500574199999999837e+04 8.163206176757812500e+02
2.500582500000000073e+04 8.163251953125000000e+02
2.500590799999999945e+04 8.163300170898437500e+02
2.500599100000000180e+04 8.163353271484375000e+02
2.500607400000000052e+04 8.163408813476562500e+02
2.500615699999999924e+04 8.163469848632812500e+02
2.500624000000000160e+04 8.163545532226562500e+02
2.500632300000000032e+04 8.163631591796875000e+02
2.500640599999999904e+04 8.163711547851562500e+02
2.500648900000000140e+04 8.163710327148437500e+02
2.500657200000000012e+04 8.163522338867187500e+02
2.500665499999999884e+04 8.163270874023437500e+02
2.500673800000000119e+04 8.163256225585937500e+02
2.500682099999999991e+04 8.163298950195312500e+02
2.500690399999999863e+04 8.163345336914062500e+02
2.500698700000000099e+04 8.163396606445312500e+02
2.500706999999999971e+04 8.163450927734375000e+02
2.500715299999999843e+04 8.163510131835937500e+02
2.500723600000000079e+04 8.163583984375000000e+02
2.500731899999999951e+04 8.163668212890625000e+02
2.500740199999999822e+04 8.163746337890625000e+02
2.500748500000000058e+04 8.163742675781250000e+02
2.500756799999999930e+04 8.163552246093750000e+02
2.500765100000000166e+04 8.163297729492187500e+02
2.500773400000000038e+04 8.163280029296875000e+02
2.500781699999999910e+04 8.163320922851562500e+02
2.500790000000000146e+04 8.163367309570312500e+02
2.500798300000000017e+04 8.163417968750000000e+02
2.500806599999999889e+04 8.163471679687500000e+02
2.500814900000000125e+04 8.163529052734375000e+02
2.500823199999999997e+04 8.163602294921875000e+02
2.500831499999999869e+04 8.163685302734375000e+02
2.500839800000000105e+04 8.163762817382812500e+02
2.500848099999999977e+04 8.163757934570312500e+02
2.500856399999999849e+04 8.163563842773437500e+02
2.500864700000000084e+04 8.163270874023437500e+02
2.500872999999999956e+04 8.163200683593750000e+02
2.500881299999999828e+04 8.163236083984375000e+02
2.500889600000000064e+04 8.163270263671875000e+02
2.500897899999999936e+04 8.163318481445312500e+02
2.500906200000000172e+04 8.163370361328125000e+02
2.500914500000000044e+04 8.163426513671875000e+02
2.500922799999999916e+04 8.163495483398437500e+02
2.500931100000000151e+04 8.163575439453125000e+02
2.500939400000000023e+04 8.163653564453125000e+02
2.500947699999999895e+04 8.163667602539062500e+02
2.500956000000000131e+04 8.163536376953125000e+02
2.500964300000000003e+04 8.163240966796875000e+02
2.500972599999999875e+04 8.163169555664062500e+02
2.500980900000000111e+04 8.163202514648437500e+02
2.500989199999999983e+04 8.163236694335937500e+02
2.500997499999999854e+04 8.163283691406250000e+02
2.501005800000000090e+04 8.163334960937500000e+02
2.501014099999999962e+04 8.163389892578125000e+02
2.501022399999999834e+04 8.163457031250000000e+02
2.501030700000000070e+04 8.163536376953125000e+02
2.501038999999999942e+04 8.163612670898437500e+02
2.501047300000000178e+04 8.163624877929687500e+02
2.501055600000000049e+04 8.163493041992187500e+02
2.501063899999999921e+04 8.163195800781250000e+02
2.501072200000000157e+04 8.163121948242187500e+02
2.501080500000000029e+04 8.163153686523437500e+02
2.501088799999999901e+04 8.163186645507812500e+02
2.501097100000000137e+04 8.163232421875000000e+02
2.501105400000000009e+04 8.163282470703125000e+02
2.501113699999999881e+04 8.163336791992187500e+02
2.501122000000000116e+04 8.163403320312500000e+02
2.501130299999999988e+04 8.163481445312500000e+02
2.501138599999999860e+04 8.163556518554687500e+02
2.501146900000000096e+04 8.163567504882812500e+02
2.501155199999999968e+04 8.163434448242187500e+02
2.501163499999999840e+04 8.163135986328125000e+02
2.501171800000000076e+04 8.163060913085937500e+02
2.501180099999999948e+04 8.163090820312500000e+02
2.501188399999999820e+04 8.163123168945312500e+02
2.501196700000000055e+04 8.163168945312500000e+02
2.501204999999999927e+04 8.163217773437500000e+02
2.501213300000000163e+04 8.163270263671875000e+02
2.501221600000000035e+04 8.163336181640625000e+02
2.501229899999999907e+04 8.163413085937500000e+02
2.501238200000000143e+04 8.163487548828125000e+02
2.501246500000000015e+04 8.163497924804687500e+02
2.501254799999999886e+04 8.163363037109375000e+02
2.501263100000000122e+04 8.163062744140625000e+02
2.501271399999999994e+04 8.162936401367187500e+02
2.501279699999999866e+04 8.162963256835937500e+02
2.501288000000000102e+04 8.162993774414062500e+02
2.501296299999999974e+04 8.163037109375000000e+02
2.501304599999999846e+04 8.163085937500000000e+02
2.501312900000000081e+04 8.163137207031250000e+02
2.501321199999999953e+04 8.163201904296875000e+02
2.501329499999999825e+04 8.163276977539062500e+02
2.501337800000000061e+04 8.163353271484375000e+02
2.501346099999999933e+04 8.163383178710937500e+02
2.501354400000000169e+04 8.163286132812500000e+02
2.501362700000000041e+04 8.162992553710937500e+02
2.501370999999999913e+04 8.162864990234375000e+02
2.501379300000000148e+04 8.162890625000000000e+02
2.501387600000000020e+04 8.162921142578125000e+02
2.501395899999999892e+04 8.162963867187500000e+02
2.501404200000000128e+04 8.163012084960937500e+02
2.501412500000000000e+04 8.163063354492187500e+02
2.501420799999999872e+04 8.163124389648437500e+02
2.501429100000000108e+04 8.163198242187500000e+02
2.501437399999999980e+04 8.163273925781250000e+02
2.501445699999999852e+04 8.163302612304687500e+02
2.501454000000000087e+04 8.163205566406250000e+02
2.501462299999999959e+04 8.162908325195312500e+02
2.501470599999999831e+04 8.162779541015625000e+02
2.501478900000000067e+04 8.162804565429687500e+02
2.501487199999999939e+04 8.162833251953125000e+02
2.501495500000000175e+04 8.162875976562500000e+02
2.501503800000000047e+04 8.162923583984375000e+02
2.501512099999999919e+04 8.162974243164062500e+02
2.501520400000000154e+04 8.163034667968750000e+02
2.501528700000000026e+04 8.163107910156250000e+02
2.501536999999999898e+04 8.163182983398437500e+02
2.501545300000000134e+04 8.163211059570312500e+02
2.501553600000000006e+04 8.163113403320312500e+02
2.501561899999999878e+04 8.162815551757812500e+02
2.501570200000000114e+04 8.162686157226562500e+02
2.501578499999999985e+04 8.162710571289062500e+02
2.501586799999999857e+04 8.162739257812500000e+02
2.501595100000000093e+04 8.162781372070312500e+02
2.501603399999999965e+04 8.162828369140625000e+02
2.501611699999999837e+04 8.162877197265625000e+02
2.501620000000000073e+04 8.162937011718750000e+02
2.501628299999999945e+04 8.163010253906250000e+02
2.501636600000000180e+04 8.163084716796875000e+02
2.501644900000000052e+04 8.163112182617187500e+02
2.501653199999999924e+04 8.163014526367187500e+02
2.501661500000000160e+04 8.162714843750000000e+02
2.501669800000000032e+04 8.162534179687500000e+02
2.501678099999999904e+04 8.162556152343750000e+02
2.501686400000000140e+04 8.162584228515625000e+02
2.501694700000000012e+04 8.162624511718750000e+02
2.501702999999999884e+04 8.162671508789062500e+02
2.501711300000000119e+04 8.162719726562500000e+02
2.501719599999999991e+04 8.162779541015625000e+02
2.501727899999999863e+04 8.162850341796875000e+02
2.501736200000000099e+04 8.162924194335937500e+02
2.501744499999999971e+04 8.162968750000000000e+02
2.501752799999999843e+04 8.162890014648437500e+02
2.501761100000000079e+04 8.162614135742187500e+02
2.501769399999999951e+04 8.162432250976562500e+02
2.501777699999999822e+04 8.162453613281250000e+02
2.501786000000000058e+04 8.162481079101562500e+02
2.501794299999999930e+04 8.162521362304687500e+02
2.501802600000000166e+04 8.162567749023437500e+02
2.501810900000000038e+04 8.162615966796875000e+02
2.501819199999999910e+04 8.162672119140625000e+02
2.501827500000000146e+04 8.162742919921875000e+02
2.501835800000000017e+04 8.162817993164062500e+02
2.501844099999999889e+04 8.162864990234375000e+02
2.501852400000000125e+04 8.162785644531250000e+02
2.501860699999999997e+04 8.162510986328125000e+02
2.501868999999999869e+04 8.162328491210937500e+02
2.501877300000000105e+04 8.162349243164062500e+02
2.501885599999999977e+04 8.162376708984375000e+02
2.501893899999999849e+04 8.162416381835937500e+02
2.501902200000000084e+04 8.162462158203125000e+02
2.501910499999999956e+04 8.162510375976562500e+02
2.501918799999999828e+04 8.162565917968750000e+02
2.501927100000000064e+04 8.162636108398437500e+02
2.501935399999999936e+04 8.162711181640625000e+02
2.501943700000000172e+04 8.162758178710937500e+02
2.501952000000000044e+04 8.162677612304687500e+02
2.501960299999999916e+04 8.162402343750000000e+02
2.501968600000000151e+04 8.162219238281250000e+02
2.501976900000000023e+04 8.162239990234375000e+02
2.501985199999999895e+04 8.162266845703125000e+02
2.501993500000000131e+04 8.162306518554687500e+02
