2.500009800000000178e+04 1.492363769531250000e+03
2.500018100000000049e+04 1.492367675781250000e+03
2.500026399999999921e+04 1.492372558593750000e+03
2.500034700000000157e+04 1.492377929687500000e+03
2.500043000000000029e+04 1.492383422851562500e+03
2.500051299999999901e+04 1.492389282226562500e+03
2.500059600000000137e+04 1.492654663085937500e+03
2.500067900000000009e+04 1.492659790039062500e+03
2.500076199999999881e+04 1.492698120117187500e+03
2.500084500000000116e+04 1.492701904296875000e+03
2.500092799999999988e+04 1.492704833984375000e+03
2.500101099999999860e+04 1.492708251953125000e+03
2.500109400000000096e+04 1.492711547851562500e+03
2.500117699999999968e+04 1.492715332031250000e+03
2.500125999999999840e+04 1.492719970703125000e+03
2.500134300000000076e+04 1.492725341796875000e+03
2.500142599999999948e+04 1.492730834960937500e+03
2.500150899999999820e+04 1.492736694335937500e+03
2.500159200000000055e+04 1.492825927734375000e+03
2.500167499999999927e+04 1.492831054687500000e+03
2.500175800000000163e+04 1.492861816406250000e+03
2.500184100000000035e+04 1.492865478515625000e+03
2.500192399999999907e+04 1.492868408203125000e+03
2.500200700000000143e+04 1.492871826171875000e+03
2.500209000000000015e+04 1.492875244140625000e+03
2.500217299999999886e+04 1.492878906250000000e+03
2.500225600000000122e+04 1.492883666992187500e+03
2.500233899999999994e+04 1.492888916015625000e+03
2.500242199999999866e+04 1.492894409179687500e+03
2.500250500000000102e+04 1.492900268554687500e+03
2.500258799999999974e+04 1.492979248046875000e+03
2.500267099999999846e+04 1.492984375000000000e+03
2.500275400000000081e+04 1.493011962890625000e+03
2.500283699999999953e+04 1.493015625000000000e+03
2.500291999999999825e+04 1.493018676757812500e+03
2.500300300000000061e+04 1.493021972656250000e+03
2.500308599999999933e+04 1.493025390625000000e+03
2.500316900000000169e+04 1.493029052734375000e+03
2.500325200000000041e+04 1.493033813476562500e+03
2.500333499999999913e+04 1.493039062500000000e+03
2.500341800000000148e+04 1.493044677734375000e+03
2.500350100000000020e+04 1.493050415039062500e+03
2.500358399999999892e+04 1.493121704101562500e+03
2.500366700000000128e+04 1.493126831054687500e+03
2.500375000000000000e+04 1.493151977539062500e+03
2.500383299999999872e+04 1.493155761718750000e+03
2.500391600000000108e+04 1.493158691406250000e+03
2.500399899999999980e+04 1.493162109375000000e+03
2.500408199999999852e+04 1.493165405273437500e+03
2.500416500000000087e+04 1.493169067382812500e+03
2.500424799999999959e+04 1.493173828125000000e+03
2.500433099999999831e+04 1.493179077148437500e+03
2.500441400000000067e+04 1.493184570312500000e+03
2.500449699999999939e+04 1.493190429687500000e+03
2.500458000000000175e+04 1.493255615234375000e+03
2.500466300000000047e+04 1.493260986328125000e+03
2.500474599999999919e+04 1.493284423828125000e+03
2.500482900000000154e+04 1.493288208007812500e+03
2.500491200000000026e+04 1.493291259765625000e+03
2.500499499999999898e+04 1.493294555664062500e+03
2.500507800000000134e+04 1.493297973632812500e+03
2.500516100000000006e+04 1.493301635742187500e+03
2.500524399999999878e+04 1.493306152343750000e+03
2.500532700000000114e+04 1.493311279296875000e+03
2.500540999999999985e+04 1.493316772460937500e+03
2.500549299999999857e+04 1.493322509765625000e+03
2.500557600000000093e+04 1.493382812500000000e+03
2.500565899999999965e+04 1.493388183593750000e+03
2.500574199999999837e+04 1.493410034179687500e+03
2.500582500000000073e+04 1.493413940429687500e+03
2.500590799999999945e+04 1.493416992187500000e+03
2.500599100000000180e+04 1.493420288085937500e+03
2.500607400000000052e+04 1.493423706054687500e+03
2.500615699999999924e+04 1.493427246093750000e+03
2.500624000000000160e+04 1.493431884765625000e+03
2.500632300000000032e+04 1.493437011718750000e+03
2.500640599999999904e+04 1.493442504882812500e+03
2.500648900000000140e+04 1.493448242187500000e+03
2.500657200000000012e+04 1.493504516601562500e+03
2.500665499999999884e+04 1.493509765625000000e+03
2.500673800000000119e+04 1.493530395507812500e+03
2.500682099999999991e+04 1.493534179687500000e+03
2.500690399999999863e+04 1.493537353515625000e+03
2.500698700000000099e+04 1.493540649414062500e+03
2.500706999999999971e+04 1.493544067382812500e+03
2.500715299999999843e+04 1.493547607421875000e+03
2.500723600000000079e+04 1.493552246093750000e+03
2.500731899999999951e+04 1.493557373046875000e+03
2.500740199999999822e+04 1.493562866210937500e+03
2.500748500000000058e+04 1.493568603515625000e+03
2.500756799999999930e+04 1.493621459960937500e+03
2.500765100000000166e+04 1.493626708984375000e+03
2.500773400000000038e+04 1.493646362304687500e+03
2.500781699999999910e+04 1.493650146484375000e+03
2.500790000000000146e+04 1.493653198242187500e+03
2.500798300000000017e+04 1.493656494140625000e+03
2.500806599999999889e+04 1.493659912109375000e+03
2.500814900000000125e+04 1.493663452148437500e+03
2.500823199999999997e+04 1.493667968750000000e+03
2.500831499999999869e+04 1.493673217773437500e+03
2.500839800000000105e+04 1.493678588867187500e+03
2.500848099999999977e+04 1.493684448242187500e+03
2.500856399999999849e+04 1.493734375000000000e+03
2.500864700000000084e+04 1.493739868164062500e+03
2.500872999999999956e+04 1.493758666992187500e+03
2.500881299999999828e+04 1.493762573242187500e+03
2.500889600000000064e+04 1.493765869140625000e+03
2.500897899999999936e+04 1.493769042968750000e+03
2.500906200000000172e+04 1.493772460937500000e+03
2.500914500000000044e+04 1.493776000976562500e+03
2.500922799999999916e+04 1.493780273437500000e+03
2.500931100000000151e+04 1.493785400390625000e+03
2.500939400000000023e+04 1.493790771484375000e+03
2.500947699999999895e+04 1.493796508789062500e+03
2.500956000000000131e+04 1.493843994140625000e+03
2.500964300000000003e+04 1.493849365234375000e+03
2.500972599999999875e+04 1.493867431640625000e+03
2.500980900000000111e+04 1.493871459960937500e+03
2.500989199999999983e+04 1.493874633789062500e+03
2.500997499999999854e+04 1.493877807617187500e+03
2.501005800000000090e+04 1.493881225585937500e+03
2.501014099999999962e+04 1.493884765625000000e+03
2.501022399999999834e+04 1.493889160156250000e+03
2.501030700000000070e+04 1.493894165039062500e+03
2.501038999999999942e+04 1.493899658203125000e+03
2.501047300000000178e+04 1.493905273437500000e+03
2.501055600000000049e+04 1.493950683593750000e+03
2.501063899999999921e+04 1.493956054687500000e+03
2.501072200000000157e+04 1.493973510742187500e+03
2.501080500000000029e+04 1.493977416992187500e+03
2.501088799999999901e+04 1.493980712890625000e+03
2.501097100000000137e+04 1.493983886718750000e+03
2.501105400000000009e+04 1.493987304687500000e+03
2.501113699999999881e+04 1.493990844726562500e+03
2.501122000000000116e+04 1.493995117187500000e+03
2.501130299999999988e+04 1.494000244140625000e+03
2.501138599999999860e+04 1.494005615234375000e+03
2.501146900000000096e+04 1.494011352539062500e+03
2.501155199999999968e+04 1.494054809570312500e+03
2.501163499999999840e+04 1.494060302734375000e+03
2.501171800000000076e+04 1.494077026367187500e+03
2.501180099999999948e+04 1.494080932617187500e+03
2.501188399999999820e+04 1.494084228515625000e+03
2.501196700000000055e+04 1.494087402343750000e+03
2.501204999999999927e+04 1.494090820312500000e+03
2.501213300000000163e+04 1.494094360351562500e+03
2.501221600000000035e+04 1.494098632812500000e+03
2.501229899999999907e+04 1.494103759765625000e+03
2.501238200000000143e+04 1.494109130859375000e+03
2.501246500000000015e+04 1.494114868164062500e+03
2.501254799999999886e+04 1.494156738281250000e+03
2.501263100000000122e+04 1.494162109375000000e+03
2.501271399999999994e+04 1.494178588867187500e+03
2.501279699999999866e+04 1.494182617187500000e+03
2.501288000000000102e+04 1.494186035156250000e+03
2.501296299999999974e+04 1.494189086914062500e+03
2.501304599999999846e+04 1.494192504882812500e+03
2.501312900000000081e+04 1.494196044921875000e+03
2.501321199999999953e+04 1.494200317382812500e+03
2.501329499999999825e+04 1.494205322265625000e+03
2.501337800000000061e+04 1.494210693359375000e+03
2.501346099999999933e+04 1.494216308593750000e+03
2.501354400000000169e+04 1.494256713867187500e+03
2.501362700000000041e+04 1.494262329101562500e+03
2.501370999999999913e+04 1.494278198242187500e+03
2.501379300000000148e+04 1.494282348632812500e+03
2.501387600000000020e+04 1.494285766601562500e+03
2.501395899999999892e+04 1.494288818359375000e+03
2.501404200000000128e+04 1.494292236328125000e+03
2.501412500000000000e+04 1.494295776367187500e+03
2.501420799999999872e+04 1.494299804687500000e+03
2.501429100000000108e+04 1.494304809570312500e+03
2.501437399999999980e+04 1.494310180664062500e+03
2.501445699999999852e+04 1.494315795898437500e+03
2.501454000000000087e+04 1.494354980468750000e+03
2.501462299999999959e+04 1.494360473632812500e+03
2.501470599999999831e+04 1.494376098632812500e+03
2.501478900000000067e+04 1.494380126953125000e+03
2.501487199999999939e+04 1.494383544921875000e+03
2.501495500000000175e+04 1.494386718750000000e+03
2.501503800000000047e+04 1.494390014648437500e+03
2.501512099999999919e+04 1.494393554687500000e+03
2.501520400000000154e+04 1.494397705078125000e+03
2.501528700000000026e+04 1.494402709960937500e+03
2.501536999999999898e+04 1.494407958984375000e+03
2.501545300000000134e+04 1.494413696289062500e+03
2.501553600000000006e+04 1.494451660156250000e+03
2.501561899999999878e+04 1.494457275390625000e+03
2.501570200000000114e+04 1.494472412109375000e+03
2.501578499999999985e+04 1.494476440429687500e+03
2.501586799999999857e+04 1.494479858398437500e+03
2.501595100000000093e+04 1.494483032226562500e+03
2.501603399999999965e+04 1.494486450195312500e+03
2.501611699999999837e+04 1.494489868164062500e+03
2.501620000000000073e+04 1.494493896484375000e+03
2.501628299999999945e+04 1.494498901367187500e+03
2.501636600000000180e+04 1.494504272460937500e+03
2.501644900000000052e+04 1.494509887695312500e+03
2.501653199999999924e+04 1.494546875000000000e+03
2.501661500000000160e+04 1.494552490234375000e+03
2.501669800000000032e+04 1.494567504882812500e+03
2.501678099999999904e+04 1.494571655273437500e+03
2.501686400000000140e+04 1.494575195312500000e+03
2.501694700000000012e+04 1.494578247070312500e+03
2.501702999999999884e+04 1.494581665039062500e+03
2.501711300000000119e+04 1.494585083007812500e+03
2.501719599999999991e+04 1.494589233398437500e+03
2.501727899999999863e+04 1.494594116210937500e+03
2.501736200000000099e+04 1.494599487304687500e+03
2.501744499999999971e+04 1.494604980468750000e+03
2.501752799999999843e+04 1.494641113281250000e+03
2.501761100000000079e+04 1.494646850585937500e+03
2.501769399999999951e+04 1.494661499023437500e+03
2.501777699999999822e+04 1.494665771484375000e+03
2.501786000000000058e+04 1.494669311523437500e+03
2.501794299999999930e+04 1.494672363281250000e+03
2.501802600000000166e+04 1.494675659179687500e+03
2.501810900000000038e+04 1.494679199218750000e+03
2.501819199999999910e+04 1.494683105468750000e+03
2.501827500000000146e+04 1.494687866210937500e+03
2.501835800000000017e+04 1.494693237304687500e+03
2.501844099999999889e+04 1.494698852539062500e+03
2.501852400000000125e+04 1.494734130859375000e+03
2.501860699999999997e+04 1.494739746093750000e+03
2.501868999999999869e+04 1.494754272460937500e+03
2.501877300000000105e+04 1.494758422851562500e+03
2.501885599999999977e+04 1.494761962890625000e+03
2.501893899999999849e+04 1.494765014648437500e+03
2.501902200000000084e+04 1.494768432617187500e+03
2.501910499999999956e+04 1.494771850585937500e+03
2.501918799999999828e+04 1.494775756835937500e+03
2.501927100000000064e+04 1.494780639648437500e+03
2.501935399999999936e+04 1.494786010742187500e+03
2.501943700000000172e+04 1.494791503906250000e+03
2.501952000000000044e+04 1.494826049804687500e+03
2.501960299999999916e+04 1.494831787109375000e+03
2.501968600000000151e+04 1.494845947265625000e+03
2.501976900000000023e+04 1.494850219726562500e+03
2.501985199999999895e+04 1.494853759765625000e+03
2.501993500000000131e+04 1.494856811523437500e+03
