2.500009800000000178e+04 8.266159667968750000e+02
2.500018100000000049e+04 8.266242065429687500e+02
2.500026399999999921e+04 8.266343994140625000e+02
2.500034700000000157e+04 8.266455688476562500e+02
2.500043000000000029e+04 8.266556396484375000e+02
2.500051299999999901e+04 8.266525878906250000e+02
2.500059600000000137e+04 8.266342163085937500e+02
2.500067900000000009e+04 8.266191406250000000e+02
2.500076199999999881e+04 8.266288452148437500e+02
2.500084500000000116e+04 8.266348266601562500e+02
2.500092799999999988e+04 8.266406250000000000e+02
2.500101099999999860e+04 8.266477661132812500e+02
2.500109400000000096e+04 8.266554565429687500e+02
2.500117699999999968e+04 8.266640014648437500e+02
2.500125999999999840e+04 8.266744384765625000e+02
2.500134300000000076e+04 8.266858520507812500e+02
2.500142599999999948e+04 8.266963500976562500e+02
2.500150899999999820e+04 8.266962890625000000e+02
2.500159200000000055e+04 8.266790161132812500e+02
2.500167499999999927e+04 8.266626586914062500e+02
2.500175800000000163e+04 8.266711425781250000e+02
2.500184100000000035e+04 8.266765136718750000e+02
2.500192399999999907e+04 8.266817016601562500e+02
2.500200700000000143e+04 8.266881103515625000e+02
2.500209000000000015e+04 8.266950683593750000e+02
2.500217299999999886e+04 8.267028808593750000e+02
2.500225600000000122e+04 8.267125854492187500e+02
2.500233899999999994e+04 8.267232666015625000e+02
2.500242199999999866e+04 8.267330932617187500e+02
2.500250500000000102e+04 8.267319946289062500e+02
2.500258799999999974e+04 8.267138061523437500e+02
2.500267099999999846e+04 8.266965942382812500e+02
2.500275400000000081e+04 8.267042846679687500e+02
2.500283699999999953e+04 8.267092895507812500e+02
2.500291999999999825e+04 8.267139282226562500e+02
2.500300300000000061e+04 8.267198486328125000e+02
2.500308599999999933e+04 8.267261962890625000e+02
2.500316900000000169e+04 8.267334594726562500e+02
2.500325200000000041e+04 8.267425537109375000e+02
2.500333499999999913e+04 8.267527465820312500e+02
2.500341800000000148e+04 8.267619628906250000e+02
2.500350100000000020e+04 8.267600097656250000e+02
2.500358399999999892e+04 8.267410888671875000e+02
2.500366700000000128e+04 8.267232055664062500e+02
2.500375000000000000e+04 8.267301635742187500e+02
2.500383299999999872e+04 8.267348632812500000e+02
2.500391600000000108e+04 8.267391357421875000e+02
2.500399899999999980e+04 8.267446289062500000e+02
2.500408199999999852e+04 8.267505493164062500e+02
2.500416500000000087e+04 8.267572021484375000e+02
2.500424799999999959e+04 8.267658691406250000e+02
2.500433099999999831e+04 8.267755737304687500e+02
2.500441400000000067e+04 8.267843627929687500e+02
2.500449699999999939e+04 8.267816772460937500e+02
2.500458000000000175e+04 8.267620849609375000e+02
2.500466300000000047e+04 8.267399902343750000e+02
2.500474599999999919e+04 8.267414550781250000e+02
2.500482900000000154e+04 8.267457885742187500e+02
2.500491200000000026e+04 8.267492065429687500e+02
2.500499499999999898e+04 8.267535400390625000e+02
2.500507800000000134e+04 8.267584838867187500e+02
2.500516100000000006e+04 8.267642822265625000e+02
2.500524399999999878e+04 8.267717895507812500e+02
2.500532700000000114e+04 8.267805786132812500e+02
2.500540999999999985e+04 8.267888183593750000e+02
2.500549299999999857e+04 8.267874755859375000e+02
2.500557600000000093e+04 8.267718505859375000e+02
2.500565899999999965e+04 8.267493286132812500e+02
2.500574199999999837e+04 8.267503662109375000e+02
2.500582500000000073e+04 8.267544555664062500e+02
2.500590799999999945e+04 8.267576904296875000e+02
2.500599100000000180e+04 8.267618408203125000e+02
2.500607400000000052e+04 8.267665405273437500e+02
2.500615699999999924e+04 8.267720947265625000e+02
2.500624000000000160e+04 8.267792968750000000e+02
2.500632300000000032e+04 8.267877807617187500e+02
2.500640599999999904e+04 8.267957153320312500e+02
2.500648900000000140e+04 8.267938842773437500e+02
2.500657200000000012e+04 8.267779541015625000e+02
2.500665499999999884e+04 8.267550048828125000e+02
2.500673800000000119e+04 8.267556762695312500e+02
2.500682099999999991e+04 8.267596435546875000e+02
2.500690399999999863e+04 8.267627563476562500e+02
2.500698700000000099e+04 8.267666625976562500e+02
2.500706999999999971e+04 8.267712402343750000e+02
2.500715299999999843e+04 8.267764892578125000e+02
2.500723600000000079e+04 8.267835083007812500e+02
2.500731899999999951e+04 8.267916870117187500e+02
2.500740199999999822e+04 8.267994384765625000e+02
2.500748500000000058e+04 8.267971801757812500e+02
2.500756799999999930e+04 8.267808837890625000e+02
2.500765100000000166e+04 8.267576293945312500e+02
2.500773400000000038e+04 8.267579956054687500e+02
2.500781699999999910e+04 8.267617797851562500e+02
2.500790000000000146e+04 8.267647705078125000e+02
2.500798300000000017e+04 8.267686157226562500e+02
2.500806599999999889e+04 8.267729492187500000e+02
2.500814900000000125e+04 8.267779541015625000e+02
2.500823199999999997e+04 8.267847900390625000e+02
2.500831499999999869e+04 8.267927246093750000e+02
2.500839800000000105e+04 8.268002319335937500e+02
2.500848099999999977e+04 8.267977294921875000e+02
2.500856399999999849e+04 8.267810668945312500e+02
2.500864700000000084e+04 8.267539062500000000e+02
2.500872999999999956e+04 8.267490234375000000e+02
2.500881299999999828e+04 8.267545166015625000e+02
2.500889600000000064e+04 8.267576293945312500e+02
2.500897899999999936e+04 8.267611694335937500e+02
2.500906200000000172e+04 8.267653808593750000e+02
2.500914500000000044e+04 8.267702026367187500e+02
2.500922799999999916e+04 8.267764892578125000e+02
2.500931100000000151e+04 8.267841796875000000e+02
2.500939400000000023e+04 8.267916870117187500e+02
2.500947699999999895e+04 8.267915039062500000e+02
2.500956000000000131e+04 8.267826538085937500e+02
2.500964300000000003e+04 8.267552490234375000e+02
2.500972599999999875e+04 8.267501831054687500e+02
2.500980900000000111e+04 8.267554321289062500e+02
2.500989199999999983e+04 8.267584838867187500e+02
2.500997499999999854e+04 8.267619018554687500e+02
2.501005800000000090e+04 8.266874389648437500e+02
2.501014099999999962e+04 8.266921386718750000e+02
2.501022399999999834e+04 8.266982421875000000e+02
2.501030700000000070e+04 8.267057495117187500e+02
2.501038999999999942e+04 8.267131347656250000e+02
2.501047300000000178e+04 8.267127075195312500e+02
2.501055600000000049e+04 8.267036132812500000e+02
2.501063899999999921e+04 8.266760253906250000e+02
2.501072200000000157e+04 8.266707153320312500e+02
2.501080500000000029e+04 8.266757812500000000e+02
2.501088799999999901e+04 8.266787109375000000e+02
2.501097100000000137e+04 8.266820678710937500e+02
2.501105400000000009e+04 8.266859741210937500e+02
2.501113699999999881e+04 8.266905517578125000e+02
2.501122000000000116e+04 8.266965942382812500e+02
2.501130299999999988e+04 8.267039184570312500e+02
2.501138599999999860e+04 8.267111206054687500e+02
2.501146900000000096e+04 8.267105102539062500e+02
2.501155199999999968e+04 8.267012329101562500e+02
2.501163499999999840e+04 8.266734619140625000e+02
2.501171800000000076e+04 8.266679687500000000e+02
2.501180099999999948e+04 8.266729125976562500e+02
2.501188399999999820e+04 8.266757812500000000e+02
2.501196700000000055e+04 8.266790161132812500e+02
2.501204999999999927e+04 8.266828613281250000e+02
2.501213300000000163e+04 8.266872558593750000e+02
2.501221600000000035e+04 8.266931152343750000e+02
2.501229899999999907e+04 8.267003173828125000e+02
2.501238200000000143e+04 8.267073974609375000e+02
2.501246500000000015e+04 8.267066040039062500e+02
2.501254799999999886e+04 8.266970825195312500e+02
2.501263100000000122e+04 8.266691284179687500e+02
2.501271399999999994e+04 8.266585693359375000e+02
2.501279699999999866e+04 8.266632080078125000e+02
2.501288000000000102e+04 8.266662597656250000e+02
2.501296299999999974e+04 8.266692504882812500e+02
2.501304599999999846e+04 8.266730346679687500e+02
2.501312900000000081e+04 8.266773071289062500e+02
2.501321199999999953e+04 8.266831054687500000e+02
2.501329499999999825e+04 8.266900634765625000e+02
2.501337800000000061e+04 8.266972656250000000e+02
2.501346099999999933e+04 8.266989135742187500e+02
2.501354400000000169e+04 8.266911621093750000e+02
2.501362700000000041e+04 8.266643066406250000e+02
2.501370999999999913e+04 8.266535644531250000e+02
2.501379300000000148e+04 8.266580810546875000e+02
2.501387600000000020e+04 8.266610717773437500e+02
2.501395899999999892e+04 8.266640625000000000e+02
2.501404200000000128e+04 8.266677246093750000e+02
2.501412500000000000e+04 8.266719360351562500e+02
2.501420799999999872e+04 8.266773071289062500e+02
2.501429100000000108e+04 8.266841430664062500e+02
2.501437399999999980e+04 8.266912231445312500e+02
2.501445699999999852e+04 8.266927490234375000e+02
2.501454000000000087e+04 8.266849365234375000e+02
2.501462299999999959e+04 8.266577148437500000e+02
2.501470599999999831e+04 8.266468505859375000e+02
2.501478900000000067e+04 8.266513061523437500e+02
2.501487199999999939e+04 8.266542358398437500e+02
2.501495500000000175e+04 8.266571044921875000e+02
2.501503800000000047e+04 8.266607666015625000e+02
2.501512099999999919e+04 8.266648559570312500e+02
2.501520400000000154e+04 8.266701660156250000e+02
2.501528700000000026e+04 8.266769409179687500e+02
2.501536999999999898e+04 8.266838989257812500e+02
2.501545300000000134e+04 8.266853027343750000e+02
2.501553600000000006e+04 8.266774291992187500e+02
2.501561899999999878e+04 8.266500854492187500e+02
2.501570200000000114e+04 8.266391601562500000e+02
2.501578499999999985e+04 8.266434936523437500e+02
2.501586799999999857e+04 8.266463623046875000e+02
2.501595100000000093e+04 8.266492309570312500e+02
2.501603399999999965e+04 8.266527709960937500e+02
2.501611699999999837e+04 8.266567382812500000e+02
2.501620000000000073e+04 8.266619873046875000e+02
2.501628299999999945e+04 8.266686401367187500e+02
2.501636600000000180e+04 8.266755371093750000e+02
2.501644900000000052e+04 8.266768798828125000e+02
2.501653199999999924e+04 8.266689453125000000e+02
2.501661500000000160e+04 8.266414184570312500e+02
2.501669800000000032e+04 8.266253662109375000e+02
2.501678099999999904e+04 8.266295166015625000e+02
2.501686400000000140e+04 8.266325683593750000e+02
2.501694700000000012e+04 8.266352539062500000e+02
2.501702999999999884e+04 8.266387329101562500e+02
2.501711300000000119e+04 8.266426391601562500e+02
2.501719599999999991e+04 8.266477661132812500e+02
2.501727899999999863e+04 8.266542358398437500e+02
2.501736200000000099e+04 8.266610717773437500e+02
2.501744499999999971e+04 8.266640014648437500e+02
2.501752799999999843e+04 8.266578369140625000e+02
2.501761100000000079e+04 8.266326293945312500e+02
2.501769399999999951e+04 8.266164550781250000e+02
2.501777699999999822e+04 8.266205444335937500e+02
2.501786000000000058e+04 8.266235961914062500e+02
2.501794299999999930e+04 8.266262207031250000e+02
2.501802600000000166e+04 8.266296386718750000e+02
2.501810900000000038e+04 8.266334838867187500e+02
2.501819199999999910e+04 8.266382446289062500e+02
2.501827500000000146e+04 8.266446533203125000e+02
2.501835800000000017e+04 8.266516723632812500e+02
2.501844099999999889e+04 8.266553955078125000e+02
2.501852400000000125e+04 8.266492309570312500e+02
2.501860699999999997e+04 8.266241455078125000e+02
2.501868999999999869e+04 8.266079101562500000e+02
2.501877300000000105e+04 8.266119384765625000e+02
2.501885599999999977e+04 8.266149291992187500e+02
2.501893899999999849e+04 8.266174926757812500e+02
2.501902200000000084e+04 8.266209106445312500e+02
2.501910499999999956e+04 8.266246948242187500e+02
2.501918799999999828e+04 8.266293945312500000e+02
2.501927100000000064e+04 8.266357421875000000e+02
2.501935399999999936e+04 8.266427001953125000e+02
2.501943700000000172e+04 8.266463623046875000e+02
2.501952000000000044e+04 8.266401367187500000e+02
2.501960299999999916e+04 8.266149291992187500e+02
2.501968600000000151e+04 8.265986328125000000e+02
2.501976900000000023e+04 8.266026000976562500e+02
2.501985199999999895e+04 8.266055908203125000e+02
2.501993500000000131e+04 8.266080932617187500e+02
