2.500009800000000178e+04 8.412372436523437500e+02
2.500018100000000049e+04 8.412457885742187500e+02
2.500026399999999921e+04 8.412560424804687500e+02
2.500034700000000157e+04 8.412667846679687500e+02
2.500043000000000029e+04 8.412766723632812500e+02
2.500051299999999901e+04 8.412750854492187500e+02
2.500059600000000137e+04 8.412532348632812500e+02
2.500067900000000009e+04 8.412353515625000000e+02
2.500076199999999881e+04 8.412423706054687500e+02
2.500084500000000116e+04 8.412477416992187500e+02
2.500092799999999988e+04 8.412543334960937500e+02
2.500101099999999860e+04 8.412617187500000000e+02
2.500109400000000096e+04 8.412693481445312500e+02
2.500117699999999968e+04 8.412776489257812500e+02
2.500125999999999840e+04 8.412875366210937500e+02
2.500134300000000076e+04 8.412984008789062500e+02
2.500142599999999948e+04 8.413081665039062500e+02
2.500150899999999820e+04 8.413084716796875000e+02
2.500159200000000055e+04 8.412846679687500000e+02
2.500167499999999927e+04 8.412656860351562500e+02
2.500175800000000163e+04 8.412716674804687500e+02
2.500184100000000035e+04 8.412765502929687500e+02
2.500192399999999907e+04 8.412825927734375000e+02
2.500200700000000143e+04 8.412894287109375000e+02
2.500209000000000015e+04 8.412965087890625000e+02
2.500217299999999886e+04 8.413041992187500000e+02
2.500225600000000122e+04 8.413135986328125000e+02
2.500233899999999994e+04 8.413238525390625000e+02
2.500242199999999866e+04 8.413331298828125000e+02
2.500250500000000102e+04 8.413327636718750000e+02
2.500258799999999974e+04 8.413113403320312500e+02
2.500267099999999846e+04 8.412916870117187500e+02
2.500275400000000081e+04 8.412969360351562500e+02
2.500283699999999953e+04 8.413014526367187500e+02
2.500291999999999825e+04 8.413070678710937500e+02
2.500300300000000061e+04 8.413135375976562500e+02
2.500308599999999933e+04 8.413201904296875000e+02
2.500316900000000169e+04 8.413274536132812500e+02
2.500325200000000041e+04 8.413363647460937500e+02
2.500333499999999913e+04 8.413461914062500000e+02
2.500341800000000148e+04 8.413550415039062500e+02
2.500350100000000020e+04 8.413541870117187500e+02
2.500358399999999892e+04 8.413321533203125000e+02
2.500366700000000128e+04 8.413118286132812500e+02
2.500375000000000000e+04 8.413165283203125000e+02
2.500383299999999872e+04 8.413207397460937500e+02
2.500391600000000108e+04 8.413260498046875000e+02
2.500399899999999980e+04 8.413322143554687500e+02
2.500408199999999852e+04 8.413385009765625000e+02
2.500416500000000087e+04 8.413453369140625000e+02
2.500424799999999959e+04 8.413539428710937500e+02
2.500433099999999831e+04 8.413634033203125000e+02
2.500441400000000067e+04 8.413718872070312500e+02
2.500449699999999939e+04 8.413706054687500000e+02
2.500458000000000175e+04 8.413480834960937500e+02
2.500466300000000047e+04 8.413236083984375000e+02
2.500474599999999919e+04 8.413228149414062500e+02
2.500482900000000154e+04 8.413277587890625000e+02
2.500491200000000026e+04 8.413328247070312500e+02
2.500499499999999898e+04 8.413383789062500000e+02
2.500507800000000134e+04 8.413442382812500000e+02
2.500516100000000006e+04 8.413505859375000000e+02
2.500524399999999878e+04 8.413584594726562500e+02
2.500532700000000114e+04 8.413673706054687500e+02
2.500540999999999985e+04 8.413756103515625000e+02
2.500549299999999857e+04 8.413758544921875000e+02
2.500557600000000093e+04 8.413552856445312500e+02
2.500565899999999965e+04 8.413303833007812500e+02
2.500574199999999837e+04 8.413292236328125000e+02
2.500582500000000073e+04 8.413338012695312500e+02
2.500590799999999945e+04 8.413386230468750000e+02
2.500599100000000180e+04 8.413439331054687500e+02
2.500607400000000052e+04 8.413494873046875000e+02
2.500615699999999924e+04 8.413555908203125000e+02
2.500624000000000160e+04 8.413631591796875000e+02
2.500632300000000032e+04 8.413717651367187500e+02
2.500640599999999904e+04 8.413797607421875000e+02
2.500648900000000140e+04 8.413796386718750000e+02
2.500657200000000012e+04 8.413608398437500000e+02
2.500665499999999884e+04 8.413356933593750000e+02
2.500673800000000119e+04 8.413342285156250000e+02
2.500682099999999991e+04 8.413385009765625000e+02
2.500690399999999863e+04 8.413431396484375000e+02
2.500698700000000099e+04 8.413482666015625000e+02
2.500706999999999971e+04 8.413536987304687500e+02
2.500715299999999843e+04 8.413596191406250000e+02
2.500723600000000079e+04 8.413670043945312500e+02
2.500731899999999951e+04 8.413754272460937500e+02
2.500740199999999822e+04 8.413832397460937500e+02
2.500748500000000058e+04 8.413828735351562500e+02
2.500756799999999930e+04 8.413638305664062500e+02
2.500765100000000166e+04 8.413383789062500000e+02
2.500773400000000038e+04 8.413366699218750000e+02
2.500781699999999910e+04 8.413406982421875000e+02
2.500790000000000146e+04 8.413453369140625000e+02
2.500798300000000017e+04 8.413504028320312500e+02
2.500806599999999889e+04 8.413557739257812500e+02
2.500814900000000125e+04 8.413615112304687500e+02
2.500823199999999997e+04 8.413688354492187500e+02
2.500831499999999869e+04 8.413771362304687500e+02
2.500839800000000105e+04 8.413848876953125000e+02
2.500848099999999977e+04 8.413843994140625000e+02
2.500856399999999849e+04 8.413650512695312500e+02
2.500864700000000084e+04 8.413356933593750000e+02
2.500872999999999956e+04 8.413286743164062500e+02
2.500881299999999828e+04 8.413322143554687500e+02
2.500889600000000064e+04 8.413356323242187500e+02
2.500897899999999936e+04 8.413404541015625000e+02
2.500906200000000172e+04 8.413456420898437500e+02
2.500914500000000044e+04 8.413512573242187500e+02
2.500922799999999916e+04 8.413581542968750000e+02
2.500931100000000151e+04 8.413662109375000000e+02
2.500939400000000023e+04 8.413739624023437500e+02
2.500947699999999895e+04 8.413753662109375000e+02
2.500956000000000131e+04 8.413622436523437500e+02
2.500964300000000003e+04 8.413327636718750000e+02
2.500972599999999875e+04 8.413255615234375000e+02
2.500980900000000111e+04 8.413288574218750000e+02
2.500989199999999983e+04 8.413322753906250000e+02
2.500997499999999854e+04 8.413369750976562500e+02
2.501005800000000090e+04 8.412805175781250000e+02
2.501014099999999962e+04 8.412860107421875000e+02
2.501022399999999834e+04 8.412927856445312500e+02
2.501030700000000070e+04 8.413006591796875000e+02
2.501038999999999942e+04 8.413083496093750000e+02
2.501047300000000178e+04 8.413095703125000000e+02
2.501055600000000049e+04 8.412963256835937500e+02
2.501063899999999921e+04 8.412666015625000000e+02
2.501072200000000157e+04 8.412592163085937500e+02
2.501080500000000029e+04 8.412623901367187500e+02
2.501088799999999901e+04 8.412656860351562500e+02
2.501097100000000137e+04 8.412703247070312500e+02
2.501105400000000009e+04 8.412753295898437500e+02
2.501113699999999881e+04 8.412807617187500000e+02
2.501122000000000116e+04 8.412873535156250000e+02
2.501130299999999988e+04 8.412951660156250000e+02
2.501138599999999860e+04 8.413027343750000000e+02
2.501146900000000096e+04 8.413038330078125000e+02
2.501155199999999968e+04 8.412905273437500000e+02
2.501163499999999840e+04 8.412606201171875000e+02
2.501171800000000076e+04 8.412531127929687500e+02
2.501180099999999948e+04 8.412561645507812500e+02
2.501188399999999820e+04 8.412593994140625000e+02
2.501196700000000055e+04 8.412639160156250000e+02
2.501204999999999927e+04 8.412688598632812500e+02
2.501213300000000163e+04 8.412741088867187500e+02
2.501221600000000035e+04 8.412806396484375000e+02
2.501229899999999907e+04 8.412883911132812500e+02
2.501238200000000143e+04 8.412958374023437500e+02
2.501246500000000015e+04 8.412968139648437500e+02
2.501254799999999886e+04 8.412833862304687500e+02
2.501263100000000122e+04 8.412533569335937500e+02
2.501271399999999994e+04 8.412406616210937500e+02
2.501279699999999866e+04 8.412434082031250000e+02
2.501288000000000102e+04 8.412463989257812500e+02
2.501296299999999974e+04 8.412507934570312500e+02
2.501304599999999846e+04 8.412556152343750000e+02
2.501312900000000081e+04 8.412608032226562500e+02
2.501321199999999953e+04 8.412672729492187500e+02
2.501329499999999825e+04 8.412747802734375000e+02
2.501337800000000061e+04 8.412823486328125000e+02
2.501346099999999933e+04 8.412853393554687500e+02
2.501354400000000169e+04 8.412756347656250000e+02
2.501362700000000041e+04 8.412463378906250000e+02
2.501370999999999913e+04 8.412335205078125000e+02
2.501379300000000148e+04 8.412361450195312500e+02
2.501387600000000020e+04 8.412391357421875000e+02
2.501395899999999892e+04 8.412434692382812500e+02
2.501404200000000128e+04 8.412482910156250000e+02
2.501412500000000000e+04 8.412533569335937500e+02
2.501420799999999872e+04 8.412594604492187500e+02
2.501429100000000108e+04 8.412669067382812500e+02
2.501437399999999980e+04 8.412744140625000000e+02
2.501445699999999852e+04 8.412773437500000000e+02
2.501454000000000087e+04 8.412675781250000000e+02
2.501462299999999959e+04 8.412379150390625000e+02
2.501470599999999831e+04 8.412249755859375000e+02
2.501478900000000067e+04 8.412274780273437500e+02
2.501487199999999939e+04 8.412304077148437500e+02
2.501495500000000175e+04 8.412346191406250000e+02
2.501503800000000047e+04 8.412393798828125000e+02
2.501512099999999919e+04 8.412444458007812500e+02
2.501520400000000154e+04 8.412504882812500000e+02
2.501528700000000026e+04 8.412578735351562500e+02
2.501536999999999898e+04 8.412653198242187500e+02
2.501545300000000134e+04 8.412681884765625000e+02
2.501553600000000006e+04 8.412584228515625000e+02
2.501561899999999878e+04 8.412286376953125000e+02
2.501570200000000114e+04 8.412156372070312500e+02
2.501578499999999985e+04 8.412180786132812500e+02
2.501586799999999857e+04 8.412209472656250000e+02
2.501595100000000093e+04 8.412251586914062500e+02
2.501603399999999965e+04 8.412298583984375000e+02
2.501611699999999837e+04 8.412348022460937500e+02
2.501620000000000073e+04 8.412407836914062500e+02
2.501628299999999945e+04 8.412481079101562500e+02
2.501636600000000180e+04 8.412554931640625000e+02
2.501644900000000052e+04 8.412583007812500000e+02
2.501653199999999924e+04 8.412485351562500000e+02
2.501661500000000160e+04 8.412185668945312500e+02
2.501669800000000032e+04 8.412005004882812500e+02
2.501678099999999904e+04 8.412026977539062500e+02
2.501686400000000140e+04 8.412054443359375000e+02
2.501694700000000012e+04 8.412095336914062500e+02
2.501702999999999884e+04 8.412141723632812500e+02
2.501711300000000119e+04 8.412190551757812500e+02
2.501719599999999991e+04 8.412249755859375000e+02
2.501727899999999863e+04 8.412321166992187500e+02
2.501736200000000099e+04 8.412394409179687500e+02
2.501744499999999971e+04 8.412439575195312500e+02
2.501752799999999843e+04 8.412360839843750000e+02
2.501761100000000079e+04 8.412084350585937500e+02
2.501769399999999951e+04 8.411903076171875000e+02
2.501777699999999822e+04 8.411924438476562500e+02
2.501786000000000058e+04 8.411951904296875000e+02
2.501794299999999930e+04 8.411991577148437500e+02
2.501802600000000166e+04 8.412037963867187500e+02
2.501810900000000038e+04 8.412086181640625000e+02
2.501819199999999910e+04 8.412142333984375000e+02
2.501827500000000146e+04 8.412213134765625000e+02
2.501835800000000017e+04 8.412288818359375000e+02
2.501844099999999889e+04 8.412335815429687500e+02
2.501852400000000125e+04 8.412255859375000000e+02
2.501860699999999997e+04 8.411981201171875000e+02
2.501868999999999869e+04 8.411799316406250000e+02
2.501877300000000105e+04 8.411820068359375000e+02
2.501885599999999977e+04 8.411846923828125000e+02
2.501893899999999849e+04 8.411886596679687500e+02
2.501902200000000084e+04 8.411932983398437500e+02
2.501910499999999956e+04 8.411980590820312500e+02
2.501918799999999828e+04 8.412036132812500000e+02
2.501927100000000064e+04 8.412106933593750000e+02
2.501935399999999936e+04 8.412182006835937500e+02
2.501943700000000172e+04 8.412228393554687500e+02
2.501952000000000044e+04 8.412148437500000000e+02
2.501960299999999916e+04 8.411873168945312500e+02
2.501968600000000151e+04 8.411690063476562500e+02
2.501976900000000023e+04 8.411710205078125000e+02
2.501985199999999895e+04 8.411737060546875000e+02
2.501993500000000131e+04 8.411776733398437500e+02
