2.500009800000000178e+04 2.946458989754319191e-03
2.500018100000000049e+04 2.946478314697742462e-03
2.500026399999999921e+04 2.946496941149234772e-03
2.500034700000000157e+04 2.946515800431370735e-03
2.500043000000000029e+04 2.946534426882863045e-03
2.500051299999999901e+04 2.946553286164999008e-03
2.500059600000000137e+04 2.946600085124373436e-03
2.500067900000000009e+04 3.301605815067887306e-03
2.500076199999999881e+04 3.276931587606668472e-03
2.500084500000000116e+04 3.321497002616524696e-03
2.500092799999999988e+04 3.303015837445855141e-03
2.500101099999999860e+04 3.287688130512833595e-03
2.500109400000000096e+04 3.274346468970179558e-03
2.500117699999999968e+04 3.262732643634080887e-03
2.500125999999999840e+04 3.252626163884997368e-03
2.500134300000000076e+04 3.243837971240282059e-03
2.500142599999999948e+04 3.236204385757446289e-03
2.500150899999999820e+04 3.229585010558366776e-03
2.500159200000000055e+04 3.223877167329192162e-03
2.500167499999999927e+04 3.380417125299572945e-03
2.500175800000000163e+04 3.365228883922100067e-03
2.500184100000000035e+04 3.398150904104113579e-03
2.500192399999999907e+04 3.384415758773684502e-03
2.500200700000000143e+04 3.372806822881102562e-03
2.500209000000000015e+04 3.362728282809257507e-03
2.500217299999999886e+04 3.353989217430353165e-03
2.500225600000000122e+04 3.346424782648682594e-03
2.500233899999999994e+04 3.339893184602260590e-03
2.500242199999999866e+04 3.334269858896732330e-03
2.500250500000000102e+04 3.329447004944086075e-03
2.500258799999999974e+04 3.325351048260927200e-03
2.500267099999999846e+04 3.466944210231304169e-03
2.500275400000000081e+04 3.455619094893336296e-03
2.500283699999999953e+04 3.486039349809288979e-03
2.500291999999999825e+04 3.475459991022944450e-03
2.500300300000000061e+04 3.466411493718624115e-03
2.500308599999999933e+04 3.458583494648337364e-03
2.500316900000000169e+04 3.451827215030789375e-03
2.500325200000000041e+04 3.446014365181326866e-03
2.500333499999999913e+04 3.441033652052283287e-03
2.500341800000000148e+04 3.436786122620105743e-03
2.500350100000000020e+04 3.433186560869216919e-03
2.500358399999999892e+04 3.430180950090289116e-03
2.500366700000000128e+04 3.559955162927508354e-03
2.500375000000000000e+04 3.551260568201541901e-03
2.500383299999999872e+04 3.579592565074563026e-03
2.500391600000000108e+04 3.571202279999852180e-03
2.500399899999999980e+04 3.563944017514586449e-03
2.500408199999999852e+04 3.557686926797032356e-03
2.500416500000000087e+04 3.552311100065708160e-03
2.500424799999999959e+04 3.547712462022900581e-03
2.500433099999999831e+04 3.543800907209515572e-03
2.500441400000000067e+04 3.540495643392205238e-03
2.500449699999999939e+04 3.537726821377873421e-03
2.500458000000000175e+04 3.535454394295811653e-03
2.500466300000000047e+04 3.655496751889586449e-03
2.500474599999999919e+04 3.648657351732254028e-03
2.500482900000000154e+04 3.675185842439532280e-03
2.500491200000000026e+04 3.668352728709578514e-03
2.500499499999999898e+04 3.662372473627328873e-03
2.500507800000000134e+04 3.657231340184807777e-03
2.500516100000000006e+04 3.652830608189105988e-03
2.500524399999999878e+04 3.649083664640784264e-03
2.500532700000000114e+04 3.645915072411298752e-03
2.500540999999999985e+04 3.643257776275277138e-03
2.500549299999999857e+04 3.641052870079874992e-03
2.500557600000000093e+04 3.639266127720475197e-03
2.500565899999999965e+04 3.751100506633520126e-03
2.500574199999999837e+04 3.745582886040210724e-03
2.500582500000000073e+04 3.770513460040092468e-03
2.500590799999999945e+04 3.764808410778641701e-03
2.500599100000000180e+04 3.759753191843628883e-03
2.500607400000000052e+04 3.755414625629782677e-03
2.500615699999999924e+04 3.751708660274744034e-03
2.500624000000000160e+04 3.748562186956405640e-03
2.500632300000000032e+04 3.745910944417119026e-03
2.500640599999999904e+04 3.743697190657258034e-03
2.500648900000000140e+04 3.741871099919080734e-03
2.500657200000000012e+04 3.740406362339854240e-03
2.500665499999999884e+04 3.845230443403124809e-03
2.500673800000000119e+04 3.840672550722956657e-03
2.500682099999999991e+04 3.864177502691745758e-03
2.500690399999999863e+04 3.859299002215266228e-03
2.500698700000000099e+04 3.854919457808136940e-03
2.500706999999999971e+04 3.851161105558276176e-03
2.500715299999999843e+04 3.847951302304863930e-03
2.500723600000000079e+04 3.845226950943470001e-03
2.500731899999999951e+04 3.842932637780904770e-03
2.500740199999999822e+04 3.841018071398139000e-03
2.500748500000000058e+04 3.839439945295453072e-03
2.500756799999999930e+04 3.838178468868136406e-03
2.500765100000000166e+04 3.936939407140016556e-03
2.500773400000000038e+04 3.933027852326631546e-03
2.500781699999999910e+04 3.955256659537553787e-03
2.500790000000000146e+04 3.950992133468389511e-03
2.500798300000000017e+04 3.947111312299966812e-03
2.500806599999999889e+04 3.943775314837694168e-03
2.500814900000000125e+04 3.940921276807785034e-03
2.500823199999999997e+04 3.938494250178337097e-03
2.500831499999999869e+04 3.936444874852895737e-03
2.500839800000000105e+04 3.934729378670454025e-03
2.500848099999999977e+04 3.933309577405452728e-03
2.500856399999999849e+04 3.932170569896697998e-03
2.500864700000000084e+04 4.025647882372140884e-03
2.500872999999999956e+04 4.022328648716211319e-03
2.500881299999999828e+04 4.043412860482931137e-03
2.500889600000000064e+04 4.039600491523742676e-03
2.500897899999999936e+04 4.036082886159420013e-03
2.500906200000000172e+04 4.033049102872610092e-03
2.500914500000000044e+04 4.030443727970123291e-03
2.500922799999999916e+04 4.028217867016792297e-03
2.500931100000000151e+04 4.026327282190322876e-03
2.500939400000000023e+04 4.024733323603868484e-03
2.500947699999999895e+04 4.023401997983455658e-03
2.500956000000000131e+04 4.022317472845315933e-03
2.500964300000000003e+04 4.111140966415405273e-03
2.500972599999999875e+04 4.108200781047344208e-03
2.500980900000000111e+04 4.128244705498218536e-03
2.500989199999999983e+04 4.124766215682029724e-03
2.500997499999999854e+04 4.121512640267610550e-03
2.501005800000000090e+04 4.118693992495536804e-03
2.501014099999999962e+04 4.106365144252777100e-03
2.501022399999999834e+04 4.104276653379201889e-03
2.501030700000000070e+04 4.102488048374652863e-03
2.501038999999999942e+04 4.100965335965156555e-03
2.501047300000000178e+04 4.099677316844463348e-03
2.501055600000000049e+04 4.098611883819103241e-03
2.501063899999999921e+04 4.183127079159021378e-03
2.501072200000000157e+04 4.180470947176218033e-03
2.501080500000000029e+04 4.199524875730276108e-03
2.501088799999999901e+04 4.196299239993095398e-03
2.501097100000000137e+04 4.193244501948356628e-03
2.501105400000000009e+04 4.190581850707530975e-03
2.501113699999999881e+04 4.188267048448324203e-03
2.501122000000000116e+04 4.186259116977453232e-03
2.501130299999999988e+04 4.184523131698369980e-03
2.501138599999999860e+04 4.183027893304824829e-03
2.501146900000000096e+04 4.181744996458292007e-03
2.501155199999999968e+04 4.180664662271738052e-03
2.501163499999999840e+04 4.261560272425413132e-03
2.501171800000000076e+04 4.259103443473577499e-03
2.501180099999999948e+04 4.277305211871862411e-03
2.501188399999999820e+04 4.274257458746433258e-03
2.501196700000000055e+04 4.271336831152439117e-03
2.501204999999999927e+04 4.268774762749671936e-03
2.501213300000000163e+04 4.266529809683561325e-03
2.501221600000000035e+04 4.264565650373697281e-03
2.501229899999999907e+04 4.262849688529968262e-03
2.501238200000000143e+04 4.261353053152561188e-03
2.501246500000000015e+04 4.260050132870674133e-03
2.501254799999999886e+04 4.258934408426284790e-03
2.501263100000000122e+04 4.336580634117126465e-03
2.501271399999999994e+04 4.334273282438516617e-03
2.501279699999999866e+04 4.351712763309478760e-03
2.501288000000000102e+04 4.348798189312219620e-03
2.501296299999999974e+04 4.345974884927272797e-03
2.501304599999999846e+04 4.343481268733739853e-03
2.501312900000000081e+04 4.341279156506061554e-03
2.501321199999999953e+04 4.339335951954126358e-03
2.501329499999999825e+04 4.337620921432971954e-03
2.501337800000000061e+04 4.336107987910509109e-03
2.501346099999999933e+04 4.334772936999797821e-03
2.501354400000000169e+04 4.333605524152517319e-03
2.501362700000000041e+04 4.408392589539289474e-03
2.501370999999999913e+04 4.406196530908346176e-03
2.501379300000000148e+04 4.422932397574186325e-03
2.501387600000000020e+04 4.420107696205377579e-03
2.501395899999999892e+04 4.417344927787780762e-03
2.501404200000000128e+04 4.414888098835945129e-03
2.501412500000000000e+04 4.412701353430747986e-03
2.501420799999999872e+04 4.410754423588514328e-03
2.501429100000000108e+04 4.409018903970718384e-03
2.501437399999999980e+04 4.407470580190420151e-03
2.501445699999999852e+04 4.406086634844541550e-03
2.501454000000000087e+04 4.404858686029911041e-03
2.501462299999999959e+04 4.477068316191434860e-03
2.501470599999999831e+04 4.474938381463289261e-03
2.501478900000000067e+04 4.491033032536506653e-03
2.501487199999999939e+04 4.488267935812473297e-03
2.501495500000000175e+04 4.485541954636573792e-03
2.501503800000000047e+04 4.483101423829793930e-03
2.501512099999999919e+04 4.480912815779447556e-03
2.501520400000000154e+04 4.478947259485721588e-03
2.501528700000000026e+04 4.477179143577814102e-03
2.501536999999999898e+04 4.475585184991359711e-03
2.501545300000000134e+04 4.474144894629716873e-03
2.501553600000000006e+04 4.472850356251001358e-03
2.501561899999999878e+04 4.542742390185594559e-03
2.501570200000000114e+04 4.540653899312019348e-03
2.501578499999999985e+04 4.556162748485803604e-03
2.501586799999999857e+04 4.553435370326042175e-03
2.501595100000000093e+04 4.550728481262922287e-03
2.501603399999999965e+04 4.548288416117429733e-03
2.501611699999999837e+04 4.546084906905889511e-03
2.501620000000000073e+04 4.544090945273637772e-03
2.501628299999999945e+04 4.542281851172447205e-03
2.501636600000000180e+04 4.540635738521814346e-03
2.501644900000000052e+04 4.539133515208959579e-03
2.501653199999999924e+04 4.537769127637147903e-03
2.501661500000000160e+04 4.605571739375591278e-03
2.501669800000000032e+04 4.603505134582519531e-03
2.501678099999999904e+04 4.618486855179071426e-03
2.501686400000000140e+04 4.615780897438526154e-03
2.501694700000000012e+04 4.613078664988279343e-03
2.501702999999999884e+04 4.610628355294466019e-03
2.501711300000000119e+04 4.608401097357273102e-03
2.501719599999999991e+04 4.606370814144611359e-03
2.501727899999999863e+04 4.604515153914690018e-03
2.501736200000000099e+04 4.602813161909580231e-03
2.501744499999999971e+04 4.601246677339076996e-03
2.501752799999999843e+04 4.599804058670997620e-03
2.501761100000000079e+04 4.665701184421777725e-03
2.501769399999999951e+04 4.663656000047922134e-03
2.501777699999999822e+04 4.678147844970226288e-03
2.501786000000000058e+04 4.675449803471565247e-03
2.501794299999999930e+04 4.672742448747158051e-03
2.501802600000000166e+04 4.670273512601852417e-03
2.501810900000000038e+04 4.668015986680984497e-03
2.501819199999999910e+04 4.665944725275039673e-03
2.501827500000000146e+04 4.664039239287376404e-03
2.501835800000000017e+04 4.662279039621353149e-03
2.501844099999999889e+04 4.660646431148052216e-03
2.501852400000000125e+04 4.659132566303014755e-03
2.501860699999999997e+04 4.723315127193927765e-03
2.501868999999999869e+04 4.721267614513635635e-03
2.501877300000000105e+04 4.735309630632400513e-03
2.501885599999999977e+04 4.732610192149877548e-03
2.501893899999999849e+04 4.729890264570713043e-03
2.501902200000000084e+04 4.727396648377180099e-03
2.501910499999999956e+04 4.725104197859764099e-03
2.501918799999999828e+04 4.722989629954099655e-03
2.501927100000000064e+04 4.721031989902257919e-03
2.501935399999999936e+04 4.719212651252746582e-03
2.501943700000000172e+04 4.717514850199222565e-03
2.501952000000000044e+04 4.715929739177227020e-03
2.501960299999999916e+04 4.778553731739521027e-03
2.501968600000000151e+04 4.776495508849620819e-03
2.501976900000000023e+04 4.790124483406543732e-03
2.501985199999999895e+04 4.787416663020849228e-03
2.501993500000000131e+04 4.784678108990192413e-03
