2.500009800000000178e+04 2.433009386062622070e+00
2.500018100000000049e+04 2.273172616958618164e+00
2.500026399999999921e+04 2.126374721527099609e+00
2.500034700000000157e+04 1.996039032936096191e+00
2.500043000000000029e+04 1.952432751655578613e+00
2.500051299999999901e+04 2.228249073028564453e+00
2.500059600000000137e+04 6.144968509674072266e+00
2.500067900000000009e+04 6.005548000335693359e+00
2.500076199999999881e+04 5.997303009033203125e+00
2.500084500000000116e+04 4.314111232757568359e+00
2.500092799999999988e+04 2.376754522323608398e+00
2.500101099999999860e+04 2.238396406173706055e+00
2.500109400000000096e+04 2.114625930786132812e+00
2.500117699999999968e+04 2.002610921859741211e+00
2.500125999999999840e+04 1.901246190071105957e+00
2.500134300000000076e+04 1.809429764747619629e+00
2.500142599999999948e+04 1.727605462074279785e+00
2.500150899999999820e+04 1.969630002975463867e+00
2.500159200000000055e+04 6.184326171875000000e+00
2.500167499999999927e+04 6.022704601287841797e+00
2.500175800000000163e+04 6.017192840576171875e+00
2.500184100000000035e+04 4.546491146087646484e+00
2.500192399999999907e+04 2.417063474655151367e+00
2.500200700000000143e+04 2.291681289672851562e+00
2.500209000000000015e+04 2.180932044982910156e+00
2.500217299999999886e+04 2.079415798187255859e+00
2.500225600000000122e+04 1.986214876174926758e+00
2.500233899999999994e+04 1.900647759437561035e+00
2.500242199999999866e+04 1.823602676391601562e+00
2.500250500000000102e+04 2.096914768218994141e+00
2.500258799999999974e+04 6.198806285858154297e+00
2.500267099999999846e+04 6.038778305053710938e+00
2.500275400000000081e+04 6.032800197601318359e+00
2.500283699999999953e+04 4.684000015258789062e+00
2.500291999999999825e+04 2.448268890380859375e+00
2.500300300000000061e+04 2.336537122726440430e+00
2.500308599999999933e+04 2.236191749572753906e+00
2.500316900000000169e+04 2.143254280090332031e+00
2.500325200000000041e+04 2.056956529617309570e+00
2.500333499999999913e+04 1.976906418800354004e+00
2.500341800000000148e+04 1.904249668121337891e+00
2.500350100000000020e+04 2.204109668731689453e+00
2.500358399999999892e+04 6.201234817504882812e+00
2.500366700000000128e+04 6.058039188385009766e+00
2.500375000000000000e+04 6.051684856414794922e+00
2.500383299999999872e+04 4.795861244201660156e+00
2.500391600000000108e+04 2.480017423629760742e+00
2.500399899999999980e+04 2.375518798828125000e+00
2.500408199999999852e+04 2.283588171005249023e+00
2.500416500000000087e+04 2.197748899459838867e+00
2.500424799999999959e+04 2.117344856262207031e+00
2.500433099999999831e+04 2.042135953903198242e+00
2.500441400000000067e+04 1.973448753356933594e+00
2.500449699999999939e+04 2.292388200759887695e+00
2.500458000000000175e+04 6.216948986053466797e+00
2.500466300000000047e+04 6.077003002166748047e+00
2.500474599999999919e+04 6.077773571014404297e+00
2.500482900000000154e+04 5.831119537353515625e+00
2.500491200000000026e+04 2.547363281250000000e+00
2.500499499999999898e+04 2.445826768875122070e+00
2.500507800000000134e+04 2.358635663986206055e+00
2.500516100000000006e+04 2.276962757110595703e+00
2.500524399999999878e+04 2.199897289276123047e+00
2.500532700000000114e+04 2.127230644226074219e+00
2.500540999999999985e+04 2.060173749923706055e+00
2.500549299999999857e+04 2.312252759933471680e+00
2.500557600000000093e+04 6.223510742187500000e+00
2.500565899999999965e+04 6.092381954193115234e+00
2.500574199999999837e+04 6.096369266510009766e+00
2.500582500000000073e+04 5.853510379791259766e+00
2.500590799999999945e+04 2.570497751235961914e+00
2.500599100000000180e+04 2.475766658782958984e+00
2.500607400000000052e+04 2.394453048706054688e+00
2.500615699999999924e+04 2.318051099777221680e+00
2.500624000000000160e+04 2.245534420013427734e+00
2.500632300000000032e+04 2.176801919937133789e+00
2.500640599999999904e+04 2.113121271133422852e+00
2.500648900000000140e+04 2.381009340286254883e+00
2.500657200000000012e+04 6.232273578643798828e+00
2.500665499999999884e+04 6.108822345733642578e+00
2.500673800000000119e+04 6.113104343414306641e+00
2.500682099999999991e+04 5.872078418731689453e+00
2.500690399999999863e+04 2.598226785659790039e+00
2.500698700000000099e+04 2.507395505905151367e+00
2.500706999999999971e+04 2.430880308151245117e+00
2.500715299999999843e+04 2.358700990676879883e+00
2.500723600000000079e+04 2.289885282516479492e+00
2.500731899999999951e+04 2.224306344985961914e+00
2.500740199999999822e+04 2.163341760635375977e+00
2.500748500000000058e+04 2.443996906280517578e+00
2.500756799999999930e+04 6.246146678924560547e+00
2.500765100000000166e+04 6.125674247741699219e+00
2.500773400000000038e+04 6.129947662353515625e+00
2.500781699999999910e+04 5.891942024230957031e+00
2.500790000000000146e+04 2.613425970077514648e+00
2.500798300000000017e+04 2.531054496765136719e+00
2.500806599999999889e+04 2.459128379821777344e+00
2.500814900000000125e+04 2.390773057937622070e+00
2.500823199999999997e+04 2.325388669967651367e+00
2.500831499999999869e+04 2.262806892395019531e+00
2.500839800000000105e+04 2.204491138458251953e+00
2.500848099999999977e+04 2.495551109313964844e+00
2.500856399999999849e+04 6.259386062622070312e+00
2.500864700000000084e+04 6.141659259796142578e+00
2.500872999999999956e+04 6.149917602539062500e+00
2.500881299999999828e+04 6.054957866668701172e+00
2.500889600000000064e+04 3.662165403366088867e+00
2.500897899999999936e+04 2.590097665786743164e+00
2.500906200000000172e+04 2.516309499740600586e+00
2.500914500000000044e+04 2.449983119964599609e+00
2.500922799999999916e+04 2.386335849761962891e+00
2.500931100000000151e+04 2.325191974639892578e+00
2.500939400000000023e+04 2.267688989639282227e+00
2.500947699999999895e+04 2.473305463790893555e+00
2.500956000000000131e+04 6.256402015686035156e+00
2.500964300000000003e+04 6.145330905914306641e+00
2.500972599999999875e+04 6.162709712982177734e+00
2.500980900000000111e+04 6.066897869110107422e+00
2.500989199999999983e+04 3.783748388290405273e+00
2.500997499999999854e+04 2.611244201660156250e+00
2.501005800000000090e+04 2.537009477615356445e+00
2.501014099999999962e+04 2.472189664840698242e+00
2.501022399999999834e+04 2.411341667175292969e+00
2.501030700000000070e+04 2.352697610855102539e+00
2.501038999999999942e+04 2.297425508499145508e+00
2.501047300000000178e+04 2.510627269744873047e+00
2.501055600000000049e+04 6.263253688812255859e+00
2.501063899999999921e+04 6.156305313110351562e+00
2.501072200000000157e+04 6.173658370971679688e+00
2.501080500000000029e+04 6.078427314758300781e+00
2.501088799999999901e+04 3.880614757537841797e+00
2.501097100000000137e+04 2.623684644699096680e+00
2.501105400000000009e+04 2.554322004318237305e+00
2.501113699999999881e+04 2.493639469146728516e+00
2.501122000000000116e+04 2.435205221176147461e+00
2.501130299999999988e+04 2.378734827041625977e+00
2.501138599999999860e+04 2.325417757034301758e+00
2.501146900000000096e+04 2.543981552124023438e+00
2.501155199999999968e+04 6.277279376983642578e+00
2.501163499999999840e+04 6.169781684875488281e+00
2.501171800000000076e+04 6.186485767364501953e+00
2.501180099999999948e+04 6.092203140258789062e+00
2.501188399999999820e+04 3.948680639266967773e+00
2.501196700000000055e+04 2.644049644470214844e+00
2.501204999999999927e+04 2.571280479431152344e+00
2.501213300000000163e+04 2.513183116912841797e+00
2.501221600000000035e+04 2.456944227218627930e+00
2.501229899999999907e+04 2.402354955673217773e+00
2.501238200000000143e+04 2.350712299346923828e+00
2.501246500000000015e+04 2.576091051101684570e+00
2.501254799999999886e+04 6.300104141235351562e+00
2.501263100000000122e+04 6.183308601379394531e+00
2.501271399999999994e+04 6.199433803558349609e+00
2.501279699999999866e+04 6.158911228179931641e+00
2.501288000000000102e+04 4.605607986450195312e+00
2.501296299999999974e+04 2.652639627456665039e+00
2.501304599999999846e+04 2.587953329086303711e+00
2.501312900000000081e+04 2.531607866287231445e+00
2.501321199999999953e+04 2.477302074432373047e+00
2.501329499999999825e+04 2.424450635910034180e+00
2.501337800000000061e+04 2.374052762985229492e+00
2.501346099999999933e+04 2.504302978515625000e+00
2.501354400000000169e+04 6.285773754119873047e+00
2.501362700000000041e+04 6.178709983825683594e+00
2.501370999999999913e+04 6.212570190429687500e+00
2.501379300000000148e+04 6.166790008544921875e+00
2.501387600000000020e+04 4.709725379943847656e+00
2.501395899999999892e+04 2.662427663803100586e+00
2.501404200000000128e+04 2.602683782577514648e+00
2.501412500000000000e+04 2.548181772232055664e+00
2.501420799999999872e+04 2.495528459548950195e+00
2.501429100000000108e+04 2.444264650344848633e+00
2.501437399999999980e+04 2.395230770111083984e+00
2.501445699999999852e+04 2.529523372650146484e+00
2.501454000000000087e+04 6.295655250549316406e+00
2.501462299999999959e+04 6.193969249725341797e+00
2.501470599999999831e+04 6.226631164550781250e+00
2.501478900000000067e+04 6.181343555450439453e+00
2.501487199999999939e+04 4.691084861755371094e+00
2.501495500000000175e+04 2.683174371719360352e+00
2.501503800000000047e+04 2.616326332092285156e+00
2.501512099999999919e+04 2.563485383987426758e+00
2.501520400000000154e+04 2.512340784072875977e+00
2.501528700000000026e+04 2.462428808212280273e+00
2.501536999999999898e+04 2.414631843566894531e+00
2.501545300000000134e+04 2.551569461822509766e+00
2.501553600000000006e+04 6.303361415863037109e+00
2.501561899999999878e+04 6.203433036804199219e+00
2.501570200000000114e+04 6.235902786254882812e+00
2.501578499999999985e+04 6.190667152404785156e+00
2.501586799999999857e+04 4.733774185180664062e+00
2.501595100000000093e+04 2.691255569458007812e+00
2.501603399999999965e+04 2.628896951675415039e+00
2.501611699999999837e+04 2.577695608139038086e+00
2.501620000000000073e+04 2.527960062026977539e+00
2.501628299999999945e+04 2.479408740997314453e+00
2.501636600000000180e+04 2.432546854019165039e+00
2.501644900000000052e+04 2.570586681365966797e+00
2.501653199999999924e+04 6.296724319458007812e+00
2.501661500000000160e+04 6.214788436889648438e+00
2.501669800000000032e+04 6.246981620788574219e+00
2.501678099999999904e+04 6.228967666625976562e+00
2.501686400000000140e+04 5.055505275726318359e+00
2.501694700000000012e+04 2.703231096267700195e+00
2.501702999999999884e+04 2.642287254333496094e+00
2.501711300000000119e+04 2.591408252716064453e+00
2.501719599999999991e+04 2.542892694473266602e+00
2.501727899999999863e+04 2.495320558547973633e+00
2.501736200000000099e+04 2.449307441711425781e+00
2.501744499999999971e+04 2.589587688446044922e+00
2.501752799999999843e+04 6.192055702209472656e+00
2.501761100000000079e+04 6.209743499755859375e+00
2.501769399999999951e+04 6.258354663848876953e+00
2.501777699999999822e+04 6.237546443939208984e+00
2.501786000000000058e+04 5.083866119384765625e+00
2.501794299999999930e+04 2.713400602340698242e+00
2.501802600000000166e+04 2.652662277221679688e+00
2.501810900000000038e+04 2.603921413421630859e+00
2.501819199999999910e+04 2.556457042694091797e+00
2.501827500000000146e+04 2.509932994842529297e+00
2.501835800000000017e+04 2.464810371398925781e+00
2.501844099999999889e+04 2.512740373611450195e+00
2.501852400000000125e+04 6.219419956207275391e+00
2.501860699999999997e+04 6.219503879547119141e+00
2.501868999999999869e+04 6.268186569213867188e+00
2.501877300000000105e+04 6.247943401336669922e+00
2.501885599999999977e+04 5.102226734161376953e+00
2.501893899999999849e+04 2.722973108291625977e+00
2.501902200000000084e+04 2.663983345031738281e+00
2.501910499999999956e+04 2.615586519241333008e+00
2.501918799999999828e+04 2.569117784500122070e+00
2.501927100000000064e+04 2.523474693298339844e+00
2.501935399999999936e+04 2.479174375534057617e+00
2.501943700000000172e+04 2.529352664947509766e+00
2.501952000000000044e+04 6.228001594543457031e+00
2.501960299999999916e+04 6.229330062866210938e+00
2.501968600000000151e+04 6.278432846069335938e+00
2.501976900000000023e+04 6.257639884948730469e+00
2.501985199999999895e+04 5.119324207305908203e+00
2.501993500000000131e+04 2.735728025436401367e+00
