2.500009800000000178e+04 6.650480957031250000e+02
2.500018100000000049e+04 6.650542602539062500e+02
2.500026399999999921e+04 6.650618896484375000e+02
2.500034700000000157e+04 6.650696411132812500e+02
2.500043000000000029e+04 6.650753173828125000e+02
2.500051299999999901e+04 6.650681762695312500e+02
2.500059600000000137e+04 6.650081787109375000e+02
2.500067900000000009e+04 6.649722900390625000e+02
2.500076199999999881e+04 6.649770507812500000e+02
2.500084500000000116e+04 6.649832763671875000e+02
2.500092799999999988e+04 6.649884033203125000e+02
2.500101099999999860e+04 6.649942016601562500e+02
2.500109400000000096e+04 6.650000610351562500e+02
2.500117699999999968e+04 6.650058593750000000e+02
2.500125999999999840e+04 6.650133056640625000e+02
2.500134300000000076e+04 6.650216064453125000e+02
2.500142599999999948e+04 6.650272827148437500e+02
2.500150899999999820e+04 6.650223999023437500e+02
2.500159200000000055e+04 6.649668579101562500e+02
2.500167499999999927e+04 6.649309692382812500e+02
2.500175800000000163e+04 6.649356689453125000e+02
2.500184100000000035e+04 6.649418945312500000e+02
2.500192399999999907e+04 6.649470214843750000e+02
2.500200700000000143e+04 6.649528198242187500e+02
2.500209000000000015e+04 6.649586791992187500e+02
2.500217299999999886e+04 6.649644775390625000e+02
2.500225600000000122e+04 6.649719848632812500e+02
2.500233899999999994e+04 6.649802246093750000e+02
2.500242199999999866e+04 6.649859008789062500e+02
2.500250500000000102e+04 6.649810791015625000e+02
2.500258799999999974e+04 6.649254760742187500e+02
2.500267099999999846e+04 6.648895874023437500e+02
2.500275400000000081e+04 6.648942871093750000e+02
2.500283699999999953e+04 6.649005126953125000e+02
2.500291999999999825e+04 6.649055786132812500e+02
2.500300300000000061e+04 6.649113769531250000e+02
2.500308599999999933e+04 6.649172973632812500e+02
2.500316900000000169e+04 6.649230957031250000e+02
2.500325200000000041e+04 6.649306030273437500e+02
2.500333499999999913e+04 6.649389038085937500e+02
2.500341800000000148e+04 6.649445800781250000e+02
2.500350100000000020e+04 6.649396972656250000e+02
2.500358399999999892e+04 6.648840942382812500e+02
2.500366700000000128e+04 6.648481445312500000e+02
2.500375000000000000e+04 6.648528442382812500e+02
2.500383299999999872e+04 6.648591308593750000e+02
2.500391600000000108e+04 6.648641967773437500e+02
2.500399899999999980e+04 6.648699951171875000e+02
2.500408199999999852e+04 6.648759155273437500e+02
2.500416500000000087e+04 6.648815917968750000e+02
2.500424799999999959e+04 6.648890991210937500e+02
2.500433099999999831e+04 6.648973999023437500e+02
2.500441400000000067e+04 6.649030761718750000e+02
2.500449699999999939e+04 6.648981933593750000e+02
2.500458000000000175e+04 6.648424682617187500e+02
2.500466300000000047e+04 6.648015747070312500e+02
2.500474599999999919e+04 6.647979736328125000e+02
2.500482900000000154e+04 6.648043212890625000e+02
2.500491200000000026e+04 6.648096313476562500e+02
2.500499499999999898e+04 6.648153076171875000e+02
2.500507800000000134e+04 6.648211669921875000e+02
2.500516100000000006e+04 6.648268432617187500e+02
2.500524399999999878e+04 6.648339843750000000e+02
2.500532700000000114e+04 6.648421020507812500e+02
2.500540999999999985e+04 6.648483276367187500e+02
2.500549299999999857e+04 6.648461914062500000e+02
2.500557600000000093e+04 6.647982177734375000e+02
2.500565899999999965e+04 6.647573852539062500e+02
2.500574199999999837e+04 6.647538452148437500e+02
2.500582500000000073e+04 6.647602539062500000e+02
2.500590799999999945e+04 6.647655639648437500e+02
2.500599100000000180e+04 6.647712402343750000e+02
2.500607400000000052e+04 6.647765502929687500e+02
2.500615699999999924e+04 6.647822265625000000e+02
2.500624000000000160e+04 6.647893676757812500e+02
2.500632300000000032e+04 6.647974853515625000e+02
2.500640599999999904e+04 6.648037109375000000e+02
2.500648900000000140e+04 6.648020019531250000e+02
2.500657200000000012e+04 6.647540283203125000e+02
2.500665499999999884e+04 6.647131958007812500e+02
2.500673800000000119e+04 6.647096557617187500e+02
2.500682099999999991e+04 6.647160034179687500e+02
2.500690399999999863e+04 6.647213745117187500e+02
2.500698700000000099e+04 6.647270507812500000e+02
2.500706999999999971e+04 6.647323608398437500e+02
2.500715299999999843e+04 6.647380371093750000e+02
2.500723600000000079e+04 6.647452392578125000e+02
2.500731899999999951e+04 6.647533569335937500e+02
2.500740199999999822e+04 6.647595825195312500e+02
2.500748500000000058e+04 6.647578735351562500e+02
2.500756799999999930e+04 6.647098388671875000e+02
2.500765100000000166e+04 6.646688842773437500e+02
2.500773400000000038e+04 6.646653442382812500e+02
2.500781699999999910e+04 6.646716918945312500e+02
2.500790000000000146e+04 6.646770019531250000e+02
2.500798300000000017e+04 6.646826782226562500e+02
2.500806599999999889e+04 6.646879272460937500e+02
2.500814900000000125e+04 6.646935424804687500e+02
2.500823199999999997e+04 6.647006835937500000e+02
2.500831499999999869e+04 6.647088012695312500e+02
2.500839800000000105e+04 6.647150268554687500e+02
2.500848099999999977e+04 6.647133178710937500e+02
2.500856399999999849e+04 6.646652221679687500e+02
2.500864700000000084e+04 6.646193847656250000e+02
2.500872999999999956e+04 6.646076049804687500e+02
2.500881299999999828e+04 6.646135864257812500e+02
2.500889600000000064e+04 6.646191406250000000e+02
2.500897899999999936e+04 6.646246337890625000e+02
2.500906200000000172e+04 6.646304931640625000e+02
2.500914500000000044e+04 6.646361083984375000e+02
2.500922799999999916e+04 6.646428833007812500e+02
2.500931100000000151e+04 6.646508178710937500e+02
2.500939400000000023e+04 6.646575317382812500e+02
2.500947699999999895e+04 6.646549682617187500e+02
2.500956000000000131e+04 6.646221313476562500e+02
2.500964300000000003e+04 6.645745849609375000e+02
2.500972599999999875e+04 6.645633544921875000e+02
2.500980900000000111e+04 6.645693359375000000e+02
2.500989199999999983e+04 6.645748901367187500e+02
2.500997499999999854e+04 6.645798339843750000e+02
2.501005800000000090e+04 6.645850830078125000e+02
2.501014099999999962e+04 6.645906372070312500e+02
2.501022399999999834e+04 6.645974731445312500e+02
2.501030700000000070e+04 6.646054077148437500e+02
2.501038999999999942e+04 6.646121215820312500e+02
2.501047300000000178e+04 6.646095581054687500e+02
2.501055600000000049e+04 6.645775756835937500e+02
2.501063899999999921e+04 6.645300292968750000e+02
2.501072200000000157e+04 6.645187377929687500e+02
2.501080500000000029e+04 6.645247802734375000e+02
2.501088799999999901e+04 6.645303344726562500e+02
2.501097100000000137e+04 6.645352783203125000e+02
2.501105400000000009e+04 6.645405273437500000e+02
2.501113699999999881e+04 6.645461425781250000e+02
2.501122000000000116e+04 6.645529174804687500e+02
2.501130299999999988e+04 6.645609130859375000e+02
2.501138599999999860e+04 6.645676269531250000e+02
2.501146900000000096e+04 6.645650024414062500e+02
2.501155199999999968e+04 6.645330810546875000e+02
2.501163499999999840e+04 6.644854736328125000e+02
2.501171800000000076e+04 6.644741821289062500e+02
2.501180099999999948e+04 6.644802246093750000e+02
2.501188399999999820e+04 6.644857788085937500e+02
2.501196700000000055e+04 6.644907226562500000e+02
2.501204999999999927e+04 6.644959716796875000e+02
2.501213300000000163e+04 6.645014648437500000e+02
2.501221600000000035e+04 6.645082397460937500e+02
2.501229899999999907e+04 6.645161743164062500e+02
2.501238200000000143e+04 6.645228881835937500e+02
2.501246500000000015e+04 6.645203247070312500e+02
2.501254799999999886e+04 6.644882812500000000e+02
2.501263100000000122e+04 6.644406738281250000e+02
2.501271399999999994e+04 6.644211425781250000e+02
2.501279699999999866e+04 6.644266967773437500e+02
2.501288000000000102e+04 6.644324951171875000e+02
2.501296299999999974e+04 6.644378662109375000e+02
2.501304599999999846e+04 6.644431152343750000e+02
2.501312900000000081e+04 6.644486083984375000e+02
2.501321199999999953e+04 6.644554443359375000e+02
2.501329499999999825e+04 6.644631958007812500e+02
2.501337800000000061e+04 6.644704589843750000e+02
2.501346099999999933e+04 6.644706420898437500e+02
2.501354400000000169e+04 6.644500732421875000e+02
2.501362700000000041e+04 6.643974609375000000e+02
2.501370999999999913e+04 6.643779296875000000e+02
2.501379300000000148e+04 6.643835449218750000e+02
2.501387600000000020e+04 6.643893432617187500e+02
2.501395899999999892e+04 6.643947143554687500e+02
2.501404200000000128e+04 6.643999633789062500e+02
2.501412500000000000e+04 6.644054565429687500e+02
2.501420799999999872e+04 6.644119262695312500e+02
2.501429100000000108e+04 6.644197387695312500e+02
2.501437399999999980e+04 6.644270019531250000e+02
2.501445699999999852e+04 6.644271850585937500e+02
2.501454000000000087e+04 6.644063720703125000e+02
2.501462299999999959e+04 6.643537597656250000e+02
2.501470599999999831e+04 6.643342285156250000e+02
2.501478900000000067e+04 6.643397827148437500e+02
2.501487199999999939e+04 6.643455810546875000e+02
2.501495500000000175e+04 6.643510131835937500e+02
2.501503800000000047e+04 6.643562622070312500e+02
2.501512099999999919e+04 6.643617553710937500e+02
2.501520400000000154e+04 6.643682250976562500e+02
2.501528700000000026e+04 6.643760375976562500e+02
2.501536999999999898e+04 6.643833007812500000e+02
2.501545300000000134e+04 6.643834228515625000e+02
2.501553600000000006e+04 6.643626098632812500e+02
2.501561899999999878e+04 6.643099975585937500e+02
2.501570200000000114e+04 6.642904052734375000e+02
2.501578499999999985e+04 6.642960205078125000e+02
2.501586799999999857e+04 6.643018188476562500e+02
2.501595100000000093e+04 6.643071899414062500e+02
2.501603399999999965e+04 6.643124389648437500e+02
2.501611699999999837e+04 6.643178710937500000e+02
2.501620000000000073e+04 6.643243408203125000e+02
2.501628299999999945e+04 6.643321533203125000e+02
2.501636600000000180e+04 6.643393554687500000e+02
2.501644900000000052e+04 6.643395385742187500e+02
2.501653199999999924e+04 6.643186035156250000e+02
2.501661500000000160e+04 6.642659912109375000e+02
2.501669800000000032e+04 6.642380981445312500e+02
2.501678099999999904e+04 6.642432250976562500e+02
2.501686400000000140e+04 6.642492675781250000e+02
2.501694700000000012e+04 6.642545166015625000e+02
2.501702999999999884e+04 6.642603759765625000e+02
2.501711300000000119e+04 6.642657470703125000e+02
2.501719599999999991e+04 6.642722778320312500e+02
2.501727899999999863e+04 6.642799072265625000e+02
2.501736200000000099e+04 6.642871704101562500e+02
2.501744499999999971e+04 6.642900390625000000e+02
2.501752799999999843e+04 6.642796630859375000e+02
2.501761100000000079e+04 6.642220458984375000e+02
2.501769399999999951e+04 6.641941528320312500e+02
2.501777699999999822e+04 6.641992797851562500e+02
2.501786000000000058e+04 6.642052612304687500e+02
2.501794299999999930e+04 6.642105102539062500e+02
2.501802600000000166e+04 6.642163696289062500e+02
2.501810900000000038e+04 6.642218017578125000e+02
2.501819199999999910e+04 6.642279663085937500e+02
2.501827500000000146e+04 6.642355957031250000e+02
2.501835800000000017e+04 6.642433471679687500e+02
2.501844099999999889e+04 6.642462768554687500e+02
2.501852400000000125e+04 6.642365722656250000e+02
2.501860699999999997e+04 6.641789550781250000e+02
2.501868999999999869e+04 6.641510620117187500e+02
2.501877300000000105e+04 6.641561889648437500e+02
2.501885599999999977e+04 6.641622314453125000e+02
2.501893899999999849e+04 6.641675415039062500e+02
2.501902200000000084e+04 6.641733398437500000e+02
2.501910499999999956e+04 6.641787719726562500e+02
2.501918799999999828e+04 6.641848754882812500e+02
2.501927100000000064e+04 6.641925659179687500e+02
2.501935399999999936e+04 6.642003173828125000e+02
2.501943700000000172e+04 6.642032470703125000e+02
2.501952000000000044e+04 6.641934814453125000e+02
2.501960299999999916e+04 6.641358032226562500e+02
2.501968600000000151e+04 6.641079101562500000e+02
2.501976900000000023e+04 6.641130371093750000e+02
2.501985199999999895e+04 6.641190795898437500e+02
2.501993500000000131e+04 6.641243896484375000e+02
