2.500009800000000178e+04 8.503296508789062500e+02
2.500018100000000049e+04 8.503379516601562500e+02
2.500026399999999921e+04 8.503475341796875000e+02
2.500034700000000157e+04 8.503574218750000000e+02
2.500043000000000029e+04 8.503663940429687500e+02
2.500051299999999901e+04 8.503647460937500000e+02
2.500059600000000137e+04 8.503481445312500000e+02
2.500067900000000009e+04 8.503275146484375000e+02
2.500076199999999881e+04 8.503358154296875000e+02
2.500084500000000116e+04 8.503419189453125000e+02
2.500092799999999988e+04 8.503484497070312500e+02
2.500101099999999860e+04 8.503555297851562500e+02
2.500109400000000096e+04 8.503626098632812500e+02
2.500117699999999968e+04 8.503701171875000000e+02
2.500125999999999840e+04 8.503790893554687500e+02
2.500134300000000076e+04 8.503887329101562500e+02
2.500142599999999948e+04 8.503972778320312500e+02
2.500150899999999820e+04 8.503969726562500000e+02
2.500159200000000055e+04 8.503815917968750000e+02
2.500167499999999927e+04 8.503601074218750000e+02
2.500175800000000163e+04 8.503676757812500000e+02
2.500184100000000035e+04 8.503732910156250000e+02
2.500192399999999907e+04 8.503793945312500000e+02
2.500200700000000143e+04 8.503861694335937500e+02
2.500209000000000015e+04 8.503928833007812500e+02
2.500217299999999886e+04 8.504000244140625000e+02
2.500225600000000122e+04 8.504086303710937500e+02
2.500233899999999994e+04 8.504179687500000000e+02
2.500242199999999866e+04 8.504261474609375000e+02
2.500250500000000102e+04 8.504255371093750000e+02
2.500258799999999974e+04 8.504094848632812500e+02
2.500267099999999846e+04 8.503874511718750000e+02
2.500275400000000081e+04 8.503945922851562500e+02
2.500283699999999953e+04 8.503997802734375000e+02
2.500291999999999825e+04 8.504056396484375000e+02
2.500300300000000061e+04 8.504121093750000000e+02
2.500308599999999933e+04 8.504185180664062500e+02
2.500316900000000169e+04 8.504254150390625000e+02
2.500325200000000041e+04 8.504337158203125000e+02
2.500333499999999913e+04 8.504428100585937500e+02
2.500341800000000148e+04 8.504508056640625000e+02
2.500350100000000020e+04 8.504498901367187500e+02
2.500358399999999892e+04 8.504333496093750000e+02
2.500366700000000128e+04 8.504108886718750000e+02
2.500375000000000000e+04 8.504176025390625000e+02
2.500383299999999872e+04 8.504224853515625000e+02
2.500391600000000108e+04 8.504281616210937500e+02
2.500399899999999980e+04 8.504343872070312500e+02
2.500408199999999852e+04 8.504406127929687500e+02
2.500416500000000087e+04 8.504471435546875000e+02
2.500424799999999959e+04 8.504553222656250000e+02
2.500433099999999831e+04 8.504641723632812500e+02
2.500441400000000067e+04 8.504719238281250000e+02
2.500449699999999939e+04 8.504708251953125000e+02
2.500458000000000175e+04 8.504541015625000000e+02
2.500466300000000047e+04 8.504276123046875000e+02
2.500474599999999919e+04 8.504291992187500000e+02
2.500482900000000154e+04 8.504306030273437500e+02
2.500491200000000026e+04 8.504359741210937500e+02
2.500499499999999898e+04 8.504418945312500000e+02
2.500507800000000134e+04 8.504479370117187500e+02
2.500516100000000006e+04 8.504543457031250000e+02
2.500524399999999878e+04 8.504620361328125000e+02
2.500532700000000114e+04 8.504705810546875000e+02
2.500540999999999985e+04 8.504783935546875000e+02
2.500549299999999857e+04 8.504789428710937500e+02
2.500557600000000093e+04 8.504652099609375000e+02
2.500565899999999965e+04 8.504381713867187500e+02
2.500574199999999837e+04 8.504396972656250000e+02
2.500582500000000073e+04 8.504409179687500000e+02
2.500590799999999945e+04 8.504461059570312500e+02
2.500599100000000180e+04 8.504518432617187500e+02
2.500607400000000052e+04 8.504577636718750000e+02
2.500615699999999924e+04 8.504640502929687500e+02
2.500624000000000160e+04 8.504715576171875000e+02
2.500632300000000032e+04 8.504799804687500000e+02
2.500640599999999904e+04 8.504876708984375000e+02
2.500648900000000140e+04 8.504880371093750000e+02
2.500657200000000012e+04 8.504740600585937500e+02
2.500665499999999884e+04 8.504467773437500000e+02
2.500673800000000119e+04 8.504481811523437500e+02
2.500682099999999991e+04 8.504492187500000000e+02
2.500690399999999863e+04 8.504542846679687500e+02
2.500698700000000099e+04 8.504599609375000000e+02
2.500706999999999971e+04 8.504656982421875000e+02
2.500715299999999843e+04 8.504718627929687500e+02
2.500723600000000079e+04 8.504792480468750000e+02
2.500731899999999951e+04 8.504876098632812500e+02
2.500740199999999822e+04 8.504951782226562500e+02
2.500748500000000058e+04 8.504682617187500000e+02
2.500756799999999930e+04 8.504653320312500000e+02
2.500765100000000166e+04 8.504362182617187500e+02
2.500773400000000038e+04 8.504375000000000000e+02
2.500781699999999910e+04 8.504383544921875000e+02
2.500790000000000146e+04 8.504432983398437500e+02
2.500798300000000017e+04 8.504488525390625000e+02
2.500806599999999889e+04 8.504545898437500000e+02
2.500814900000000125e+04 8.504605102539062500e+02
2.500823199999999997e+04 8.504678344726562500e+02
2.500831499999999869e+04 8.504760742187500000e+02
2.500839800000000105e+04 8.504835205078125000e+02
2.500848099999999977e+04 8.504537353515625000e+02
2.500856399999999849e+04 8.504501953125000000e+02
2.500864700000000084e+04 8.504172973632812500e+02
2.500872999999999956e+04 8.504131469726562500e+02
2.500881299999999828e+04 8.504147949218750000e+02
2.500889600000000064e+04 8.504196166992187500e+02
2.500897899999999936e+04 8.504249877929687500e+02
2.500906200000000172e+04 8.504306030273437500e+02
2.500914500000000044e+04 8.504364624023437500e+02
2.500922799999999916e+04 8.504434204101562500e+02
2.500931100000000151e+04 8.504514160156250000e+02
2.500939400000000023e+04 8.504590454101562500e+02
2.500947699999999895e+04 8.504608764648437500e+02
2.500956000000000131e+04 8.504549560546875000e+02
2.500964300000000003e+04 8.504234619140625000e+02
2.500972599999999875e+04 8.504196777343750000e+02
2.500980900000000111e+04 8.504209594726562500e+02
2.500989199999999983e+04 8.504257202148437500e+02
2.500997499999999854e+04 8.504310302734375000e+02
2.501005800000000090e+04 8.504365234375000000e+02
2.501014099999999962e+04 8.504423217773437500e+02
2.501022399999999834e+04 8.504492187500000000e+02
2.501030700000000070e+04 8.504570922851562500e+02
2.501038999999999942e+04 8.504646606445312500e+02
2.501047300000000178e+04 8.504664306640625000e+02
2.501055600000000049e+04 8.504602661132812500e+02
2.501063899999999921e+04 8.504285888671875000e+02
2.501072200000000157e+04 8.504247436523437500e+02
2.501080500000000029e+04 8.504258422851562500e+02
2.501088799999999901e+04 8.504305419921875000e+02
2.501097100000000137e+04 8.504357299804687500e+02
2.501105400000000009e+04 8.504412231445312500e+02
2.501113699999999881e+04 8.504468994140625000e+02
2.501122000000000116e+04 8.504537353515625000e+02
2.501130299999999988e+04 8.504615478515625000e+02
2.501138599999999860e+04 8.504690551757812500e+02
2.501146900000000096e+04 8.504707031250000000e+02
2.501155199999999968e+04 8.504651489257812500e+02
2.501163499999999840e+04 8.504330444335937500e+02
2.501171800000000076e+04 8.504290771484375000e+02
2.501180099999999948e+04 8.504300537109375000e+02
2.501188399999999820e+04 8.504346923828125000e+02
2.501196700000000055e+04 8.504398193359375000e+02
2.501204999999999927e+04 8.504452514648437500e+02
2.501213300000000163e+04 8.504508056640625000e+02
2.501221600000000035e+04 8.504575805664062500e+02
2.501229899999999907e+04 8.504653320312500000e+02
2.501238200000000143e+04 8.504727783203125000e+02
2.501246500000000015e+04 8.504743652343750000e+02
2.501254799999999886e+04 8.504685668945312500e+02
2.501263100000000122e+04 8.504363403320312500e+02
2.501271399999999994e+04 8.504272460937500000e+02
2.501279699999999866e+04 8.504284667968750000e+02
2.501288000000000102e+04 8.504327392578125000e+02
2.501296299999999974e+04 8.504377441406250000e+02
2.501304599999999846e+04 8.504431152343750000e+02
2.501312900000000081e+04 8.504486083984375000e+02
2.501321199999999953e+04 8.504553222656250000e+02
2.501329499999999825e+04 8.504628906250000000e+02
2.501337800000000061e+04 8.504705200195312500e+02
2.501346099999999933e+04 8.504738769531250000e+02
2.501354400000000169e+04 8.504719848632812500e+02
2.501362700000000041e+04 8.504404907226562500e+02
2.501370999999999913e+04 8.504315795898437500e+02
2.501379300000000148e+04 8.504324951171875000e+02
2.501387600000000020e+04 8.504367065429687500e+02
2.501395899999999892e+04 8.504416503906250000e+02
2.501404200000000128e+04 8.504469604492187500e+02
2.501412500000000000e+04 8.504524536132812500e+02
2.501420799999999872e+04 8.504588012695312500e+02
2.501429100000000108e+04 8.504663696289062500e+02
2.501437399999999980e+04 8.504739379882812500e+02
2.501445699999999852e+04 8.504772338867187500e+02
2.501454000000000087e+04 8.504752807617187500e+02
2.501462299999999959e+04 8.504434814453125000e+02
2.501470599999999831e+04 8.504344482421875000e+02
2.501478900000000067e+04 8.504353027343750000e+02
2.501487199999999939e+04 8.504395141601562500e+02
2.501495500000000175e+04 8.504443969726562500e+02
2.501503800000000047e+04 8.504497070312500000e+02
2.501512099999999919e+04 8.504551391601562500e+02
2.501520400000000154e+04 8.504614257812500000e+02
2.501528700000000026e+04 8.504689941406250000e+02
2.501536999999999898e+04 8.504765014648437500e+02
2.501545300000000134e+04 8.504797973632812500e+02
2.501553600000000006e+04 8.504778442382812500e+02
2.501561899999999878e+04 8.504459228515625000e+02
2.501570200000000114e+04 8.504368286132812500e+02
2.501578499999999985e+04 8.504376220703125000e+02
2.501586799999999857e+04 8.504417724609375000e+02
2.501595100000000093e+04 8.504466552734375000e+02
2.501603399999999965e+04 8.504519042968750000e+02
2.501611699999999837e+04 8.504572143554687500e+02
2.501620000000000073e+04 8.504635009765625000e+02
2.501628299999999945e+04 8.504710083007812500e+02
2.501636600000000180e+04 8.504784545898437500e+02
2.501644900000000052e+04 8.504817504882812500e+02
2.501653199999999924e+04 8.504797973632812500e+02
2.501661500000000160e+04 8.504477539062500000e+02
2.501669800000000032e+04 8.504335327148437500e+02
2.501678099999999904e+04 8.504346923828125000e+02
2.501686400000000140e+04 8.504385986328125000e+02
2.501694700000000012e+04 8.504432983398437500e+02
2.501702999999999884e+04 8.504484863281250000e+02
2.501711300000000119e+04 8.504537963867187500e+02
2.501719599999999991e+04 8.504600830078125000e+02
2.501727899999999863e+04 8.504673461914062500e+02
2.501736200000000099e+04 8.504747924804687500e+02
2.501744499999999971e+04 8.504797973632812500e+02
2.501752799999999843e+04 8.504799804687500000e+02
2.501761100000000079e+04 8.504497680664062500e+02
2.501769399999999951e+04 8.504356079101562500e+02
2.501777699999999822e+04 8.504365844726562500e+02
2.501786000000000058e+04 8.504404907226562500e+02
2.501794299999999930e+04 8.504451904296875000e+02
2.501802600000000166e+04 8.504503784179687500e+02
2.501810900000000038e+04 8.504556274414062500e+02
2.501819199999999910e+04 8.504615478515625000e+02
2.501827500000000146e+04 8.504688110351562500e+02
2.501835800000000017e+04 8.504765014648437500e+02
2.501844099999999889e+04 8.504814453125000000e+02
2.501852400000000125e+04 8.504816894531250000e+02
2.501860699999999997e+04 8.504517211914062500e+02
2.501868999999999869e+04 8.504375610351562500e+02
2.501877300000000105e+04 8.504384155273437500e+02
2.501885599999999977e+04 8.504423217773437500e+02
2.501893899999999849e+04 8.504470214843750000e+02
2.501902200000000084e+04 8.504521484375000000e+02
2.501910499999999956e+04 8.504573974609375000e+02
2.501918799999999828e+04 8.504633178710937500e+02
2.501927100000000064e+04 8.504705810546875000e+02
2.501935399999999936e+04 8.504782104492187500e+02
2.501943700000000172e+04 8.504831542968750000e+02
2.501952000000000044e+04 8.504832763671875000e+02
2.501960299999999916e+04 8.504532470703125000e+02
2.501968600000000151e+04 8.504389648437500000e+02
2.501976900000000023e+04 8.504398803710937500e+02
2.501985199999999895e+04 8.504437255859375000e+02
2.501993500000000131e+04 8.504483642578125000e+02
