2.500009800000000178e+04 7.398173217773437500e+02
2.500018100000000049e+04 7.398238525390625000e+02
2.500026399999999921e+04 7.398318481445312500e+02
2.500034700000000157e+04 7.398400268554687500e+02
2.500043000000000029e+04 7.398460693359375000e+02
2.500051299999999901e+04 7.398392333984375000e+02
2.500059600000000137e+04 7.397793579101562500e+02
2.500067900000000009e+04 7.397438964843750000e+02
2.500076199999999881e+04 7.397490234375000000e+02
2.500084500000000116e+04 7.397557983398437500e+02
2.500092799999999988e+04 7.397613525390625000e+02
2.500101099999999860e+04 7.397676391601562500e+02
2.500109400000000096e+04 7.397739257812500000e+02
2.500117699999999968e+04 7.397801513671875000e+02
2.500125999999999840e+04 7.397879638671875000e+02
2.500134300000000076e+04 7.397966308593750000e+02
2.500142599999999948e+04 7.398026733398437500e+02
2.500150899999999820e+04 7.397981567382812500e+02
2.500159200000000055e+04 7.397427368164062500e+02
2.500167499999999927e+04 7.397072143554687500e+02
2.500175800000000163e+04 7.397123413085937500e+02
2.500184100000000035e+04 7.397191162109375000e+02
2.500192399999999907e+04 7.397247314453125000e+02
2.500200700000000143e+04 7.397310180664062500e+02
2.500209000000000015e+04 7.397372436523437500e+02
2.500217299999999886e+04 7.397434692382812500e+02
2.500225600000000122e+04 7.397513427734375000e+02
2.500233899999999994e+04 7.397599487304687500e+02
2.500242199999999866e+04 7.397660522460937500e+02
2.500250500000000102e+04 7.397615356445312500e+02
2.500258799999999974e+04 7.397060546875000000e+02
2.500267099999999846e+04 7.396705322265625000e+02
2.500275400000000081e+04 7.396756591796875000e+02
2.500283699999999953e+04 7.396824340820312500e+02
2.500291999999999825e+04 7.396879882812500000e+02
2.500300300000000061e+04 7.396942749023437500e+02
2.500308599999999933e+04 7.397005615234375000e+02
2.500316900000000169e+04 7.397067871093750000e+02
2.500325200000000041e+04 7.397145996093750000e+02
2.500333499999999913e+04 7.397232666015625000e+02
2.500341800000000148e+04 7.397293090820312500e+02
2.500350100000000020e+04 7.397247924804687500e+02
2.500358399999999892e+04 7.396693115234375000e+02
2.500366700000000128e+04 7.396337890625000000e+02
2.500375000000000000e+04 7.396389160156250000e+02
2.500383299999999872e+04 7.396456298828125000e+02
2.500391600000000108e+04 7.396512451171875000e+02
2.500399899999999980e+04 7.396575317382812500e+02
2.500408199999999852e+04 7.396638183593750000e+02
2.500416500000000087e+04 7.396699218750000000e+02
2.500424799999999959e+04 7.396777954101562500e+02
2.500433099999999831e+04 7.396864013671875000e+02
2.500441400000000067e+04 7.396925048828125000e+02
2.500449699999999939e+04 7.396879272460937500e+02
2.500458000000000175e+04 7.396323242187500000e+02
2.500466300000000047e+04 7.395918579101562500e+02
2.500474599999999919e+04 7.395887451171875000e+02
2.500482900000000154e+04 7.395955810546875000e+02
2.500491200000000026e+04 7.396014404296875000e+02
2.500499499999999898e+04 7.396076049804687500e+02
2.500507800000000134e+04 7.396138916015625000e+02
2.500516100000000006e+04 7.396199951171875000e+02
2.500524399999999878e+04 7.396275024414062500e+02
2.500532700000000114e+04 7.396359863281250000e+02
2.500540999999999985e+04 7.396425781250000000e+02
2.500549299999999857e+04 7.396408081054687500e+02
2.500557600000000093e+04 7.395930175781250000e+02
2.500565899999999965e+04 7.395524902343750000e+02
2.500574199999999837e+04 7.395493774414062500e+02
2.500582500000000073e+04 7.395562133789062500e+02
2.500590799999999945e+04 7.395620727539062500e+02
2.500599100000000180e+04 7.395682373046875000e+02
2.500607400000000052e+04 7.395739135742187500e+02
2.500615699999999924e+04 7.395800170898437500e+02
2.500624000000000160e+04 7.395875854492187500e+02
2.500632300000000032e+04 7.395960693359375000e+02
2.500640599999999904e+04 7.396026611328125000e+02
2.500648900000000140e+04 7.396013183593750000e+02
2.500657200000000012e+04 7.395534667968750000e+02
2.500665499999999884e+04 7.395129394531250000e+02
2.500673800000000119e+04 7.395098266601562500e+02
2.500682099999999991e+04 7.395167236328125000e+02
2.500690399999999863e+04 7.395225219726562500e+02
2.500698700000000099e+04 7.395286865234375000e+02
2.500706999999999971e+04 7.395344238281250000e+02
2.500715299999999843e+04 7.395405273437500000e+02
2.500723600000000079e+04 7.395480346679687500e+02
2.500731899999999951e+04 7.395565185546875000e+02
2.500740199999999822e+04 7.395631103515625000e+02
2.500748500000000058e+04 7.395617675781250000e+02
2.500756799999999930e+04 7.395139160156250000e+02
2.500765100000000166e+04 7.394733886718750000e+02
2.500773400000000038e+04 7.394702758789062500e+02
2.500781699999999910e+04 7.394771118164062500e+02
2.500790000000000146e+04 7.394829711914062500e+02
2.500798300000000017e+04 7.394891357421875000e+02
2.500806599999999889e+04 7.394948120117187500e+02
2.500814900000000125e+04 7.395008544921875000e+02
2.500823199999999997e+04 7.395083618164062500e+02
2.500831499999999869e+04 7.395169067382812500e+02
2.500839800000000105e+04 7.395234375000000000e+02
2.500848099999999977e+04 7.395221557617187500e+02
2.500856399999999849e+04 7.394741821289062500e+02
2.500864700000000084e+04 7.394287109375000000e+02
2.500872999999999956e+04 7.394172973632812500e+02
2.500881299999999828e+04 7.394237670898437500e+02
2.500889600000000064e+04 7.394298095703125000e+02
2.500897899999999936e+04 7.394358520507812500e+02
2.500906200000000172e+04 7.394421386718750000e+02
2.500914500000000044e+04 7.394481201171875000e+02
2.500922799999999916e+04 7.394553222656250000e+02
2.500931100000000151e+04 7.394636840820312500e+02
2.500939400000000023e+04 7.394707641601562500e+02
2.500947699999999895e+04 7.394685668945312500e+02
2.500956000000000131e+04 7.394358520507812500e+02
2.500964300000000003e+04 7.393886718750000000e+02
2.500972599999999875e+04 7.393778686523437500e+02
2.500980900000000111e+04 7.393842773437500000e+02
2.500989199999999983e+04 7.393903808593750000e+02
2.500997499999999854e+04 7.393958129882812500e+02
2.501005800000000090e+04 7.395140991210937500e+02
2.501014099999999962e+04 7.395201416015625000e+02
2.501022399999999834e+04 7.395273437500000000e+02
2.501030700000000070e+04 7.395357055664062500e+02
2.501038999999999942e+04 7.395427856445312500e+02
2.501047300000000178e+04 7.395405883789062500e+02
2.501055600000000049e+04 7.395087280273437500e+02
2.501063899999999921e+04 7.394615478515625000e+02
2.501072200000000157e+04 7.394506835937500000e+02
2.501080500000000029e+04 7.394571533203125000e+02
2.501088799999999901e+04 7.394631958007812500e+02
2.501097100000000137e+04 7.394686889648437500e+02
2.501105400000000009e+04 7.394743652343750000e+02
2.501113699999999881e+04 7.394804077148437500e+02
2.501122000000000116e+04 7.394876098632812500e+02
2.501130299999999988e+04 7.394959106445312500e+02
2.501138599999999860e+04 7.395030517578125000e+02
2.501146900000000096e+04 7.395008544921875000e+02
2.501155199999999968e+04 7.394689941406250000e+02
2.501163499999999840e+04 7.394217529296875000e+02
2.501171800000000076e+04 7.394109497070312500e+02
2.501180099999999948e+04 7.394173583984375000e+02
2.501188399999999820e+04 7.394234619140625000e+02
2.501196700000000055e+04 7.394288940429687500e+02
2.501204999999999927e+04 7.394346313476562500e+02
2.501213300000000163e+04 7.394405517578125000e+02
2.501221600000000035e+04 7.394477539062500000e+02
2.501229899999999907e+04 7.394560546875000000e+02
2.501238200000000143e+04 7.394631958007812500e+02
2.501246500000000015e+04 7.394609985351562500e+02
2.501254799999999886e+04 7.394290771484375000e+02
2.501263100000000122e+04 7.393818359375000000e+02
2.501271399999999994e+04 7.393626708984375000e+02
2.501279699999999866e+04 7.393687133789062500e+02
2.501288000000000102e+04 7.393750610351562500e+02
2.501296299999999974e+04 7.393809204101562500e+02
2.501304599999999846e+04 7.393866577148437500e+02
2.501312900000000081e+04 7.393925781250000000e+02
2.501321199999999953e+04 7.393997802734375000e+02
2.501329499999999825e+04 7.394079589843750000e+02
2.501337800000000061e+04 7.394155883789062500e+02
2.501346099999999933e+04 7.394161376953125000e+02
2.501354400000000169e+04 7.393956909179687500e+02
2.501362700000000041e+04 7.393435058593750000e+02
2.501370999999999913e+04 7.393243408203125000e+02
2.501379300000000148e+04 7.393303833007812500e+02
2.501387600000000020e+04 7.393366699218750000e+02
2.501395899999999892e+04 7.393425903320312500e+02
2.501404200000000128e+04 7.393483276367187500e+02
2.501412500000000000e+04 7.393542480468750000e+02
2.501420799999999872e+04 7.393610839843750000e+02
2.501429100000000108e+04 7.393693237304687500e+02
2.501437399999999980e+04 7.393769531250000000e+02
2.501445699999999852e+04 7.393775024414062500e+02
2.501454000000000087e+04 7.393568115234375000e+02
2.501462299999999959e+04 7.393045654296875000e+02
2.501470599999999831e+04 7.392854003906250000e+02
2.501478900000000067e+04 7.392914428710937500e+02
2.501487199999999939e+04 7.392977905273437500e+02
2.501495500000000175e+04 7.393036499023437500e+02
2.501503800000000047e+04 7.393093872070312500e+02
2.501512099999999919e+04 7.393153076171875000e+02
2.501520400000000154e+04 7.393222045898437500e+02
2.501528700000000026e+04 7.393303833007812500e+02
2.501536999999999898e+04 7.393380126953125000e+02
2.501545300000000134e+04 7.393385620117187500e+02
2.501553600000000006e+04 7.393178100585937500e+02
2.501561899999999878e+04 7.392656250000000000e+02
2.501570200000000114e+04 7.392464599609375000e+02
2.501578499999999985e+04 7.392524414062500000e+02
2.501586799999999857e+04 7.392587890625000000e+02
2.501595100000000093e+04 7.392647094726562500e+02
2.501603399999999965e+04 7.392703857421875000e+02
2.501611699999999837e+04 7.392762451171875000e+02
2.501620000000000073e+04 7.392831420898437500e+02
2.501628299999999945e+04 7.392913208007812500e+02
2.501636600000000180e+04 7.392989501953125000e+02
2.501644900000000052e+04 7.392994995117187500e+02
2.501653199999999924e+04 7.392786865234375000e+02
2.501661500000000160e+04 7.392264404296875000e+02
2.501669800000000032e+04 7.391989746093750000e+02
2.501678099999999904e+04 7.392045288085937500e+02
2.501686400000000140e+04 7.392111206054687500e+02
2.501694700000000012e+04 7.392168579101562500e+02
2.501702999999999884e+04 7.392232055664062500e+02
2.501711300000000119e+04 7.392290039062500000e+02
2.501719599999999991e+04 7.392359008789062500e+02
2.501727899999999863e+04 7.392439575195312500e+02
2.501736200000000099e+04 7.392515869140625000e+02
2.501744499999999971e+04 7.392548828125000000e+02
2.501752799999999843e+04 7.392445678710937500e+02
2.501761100000000079e+04 7.391873779296875000e+02
2.501769399999999951e+04 7.391599121093750000e+02
2.501777699999999822e+04 7.391654663085937500e+02
2.501786000000000058e+04 7.391719970703125000e+02
2.501794299999999930e+04 7.391777954101562500e+02
2.501802600000000166e+04 7.391840820312500000e+02
2.501810900000000038e+04 7.391899414062500000e+02
2.501819199999999910e+04 7.391964721679687500e+02
2.501827500000000146e+04 7.392045288085937500e+02
2.501835800000000017e+04 7.392127075195312500e+02
2.501844099999999889e+04 7.392160034179687500e+02
2.501852400000000125e+04 7.392063598632812500e+02
2.501860699999999997e+04 7.391491699218750000e+02
2.501868999999999869e+04 7.391216430664062500e+02
2.501877300000000105e+04 7.391272583007812500e+02
2.501885599999999977e+04 7.391337890625000000e+02
2.501893899999999849e+04 7.391395263671875000e+02
2.501902200000000084e+04 7.391458740234375000e+02
2.501910499999999956e+04 7.391516723632812500e+02
2.501918799999999828e+04 7.391582641601562500e+02
2.501927100000000064e+04 7.391663208007812500e+02
2.501935399999999936e+04 7.391744384765625000e+02
2.501943700000000172e+04 7.391777343750000000e+02
2.501952000000000044e+04 7.391681518554687500e+02
2.501960299999999916e+04 7.391108398437500000e+02
2.501968600000000151e+04 7.390833740234375000e+02
2.501976900000000023e+04 7.390889282226562500e+02
2.501985199999999895e+04 7.390954589843750000e+02
2.501993500000000131e+04 7.391012573242187500e+02
