2.500009800000000178e+04 1.312510620117187500e+03
2.500018100000000049e+04 1.312514648437500000e+03
2.500026399999999921e+04 1.312519531250000000e+03
2.500034700000000157e+04 1.312525024414062500e+03
2.500043000000000029e+04 1.312530517578125000e+03
2.500051299999999901e+04 1.312536499023437500e+03
2.500059600000000137e+04 1.312816162109375000e+03
2.500067900000000009e+04 1.312821411132812500e+03
2.500076199999999881e+04 1.312861938476562500e+03
2.500084500000000116e+04 1.312865722656250000e+03
2.500092799999999988e+04 1.312868652343750000e+03
2.500101099999999860e+04 1.312872070312500000e+03
2.500109400000000096e+04 1.312875488281250000e+03
2.500117699999999968e+04 1.312879272460937500e+03
2.500125999999999840e+04 1.312884155273437500e+03
2.500134300000000076e+04 1.312889526367187500e+03
2.500142599999999948e+04 1.312895019531250000e+03
2.500150899999999820e+04 1.312901000976562500e+03
2.500159200000000055e+04 1.312994873046875000e+03
2.500167499999999927e+04 1.313000122070312500e+03
2.500175800000000163e+04 1.313032348632812500e+03
2.500184100000000035e+04 1.313036132812500000e+03
2.500192399999999907e+04 1.313039062500000000e+03
2.500200700000000143e+04 1.313042480468750000e+03
2.500209000000000015e+04 1.313045898437500000e+03
2.500217299999999886e+04 1.313049682617187500e+03
2.500225600000000122e+04 1.313054565429687500e+03
2.500233899999999994e+04 1.313059936523437500e+03
2.500242199999999866e+04 1.313065429687500000e+03
2.500250500000000102e+04 1.313071411132812500e+03
2.500258799999999974e+04 1.313154418945312500e+03
2.500267099999999846e+04 1.313159667968750000e+03
2.500275400000000081e+04 1.313188598632812500e+03
2.500283699999999953e+04 1.313192260742187500e+03
2.500291999999999825e+04 1.313195312500000000e+03
2.500300300000000061e+04 1.313198730468750000e+03
2.500308599999999933e+04 1.313202148437500000e+03
2.500316900000000169e+04 1.313205932617187500e+03
2.500325200000000041e+04 1.313210693359375000e+03
2.500333499999999913e+04 1.313216064453125000e+03
2.500341800000000148e+04 1.313221679687500000e+03
2.500350100000000020e+04 1.313227539062500000e+03
2.500358399999999892e+04 1.313302490234375000e+03
2.500366700000000128e+04 1.313307617187500000e+03
2.500375000000000000e+04 1.313334106445312500e+03
2.500383299999999872e+04 1.313337768554687500e+03
2.500391600000000108e+04 1.313340820312500000e+03
2.500399899999999980e+04 1.313344238281250000e+03
2.500408199999999852e+04 1.313347656250000000e+03
2.500416500000000087e+04 1.313351318359375000e+03
2.500424799999999959e+04 1.313356201171875000e+03
2.500433099999999831e+04 1.313361572265625000e+03
2.500441400000000067e+04 1.313367065429687500e+03
2.500449699999999939e+04 1.313373046875000000e+03
2.500458000000000175e+04 1.313441528320312500e+03
2.500466300000000047e+04 1.313446899414062500e+03
2.500474599999999919e+04 1.313471435546875000e+03
2.500482900000000154e+04 1.313475341796875000e+03
2.500491200000000026e+04 1.313478393554687500e+03
2.500499499999999898e+04 1.313481811523437500e+03
2.500507800000000134e+04 1.313485229492187500e+03
2.500516100000000006e+04 1.313488891601562500e+03
2.500524399999999878e+04 1.313493530273437500e+03
2.500532700000000114e+04 1.313498779296875000e+03
2.500540999999999985e+04 1.313504272460937500e+03
2.500549299999999857e+04 1.313510131835937500e+03
2.500557600000000093e+04 1.313573486328125000e+03
2.500565899999999965e+04 1.313578857421875000e+03
2.500574199999999837e+04 1.313601684570312500e+03
2.500582500000000073e+04 1.313605590820312500e+03
2.500590799999999945e+04 1.313608764648437500e+03
2.500599100000000180e+04 1.313612060546875000e+03
2.500607400000000052e+04 1.313615478515625000e+03
2.500615699999999924e+04 1.313619262695312500e+03
2.500624000000000160e+04 1.313623779296875000e+03
2.500632300000000032e+04 1.313629028320312500e+03
2.500640599999999904e+04 1.313634643554687500e+03
2.500648900000000140e+04 1.313640502929687500e+03
2.500657200000000012e+04 1.313699462890625000e+03
2.500665499999999884e+04 1.313704833984375000e+03
2.500673800000000119e+04 1.313726440429687500e+03
2.500682099999999991e+04 1.313730346679687500e+03
2.500690399999999863e+04 1.313733520507812500e+03
2.500698700000000099e+04 1.313736816406250000e+03
2.500706999999999971e+04 1.313740234375000000e+03
2.500715299999999843e+04 1.313743896484375000e+03
2.500723600000000079e+04 1.313748535156250000e+03
2.500731899999999951e+04 1.313753784179687500e+03
2.500740199999999822e+04 1.313759277343750000e+03
2.500748500000000058e+04 1.313765136718750000e+03
2.500756799999999930e+04 1.313820678710937500e+03
2.500765100000000166e+04 1.313826049804687500e+03
2.500773400000000038e+04 1.313846435546875000e+03
2.500781699999999910e+04 1.313850341796875000e+03
2.500790000000000146e+04 1.313853515625000000e+03
2.500798300000000017e+04 1.313856811523437500e+03
2.500806599999999889e+04 1.313860229492187500e+03
2.500814900000000125e+04 1.313863891601562500e+03
2.500823199999999997e+04 1.313868530273437500e+03
2.500831499999999869e+04 1.313873779296875000e+03
2.500839800000000105e+04 1.313879272460937500e+03
2.500848099999999977e+04 1.313885131835937500e+03
2.500856399999999849e+04 1.313937500000000000e+03
2.500864700000000084e+04 1.313942993164062500e+03
2.500872999999999956e+04 1.313962768554687500e+03
2.500881299999999828e+04 1.313966674804687500e+03
2.500889600000000064e+04 1.313969970703125000e+03
2.500897899999999936e+04 1.313973266601562500e+03
2.500906200000000172e+04 1.313976684570312500e+03
2.500914500000000044e+04 1.313980346679687500e+03
2.500922799999999916e+04 1.313984741210937500e+03
2.500931100000000151e+04 1.313989868164062500e+03
2.500939400000000023e+04 1.313995361328125000e+03
2.500947699999999895e+04 1.314001098632812500e+03
2.500956000000000131e+04 1.314050903320312500e+03
2.500964300000000003e+04 1.314056396484375000e+03
2.500972599999999875e+04 1.314075317382812500e+03
2.500980900000000111e+04 1.314079223632812500e+03
2.500989199999999983e+04 1.314082519531250000e+03
2.500997499999999854e+04 1.314085815429687500e+03
2.501005800000000090e+04 1.313652832031250000e+03
2.501014099999999962e+04 1.313656494140625000e+03
2.501022399999999834e+04 1.313660888671875000e+03
2.501030700000000070e+04 1.313666015625000000e+03
2.501038999999999942e+04 1.313671508789062500e+03
2.501047300000000178e+04 1.313677246093750000e+03
2.501055600000000049e+04 1.313724853515625000e+03
2.501063899999999921e+04 1.313730346679687500e+03
2.501072200000000157e+04 1.313748413085937500e+03
2.501080500000000029e+04 1.313752441406250000e+03
2.501088799999999901e+04 1.313755737304687500e+03
2.501097100000000137e+04 1.313759033203125000e+03
2.501105400000000009e+04 1.313762451171875000e+03
2.501113699999999881e+04 1.313765991210937500e+03
2.501122000000000116e+04 1.313770385742187500e+03
2.501130299999999988e+04 1.313775634765625000e+03
2.501138599999999860e+04 1.313781127929687500e+03
2.501146900000000096e+04 1.313786865234375000e+03
2.501155199999999968e+04 1.313832519531250000e+03
2.501163499999999840e+04 1.313838012695312500e+03
2.501171800000000076e+04 1.313855468750000000e+03
2.501180099999999948e+04 1.313859497070312500e+03
2.501188399999999820e+04 1.313862792968750000e+03
2.501196700000000055e+04 1.313865966796875000e+03
2.501204999999999927e+04 1.313869384765625000e+03
2.501213300000000163e+04 1.313873046875000000e+03
2.501221600000000035e+04 1.313877441406250000e+03
2.501229899999999907e+04 1.313882568359375000e+03
2.501238200000000143e+04 1.313888061523437500e+03
2.501246500000000015e+04 1.313893798828125000e+03
2.501254799999999886e+04 1.313937744140625000e+03
2.501263100000000122e+04 1.313943237304687500e+03
2.501271399999999994e+04 1.313960327148437500e+03
2.501279699999999866e+04 1.313964477539062500e+03
2.501288000000000102e+04 1.313967895507812500e+03
2.501296299999999974e+04 1.313971069335937500e+03
2.501304599999999846e+04 1.313974487304687500e+03
2.501312900000000081e+04 1.313978027343750000e+03
2.501321199999999953e+04 1.313982421875000000e+03
2.501329499999999825e+04 1.313987426757812500e+03
2.501337800000000061e+04 1.313992919921875000e+03
2.501346099999999933e+04 1.313998657226562500e+03
2.501354400000000169e+04 1.314041015625000000e+03
2.501362700000000041e+04 1.314046630859375000e+03
2.501370999999999913e+04 1.314063232421875000e+03
2.501379300000000148e+04 1.314067382812500000e+03
2.501387600000000020e+04 1.314070800781250000e+03
2.501395899999999892e+04 1.314073974609375000e+03
2.501404200000000128e+04 1.314077392578125000e+03
2.501412500000000000e+04 1.314081054687500000e+03
2.501420799999999872e+04 1.314085205078125000e+03
2.501429100000000108e+04 1.314090209960937500e+03
2.501437399999999980e+04 1.314095703125000000e+03
2.501445699999999852e+04 1.314101318359375000e+03
2.501454000000000087e+04 1.314142333984375000e+03
2.501462299999999959e+04 1.314148071289062500e+03
2.501470599999999831e+04 1.314164184570312500e+03
2.501478900000000067e+04 1.314168334960937500e+03
2.501487199999999939e+04 1.314171875000000000e+03
2.501495500000000175e+04 1.314174926757812500e+03
2.501503800000000047e+04 1.314178466796875000e+03
2.501512099999999919e+04 1.314182006835937500e+03
2.501520400000000154e+04 1.314186157226562500e+03
2.501528700000000026e+04 1.314191162109375000e+03
2.501536999999999898e+04 1.314196655273437500e+03
2.501545300000000134e+04 1.314202270507812500e+03
2.501553600000000006e+04 1.314242187500000000e+03
2.501561899999999878e+04 1.314247802734375000e+03
2.501570200000000114e+04 1.314263671875000000e+03
2.501578499999999985e+04 1.314267822265625000e+03
2.501586799999999857e+04 1.314271240234375000e+03
2.501595100000000093e+04 1.314274414062500000e+03
2.501603399999999965e+04 1.314277832031250000e+03
2.501611699999999837e+04 1.314281250000000000e+03
2.501620000000000073e+04 1.314285522460937500e+03
2.501628299999999945e+04 1.314290527343750000e+03
2.501636600000000180e+04 1.314295898437500000e+03
2.501644900000000052e+04 1.314301635742187500e+03
2.501653199999999924e+04 1.314340454101562500e+03
2.501661500000000160e+04 1.314346069335937500e+03
2.501669800000000032e+04 1.314361694335937500e+03
2.501678099999999904e+04 1.314365966796875000e+03
2.501686400000000140e+04 1.314369628906250000e+03
2.501694700000000012e+04 1.314372680664062500e+03
2.501702999999999884e+04 1.314376098632812500e+03
2.501711300000000119e+04 1.314379516601562500e+03
2.501719599999999991e+04 1.314383789062500000e+03
2.501727899999999863e+04 1.314388671875000000e+03
2.501736200000000099e+04 1.314394165039062500e+03
2.501744499999999971e+04 1.314399780273437500e+03
2.501752799999999843e+04 1.314437622070312500e+03
2.501761100000000079e+04 1.314443359375000000e+03
2.501769399999999951e+04 1.314458740234375000e+03
2.501777699999999822e+04 1.314463012695312500e+03
2.501786000000000058e+04 1.314466552734375000e+03
2.501794299999999930e+04 1.314469604492187500e+03
2.501802600000000166e+04 1.314473022460937500e+03
2.501810900000000038e+04 1.314476562500000000e+03
2.501819199999999910e+04 1.314480468750000000e+03
2.501827500000000146e+04 1.314485473632812500e+03
2.501835800000000017e+04 1.314490844726562500e+03
2.501844099999999889e+04 1.314496459960937500e+03
2.501852400000000125e+04 1.314533447265625000e+03
2.501860699999999997e+04 1.314539184570312500e+03
2.501868999999999869e+04 1.314554321289062500e+03
2.501877300000000105e+04 1.314558593750000000e+03
2.501885599999999977e+04 1.314562133789062500e+03
2.501893899999999849e+04 1.314565185546875000e+03
2.501902200000000084e+04 1.314568603515625000e+03
2.501910499999999956e+04 1.314572143554687500e+03
2.501918799999999828e+04 1.314576049804687500e+03
2.501927100000000064e+04 1.314581054687500000e+03
2.501935399999999936e+04 1.314586425781250000e+03
2.501943700000000172e+04 1.314592041015625000e+03
2.501952000000000044e+04 1.314628295898437500e+03
2.501960299999999916e+04 1.314634033203125000e+03
2.501968600000000151e+04 1.314648803710937500e+03
2.501976900000000023e+04 1.314653076171875000e+03
2.501985199999999895e+04 1.314656738281250000e+03
2.501993500000000131e+04 1.314659790039062500e+03
