2.500009800000000178e+04 3.092250823974609375e+00
2.500018100000000049e+04 3.092193603515625000e+00
2.500026399999999921e+04 3.091634273529052734e+00
2.500034700000000157e+04 3.091041803359985352e+00
2.500043000000000029e+04 3.090359210968017578e+00
2.500051299999999901e+04 3.089706420898437500e+00
2.500059600000000137e+04 3.092263936996459961e+00
2.500067900000000009e+04 3.092343330383300781e+00
2.500076199999999881e+04 3.093304157257080078e+00
2.500084500000000116e+04 3.093449354171752930e+00
2.500092799999999988e+04 3.093468666076660156e+00
2.500101099999999860e+04 3.093562126159667969e+00
2.500109400000000096e+04 3.093653917312622070e+00
2.500117699999999968e+04 3.093576908111572266e+00
2.500125999999999840e+04 3.093013286590576172e+00
2.500134300000000076e+04 3.092427730560302734e+00
2.500142599999999948e+04 3.091742753982543945e+00
2.500150899999999820e+04 3.091094493865966797e+00
2.500159200000000055e+04 3.093448400497436523e+00
2.500167499999999927e+04 3.093714952468872070e+00
2.500175800000000163e+04 3.094678401947021484e+00
2.500184100000000035e+04 3.094826698303222656e+00
2.500192399999999907e+04 3.094848155975341797e+00
2.500200700000000143e+04 3.094944238662719727e+00
2.500209000000000015e+04 3.095038175582885742e+00
2.500217299999999886e+04 3.094961404800415039e+00
2.500225600000000122e+04 3.094397783279418945e+00
2.500233899999999994e+04 3.093812704086303711e+00
2.500242199999999866e+04 3.093128442764282227e+00
2.500250500000000102e+04 3.092480659484863281e+00
2.500258799999999974e+04 3.094836473464965820e+00
2.500267099999999846e+04 3.095102310180664062e+00
2.500275400000000081e+04 3.096066474914550781e+00
2.500283699999999953e+04 3.096215248107910156e+00
2.500291999999999825e+04 3.096236944198608398e+00
2.500300300000000061e+04 3.096333265304565430e+00
2.500308599999999933e+04 3.096426963806152344e+00
2.500316900000000169e+04 3.096350193023681641e+00
2.500325200000000041e+04 3.095786571502685547e+00
2.500333499999999913e+04 3.095201492309570312e+00
2.500341800000000148e+04 3.094516992568969727e+00
2.500350100000000020e+04 3.093869209289550781e+00
2.500358399999999892e+04 3.096226215362548828e+00
2.500366700000000128e+04 3.096491575241088867e+00
2.500375000000000000e+04 3.097455978393554688e+00
2.500383299999999872e+04 3.097604990005493164e+00
2.500391600000000108e+04 3.097626686096191406e+00
2.500399899999999980e+04 3.097723007202148438e+00
2.500408199999999852e+04 3.097816467285156250e+00
2.500416500000000087e+04 3.097738027572631836e+00
2.500424799999999959e+04 3.097177982330322266e+00
2.500433099999999831e+04 3.096592664718627930e+00
2.500441400000000067e+04 3.095907926559448242e+00
2.500449699999999939e+04 3.095208883285522461e+00
2.500458000000000175e+04 3.097589969635009766e+00
2.500466300000000047e+04 3.097864389419555664e+00
2.500474599999999919e+04 3.098824739456176758e+00
2.500482900000000154e+04 3.099038362503051758e+00
2.500491200000000026e+04 3.099076271057128906e+00
2.500499499999999898e+04 3.099176406860351562e+00
2.500507800000000134e+04 3.099267244338989258e+00
2.500516100000000006e+04 3.099193334579467773e+00
2.500524399999999878e+04 3.098637819290161133e+00
2.500532700000000114e+04 3.098060607910156250e+00
2.500540999999999985e+04 3.097386360168457031e+00
2.500549299999999857e+04 3.096731901168823242e+00
2.500557600000000093e+04 3.098423004150390625e+00
2.500565899999999965e+04 3.099332571029663086e+00
2.500574199999999837e+04 3.100085258483886719e+00
2.500582500000000073e+04 3.100368738174438477e+00
2.500590799999999945e+04 3.100399732589721680e+00
2.500599100000000180e+04 3.100345849990844727e+00
2.500607400000000052e+04 3.100465774536132812e+00
2.500615699999999924e+04 3.099920272827148438e+00
2.500624000000000160e+04 3.099364519119262695e+00
2.500632300000000032e+04 3.098727464675903320e+00
2.500640599999999904e+04 3.098057270050048828e+00
2.500648900000000140e+04 3.097406625747680664e+00
2.500657200000000012e+04 3.099530220031738281e+00
2.500665499999999884e+04 3.100509881973266602e+00
2.500673800000000119e+04 3.101263761520385742e+00
2.500682099999999991e+04 3.101547718048095703e+00
2.500690399999999863e+04 3.101578235626220703e+00
2.500698700000000099e+04 3.101523160934448242e+00
2.500706999999999971e+04 3.101664781570434570e+00
2.500715299999999843e+04 3.101144075393676758e+00
2.500723600000000079e+04 3.100569725036621094e+00
2.500731899999999951e+04 3.099918603897094727e+00
2.500740199999999822e+04 3.099237680435180664e+00
2.500748500000000058e+04 3.098530054092407227e+00
2.500756799999999930e+04 3.100674867630004883e+00
2.500765100000000166e+04 3.101667165756225586e+00
2.500773400000000038e+04 3.102428436279296875e+00
2.500781699999999910e+04 3.102717161178588867e+00
2.500790000000000146e+04 3.102750301361083984e+00
2.500798300000000017e+04 3.102695941925048828e+00
2.500806599999999889e+04 3.102815866470336914e+00
2.500814900000000125e+04 3.102304220199584961e+00
2.500823199999999997e+04 3.101736307144165039e+00
2.500831499999999869e+04 3.101087093353271484e+00
2.500839800000000105e+04 3.100406646728515625e+00
2.500848099999999977e+04 3.099747896194458008e+00
2.500856399999999849e+04 3.101878643035888672e+00
2.500864700000000084e+04 3.102859497070312500e+00
2.500872999999999956e+04 3.103600502014160156e+00
2.500881299999999828e+04 3.103944063186645508e+00
2.500889600000000064e+04 3.104004621505737305e+00
2.500897899999999936e+04 3.103994131088256836e+00
2.500906200000000172e+04 3.104040384292602539e+00
2.500914500000000044e+04 3.103975772857666016e+00
2.500922799999999916e+04 3.103429317474365234e+00
2.500931100000000151e+04 3.102859258651733398e+00
2.500939400000000023e+04 3.102257490158081055e+00
2.500947699999999895e+04 3.101594448089599609e+00
2.500956000000000131e+04 3.101094722747802734e+00
2.500964300000000003e+04 3.104536533355712891e+00
2.500972599999999875e+04 3.104393243789672852e+00
2.500980900000000111e+04 3.105167150497436523e+00
2.500989199999999983e+04 3.105231523513793945e+00
2.500997499999999854e+04 3.105171203613281250e+00
2.501005800000000090e+04 3.104717969894409180e+00
2.501014099999999962e+04 3.099249839782714844e+00
2.501022399999999834e+04 3.098506689071655273e+00
2.501030700000000070e+04 3.097794532775878906e+00
2.501038999999999942e+04 3.097023248672485352e+00
2.501047300000000178e+04 3.096282958984375000e+00
2.501055600000000049e+04 3.095782995223999023e+00
2.501063899999999921e+04 3.099894285202026367e+00
2.501072200000000157e+04 3.099721193313598633e+00
2.501080500000000029e+04 3.100471496582031250e+00
2.501088799999999901e+04 3.100515842437744141e+00
2.501097100000000137e+04 3.100440025329589844e+00
2.501105400000000009e+04 3.099963188171386719e+00
2.501113699999999881e+04 3.099481821060180664e+00
2.501122000000000116e+04 3.098926305770874023e+00
2.501130299999999988e+04 3.098354101181030273e+00
2.501138599999999860e+04 3.097687244415283203e+00
2.501146900000000096e+04 3.097024679183959961e+00
2.501155199999999968e+04 3.096582412719726562e+00
2.501163499999999840e+04 3.100760698318481445e+00
2.501171800000000076e+04 3.100619077682495117e+00
2.501180099999999948e+04 3.101398706436157227e+00
2.501188399999999820e+04 3.101462841033935547e+00
2.501196700000000055e+04 3.101401805877685547e+00
2.501204999999999927e+04 3.100941419601440430e+00
2.501213300000000163e+04 3.100410699844360352e+00
2.501221600000000035e+04 3.099878311157226562e+00
2.501229899999999907e+04 3.099320173263549805e+00
2.501238200000000143e+04 3.098662614822387695e+00
2.501246500000000015e+04 3.098006248474121094e+00
2.501254799999999886e+04 3.097568035125732422e+00
2.501263100000000122e+04 3.101766109466552734e+00
2.501271399999999994e+04 3.101625442504882812e+00
2.501279699999999866e+04 3.102467060089111328e+00
2.501288000000000102e+04 3.102562189102172852e+00
2.501296299999999974e+04 3.102593660354614258e+00
2.501304599999999846e+04 3.102615594863891602e+00
2.501312900000000081e+04 3.102146625518798828e+00
2.501321199999999953e+04 3.101594924926757812e+00
2.501329499999999825e+04 3.101023912429809570e+00
2.501337800000000061e+04 3.100364685058593750e+00
2.501346099999999933e+04 3.099696636199951172e+00
2.501354400000000169e+04 3.099238395690917969e+00
2.501362700000000041e+04 3.102995634078979492e+00
2.501370999999999913e+04 3.102830410003662109e+00
2.501379300000000148e+04 3.103668212890625000e+00
2.501387600000000020e+04 3.103761672973632812e+00
2.501395899999999892e+04 3.103792905807495117e+00
2.501404200000000128e+04 3.103813648223876953e+00
2.501412500000000000e+04 3.103344917297363281e+00
2.501420799999999872e+04 3.102794408798217773e+00
2.501429100000000108e+04 3.102228164672851562e+00
2.501437399999999980e+04 3.101570129394531250e+00
2.501445699999999852e+04 3.100902318954467773e+00
2.501454000000000087e+04 3.100444555282592773e+00
2.501462299999999959e+04 3.104200601577758789e+00
2.501470599999999831e+04 3.104035615921020508e+00
2.501478900000000067e+04 3.104874134063720703e+00
2.501487199999999939e+04 3.104968786239624023e+00
2.501495500000000175e+04 3.105000734329223633e+00
2.501503800000000047e+04 3.105022430419921875e+00
2.501512099999999919e+04 3.104554176330566406e+00
2.501520400000000154e+04 3.104004859924316406e+00
2.501528700000000026e+04 3.103439331054687500e+00
2.501536999999999898e+04 3.102782011032104492e+00
2.501545300000000134e+04 3.102115392684936523e+00
2.501553600000000006e+04 3.101658582687377930e+00
2.501561899999999878e+04 3.105416774749755859e+00
2.501570200000000114e+04 3.105252504348754883e+00
2.501578499999999985e+04 3.106092453002929688e+00
2.501586799999999857e+04 3.106188058853149414e+00
2.501595100000000093e+04 3.106221199035644531e+00
2.501603399999999965e+04 3.106243610382080078e+00
2.501611699999999837e+04 3.105776071548461914e+00
2.501620000000000073e+04 3.105231046676635742e+00
2.501628299999999945e+04 3.104666709899902344e+00
2.501636600000000180e+04 3.104009866714477539e+00
2.501644900000000052e+04 3.103343725204467773e+00
2.501653199999999924e+04 3.102887153625488281e+00
2.501661500000000160e+04 3.106646776199340820e+00
2.501669800000000032e+04 3.106482505798339844e+00
2.501678099999999904e+04 3.107378244400024414e+00
2.501686400000000140e+04 3.107505321502685547e+00
2.501694700000000012e+04 3.107536554336547852e+00
2.501702999999999884e+04 3.107646465301513672e+00
2.501711300000000119e+04 3.107713222503662109e+00
2.501719599999999991e+04 3.107160091400146484e+00
2.501727899999999863e+04 3.106586694717407227e+00
2.501736200000000099e+04 3.105995416641235352e+00
2.501744499999999971e+04 3.105287790298461914e+00
2.501752799999999843e+04 3.104769706726074219e+00
2.501761100000000079e+04 3.107920408248901367e+00
2.501769399999999951e+04 3.107907056808471680e+00
2.501777699999999822e+04 3.108805894851684570e+00
2.501786000000000058e+04 3.108936548233032227e+00
2.501794299999999930e+04 3.109008789062500000e+00
2.501802600000000166e+04 3.109141111373901367e+00
2.501810900000000038e+04 3.109137535095214844e+00
2.501819199999999910e+04 3.108590841293334961e+00
2.501827500000000146e+04 3.108025789260864258e+00
2.501835800000000017e+04 3.107374906539916992e+00
2.501844099999999889e+04 3.106702089309692383e+00
2.501852400000000125e+04 3.106077432632446289e+00
2.501860699999999997e+04 3.109379053115844727e+00
2.501868999999999869e+04 3.109280586242675781e+00
2.501877300000000105e+04 3.110231399536132812e+00
2.501885599999999977e+04 3.110359430313110352e+00
2.501893899999999849e+04 3.110390901565551758e+00
2.501902200000000084e+04 3.110500812530517578e+00
2.501910499999999956e+04 3.110526561737060547e+00
2.501918799999999828e+04 3.109989881515502930e+00
2.501927100000000064e+04 3.109432220458984375e+00
2.501935399999999936e+04 3.108786344528198242e+00
2.501943700000000172e+04 3.108117341995239258e+00
2.501952000000000044e+04 3.107495069503784180e+00
2.501960299999999916e+04 3.110795021057128906e+00
2.501968600000000151e+04 3.110697031021118164e+00
2.501976900000000023e+04 3.111647605895996094e+00
2.501985199999999895e+04 3.111775636672973633e+00
2.501993500000000131e+04 3.111807107925415039e+00
