2.500009800000000178e+04 9.043766021728515625e+00
2.500018100000000049e+04 7.375969409942626953e+00
2.500026399999999921e+04 6.046162605285644531e+00
2.500034700000000157e+04 4.981450557708740234e+00
2.500043000000000029e+04 4.582993984222412109e+00
2.500051299999999901e+04 6.208184719085693359e+00
2.500059600000000137e+04 1.270446681976318359e+01
2.500067900000000009e+04 9.873544692993164062e+00
2.500076199999999881e+04 1.004957675933837891e+01
2.500084500000000116e+04 9.569979667663574219e+00
2.500092799999999988e+04 7.984253883361816406e+00
2.500101099999999860e+04 6.671018123626708984e+00
2.500109400000000096e+04 5.603864192962646484e+00
2.500117699999999968e+04 4.729149341583251953e+00
2.500125999999999840e+04 4.008204936981201172e+00
2.500134300000000076e+04 3.408191919326782227e+00
2.500142599999999948e+04 2.919086694717407227e+00
2.500150899999999820e+04 4.117206096649169922e+00
2.500159200000000055e+04 1.206714820861816406e+01
2.500167499999999927e+04 1.076848506927490234e+01
2.500175800000000163e+04 9.720669746398925781e+00
2.500184100000000035e+04 9.678173065185546875e+00
2.500192399999999907e+04 8.276880264282226562e+00
2.500200700000000143e+04 7.072179317474365234e+00
2.500209000000000015e+04 6.068678379058837891e+00
2.500217299999999886e+04 5.227266788482666016e+00
2.500225600000000122e+04 4.519594192504882812e+00
2.500233899999999994e+04 3.917577028274536133e+00
2.500242199999999866e+04 3.416201829910278320e+00
2.500250500000000102e+04 4.899664878845214844e+00
2.500258799999999974e+04 1.212816619873046875e+01
2.500267099999999846e+04 1.027001285552978516e+01
2.500275400000000081e+04 9.768421173095703125e+00
2.500283699999999953e+04 9.700506210327148438e+00
2.500291999999999825e+04 8.436039924621582031e+00
2.500300300000000061e+04 7.339083194732666016e+00
2.500308599999999933e+04 6.403789043426513672e+00
2.500316900000000169e+04 5.608180522918701172e+00
2.500325200000000041e+04 4.924934864044189453e+00
2.500333499999999913e+04 4.334616184234619141e+00
2.500341800000000148e+04 3.832112312316894531e+00
2.500350100000000020e+04 5.578527450561523438e+00
2.500358399999999892e+04 1.162453556060791016e+01
2.500366700000000128e+04 1.069645404815673828e+01
2.500375000000000000e+04 9.751478195190429688e+00
2.500383299999999872e+04 9.712740898132324219e+00
2.500391600000000108e+04 8.571444511413574219e+00
2.500399899999999980e+04 7.558197498321533203e+00
2.500408199999999852e+04 6.682080268859863281e+00
2.500416500000000087e+04 5.926239490509033203e+00
2.500424799999999959e+04 5.270135402679443359e+00
2.500433099999999831e+04 4.692118644714355469e+00
2.500441400000000067e+04 4.198322296142578125e+00
2.500449699999999939e+04 6.175885200500488281e+00
2.500458000000000175e+04 1.185384178161621094e+01
2.500466300000000047e+04 1.026284885406494141e+01
2.500474599999999919e+04 1.016005802154541016e+01
2.500482900000000154e+04 9.796944618225097656e+00
2.500491200000000026e+04 9.529730796813964844e+00
2.500499499999999898e+04 8.504018783569335938e+00
2.500507800000000134e+04 7.598907947540283203e+00
2.500516100000000006e+04 6.802647113800048828e+00
2.500524399999999878e+04 6.109852790832519531e+00
2.500532700000000114e+04 5.494780063629150391e+00
2.500540999999999985e+04 4.958845615386962891e+00
2.500549299999999857e+04 6.680512905120849609e+00
2.500557600000000093e+04 1.017211914062500000e+01
2.500565899999999965e+04 1.147642326354980469e+01
2.500574199999999837e+04 9.769699096679687500e+00
2.500582500000000073e+04 9.753598213195800781e+00
2.500590799999999945e+04 9.598335266113281250e+00
2.500599100000000180e+04 8.642067909240722656e+00
2.500607400000000052e+04 7.790299415588378906e+00
2.500615699999999924e+04 7.035125732421875000e+00
2.500624000000000160e+04 6.369062900543212891e+00
2.500632300000000032e+04 5.775719642639160156e+00
2.500640599999999904e+04 5.252822399139404297e+00
2.500648900000000140e+04 7.115544795989990234e+00
2.500657200000000012e+04 1.045685005187988281e+01
2.500665499999999884e+04 1.082659530639648438e+01
2.500673800000000119e+04 1.004244899749755859e+01
2.500682099999999991e+04 9.769871711730957031e+00
2.500690399999999863e+04 9.645239830017089844e+00
2.500698700000000099e+04 8.753120422363281250e+00
2.500706999999999971e+04 7.938935756683349609e+00
2.500715299999999843e+04 7.221272945404052734e+00
2.500723600000000079e+04 6.582574367523193359e+00
2.500731899999999951e+04 6.009663105010986328e+00
2.500740199999999822e+04 5.502354621887207031e+00
2.500748500000000058e+04 7.497061729431152344e+00
2.500756799999999930e+04 1.031988048553466797e+01
2.500765100000000166e+04 1.105846595764160156e+01
2.500773400000000038e+04 9.911224365234375000e+00
2.500781699999999910e+04 9.777590751647949219e+00
2.500790000000000146e+04 9.670046806335449219e+00
2.500798300000000017e+04 8.821305274963378906e+00
2.500806599999999889e+04 8.060090065002441406e+00
2.500814900000000125e+04 7.374515533447265625e+00
2.500823199999999997e+04 6.760938644409179688e+00
2.500831499999999869e+04 6.206075191497802734e+00
2.500839800000000105e+04 5.714291572570800781e+00
2.500848099999999977e+04 7.792668342590332031e+00
2.500856399999999849e+04 1.057812309265136719e+01
2.500864700000000084e+04 1.052067756652832031e+01
2.500872999999999956e+04 1.045613288879394531e+01
2.500881299999999828e+04 9.794424057006835938e+00
2.500889600000000064e+04 9.746537208557128906e+00
2.500897899999999936e+04 8.938181877136230469e+00
2.500906200000000172e+04 8.206873893737792969e+00
2.500914500000000044e+04 7.543999195098876953e+00
2.500922799999999916e+04 6.946236133575439453e+00
2.500931100000000151e+04 6.410272121429443359e+00
2.500939400000000023e+04 5.924203395843505859e+00
2.500947699999999895e+04 7.392436504364013672e+00
2.500956000000000131e+04 9.968776702880859375e+00
2.500964300000000003e+04 1.149234580993652344e+01
2.500972599999999875e+04 9.935851097106933594e+00
2.500980900000000111e+04 9.829353332519531250e+00
2.500989199999999983e+04 9.702407836914062500e+00
2.500997499999999854e+04 8.941542625427246094e+00
2.501005800000000090e+04 8.243667602539062500e+00
2.501014099999999962e+04 7.595170974731445312e+00
2.501022399999999834e+04 7.028478145599365234e+00
2.501030700000000070e+04 6.508615016937255859e+00
2.501038999999999942e+04 6.042171478271484375e+00
2.501047300000000178e+04 7.576145648956298828e+00
2.501055600000000049e+04 9.932409286499023438e+00
2.501063899999999921e+04 1.161190223693847656e+01
2.501072200000000157e+04 9.901515960693359375e+00
2.501080500000000029e+04 9.814289093017578125e+00
2.501088799999999901e+04 9.706097602844238281e+00
2.501097100000000137e+04 8.982539176940917969e+00
2.501105400000000009e+04 8.312103271484375000e+00
2.501113699999999881e+04 7.701759815216064453e+00
2.501122000000000116e+04 7.152610778808593750e+00
2.501130299999999988e+04 6.647855758666992188e+00
2.501138599999999860e+04 6.193974494934082031e+00
2.501146900000000096e+04 7.777750968933105469e+00
2.501155199999999968e+04 9.909024238586425781e+00
2.501163499999999840e+04 1.184320354461669922e+01
2.501171800000000076e+04 9.871673583984375000e+00
2.501180099999999948e+04 9.823757171630859375e+00
2.501188399999999820e+04 9.731500625610351562e+00
2.501196700000000055e+04 9.034882545471191406e+00
2.501204999999999927e+04 8.390163421630859375e+00
2.501213300000000163e+04 7.797552108764648438e+00
2.501221600000000035e+04 7.263298511505126953e+00
2.501229899999999907e+04 6.774229049682617188e+00
2.501238200000000143e+04 6.334216594696044922e+00
2.501246500000000015e+04 7.974286556243896484e+00
2.501254799999999886e+04 9.893194198608398438e+00
2.501263100000000122e+04 1.181385517120361328e+01
2.501271399999999994e+04 9.884810447692871094e+00
2.501279699999999866e+04 1.004609966278076172e+01
2.501288000000000102e+04 9.781536102294921875e+00
2.501296299999999974e+04 9.109968185424804688e+00
2.501304599999999846e+04 8.480454444885253906e+00
2.501312900000000081e+04 7.904023647308349609e+00
2.501321199999999953e+04 7.380625724792480469e+00
2.501329499999999825e+04 6.905325412750244141e+00
2.501337800000000061e+04 6.464431762695312500e+00
2.501346099999999933e+04 7.438889503479003906e+00
2.501354400000000169e+04 9.788433074951171875e+00
2.501362700000000041e+04 1.189765357971191406e+01
2.501370999999999913e+04 9.952899932861328125e+00
2.501379300000000148e+04 9.952685356140136719e+00
2.501387600000000020e+04 9.797993659973144531e+00
2.501395899999999892e+04 9.146344184875488281e+00
2.501404200000000128e+04 8.535007476806640625e+00
2.501412500000000000e+04 7.978337764739990234e+00
2.501420799999999872e+04 7.468268871307373047e+00
2.501429100000000108e+04 6.997540950775146484e+00
2.501437399999999980e+04 6.569515228271484375e+00
2.501445699999999852e+04 7.564297199249267578e+00
2.501454000000000087e+04 9.796134948730468750e+00
2.501462299999999959e+04 1.205543422698974609e+01
2.501470599999999831e+04 9.938686370849609375e+00
2.501478900000000067e+04 9.998264312744140625e+00
2.501487199999999939e+04 9.805907249450683594e+00
2.501495500000000175e+04 9.174059867858886719e+00
2.501503800000000047e+04 8.581244468688964844e+00
2.501512099999999919e+04 8.038038253784179688e+00
2.501520400000000154e+04 7.542104721069335938e+00
2.501528700000000026e+04 7.082877635955810547e+00
2.501536999999999898e+04 6.666419506072998047e+00
2.501545300000000134e+04 7.688965320587158203e+00
2.501553600000000006e+04 9.811014175415039062e+00
2.501561899999999878e+04 1.203818035125732422e+01
2.501570200000000114e+04 9.955142974853515625e+00
2.501578499999999985e+04 9.984787940979003906e+00
2.501586799999999857e+04 9.818006515502929688e+00
2.501595100000000093e+04 9.204935073852539062e+00
2.501603399999999965e+04 8.628638267517089844e+00
2.501611699999999837e+04 8.094466209411621094e+00
2.501620000000000073e+04 7.608757972717285156e+00
2.501628299999999945e+04 7.162085533142089844e+00
2.501636600000000180e+04 6.752002239227294922e+00
2.501644900000000052e+04 7.800854206085205078e+00
2.501653199999999924e+04 9.834980964660644531e+00
2.501661500000000160e+04 1.201209163665771484e+01
2.501669800000000032e+04 9.991069793701171875e+00
2.501678099999999904e+04 1.042070579528808594e+01
2.501686400000000140e+04 9.836590766906738281e+00
2.501694700000000012e+04 9.243394851684570312e+00
2.501702999999999884e+04 8.677189826965332031e+00
2.501711300000000119e+04 8.157327651977539062e+00
2.501719599999999991e+04 7.675101757049560547e+00
2.501727899999999863e+04 7.235715389251708984e+00
2.501736200000000099e+04 6.828778743743896484e+00
2.501744499999999971e+04 7.902662277221679688e+00
2.501752799999999843e+04 9.821039199829101562e+00
2.501761100000000079e+04 1.124615669250488281e+01
2.501769399999999951e+04 1.040871524810791016e+01
2.501777699999999822e+04 1.011286258697509766e+01
2.501786000000000058e+04 9.936058998107910156e+00
2.501794299999999930e+04 9.278359413146972656e+00
2.501802600000000166e+04 8.713904380798339844e+00
2.501810900000000038e+04 8.200468063354492188e+00
2.501819199999999910e+04 7.732444763183593750e+00
2.501827500000000146e+04 7.302927494049072266e+00
2.501835800000000017e+04 6.902042388916015625e+00
2.501844099999999889e+04 7.251457691192626953e+00
2.501852400000000125e+04 9.825984001159667969e+00
2.501860699999999997e+04 1.146337413787841797e+01
2.501868999999999869e+04 1.028835201263427734e+01
2.501877300000000105e+04 1.021002292633056641e+01
2.501885599999999977e+04 9.927330017089843750e+00
2.501893899999999849e+04 9.288746833801269531e+00
2.501902200000000084e+04 8.751667976379394531e+00
2.501910499999999956e+04 8.243379592895507812e+00
2.501918799999999828e+04 7.785758972167968750e+00
2.501927100000000064e+04 7.359991550445556641e+00
2.501935399999999936e+04 6.967978000640869141e+00
2.501943700000000172e+04 7.333977699279785156e+00
2.501952000000000044e+04 9.838953971862792969e+00
2.501960299999999916e+04 1.132795238494873047e+01
2.501968600000000151e+04 1.031779289245605469e+01
2.501976900000000023e+04 1.008220100402832031e+01
2.501985199999999895e+04 9.864919662475585938e+00
2.501993500000000131e+04 9.310099601745605469e+00
