2.500009800000000178e+04 0.000000000000000000e+00
2.500018100000000049e+04 0.000000000000000000e+00
2.500026399999999921e+04 0.000000000000000000e+00
2.500034700000000157e+04 0.000000000000000000e+00
2.500043000000000029e+04 0.000000000000000000e+00
2.500051299999999901e+04 7.143350982666015625e+01
2.500059600000000137e+04 1.805612182617187500e+02
2.500067900000000009e+04 1.372650146484375000e+02
2.500076199999999881e+04 7.398576140403747559e-01
2.500084500000000116e+04 0.000000000000000000e+00
2.500092799999999988e+04 0.000000000000000000e+00
2.500101099999999860e+04 0.000000000000000000e+00
2.500109400000000096e+04 0.000000000000000000e+00
2.500117699999999968e+04 0.000000000000000000e+00
2.500125999999999840e+04 0.000000000000000000e+00
2.500134300000000076e+04 0.000000000000000000e+00
2.500142599999999948e+04 0.000000000000000000e+00
2.500150899999999820e+04 4.908766937255859375e+01
2.500159200000000055e+04 1.688259124755859375e+02
2.500167499999999927e+04 1.330803985595703125e+02
2.500175800000000163e+04 1.597725749015808105e+00
2.500184100000000035e+04 0.000000000000000000e+00
2.500192399999999907e+04 0.000000000000000000e+00
2.500200700000000143e+04 0.000000000000000000e+00
2.500209000000000015e+04 0.000000000000000000e+00
2.500217299999999886e+04 0.000000000000000000e+00
2.500225600000000122e+04 0.000000000000000000e+00
2.500233899999999994e+04 0.000000000000000000e+00
2.500242199999999866e+04 0.000000000000000000e+00
2.500250500000000102e+04 5.544181823730468750e+01
2.500258799999999974e+04 1.692662658691406250e+02
2.500267099999999846e+04 1.348696441650390625e+02
2.500275400000000081e+04 2.193253040313720703e+00
2.500283699999999953e+04 0.000000000000000000e+00
2.500291999999999825e+04 0.000000000000000000e+00
2.500300300000000061e+04 0.000000000000000000e+00
2.500308599999999933e+04 0.000000000000000000e+00
2.500316900000000169e+04 0.000000000000000000e+00
2.500325200000000041e+04 0.000000000000000000e+00
2.500333499999999913e+04 0.000000000000000000e+00
2.500341800000000148e+04 0.000000000000000000e+00
2.500350100000000020e+04 5.587705993652343750e+01
2.500358399999999892e+04 1.744164428710937500e+02
2.500366700000000128e+04 1.368433227539062500e+02
2.500375000000000000e+04 2.688127040863037109e+00
2.500383299999999872e+04 0.000000000000000000e+00
2.500391600000000108e+04 0.000000000000000000e+00
2.500399899999999980e+04 0.000000000000000000e+00
2.500408199999999852e+04 0.000000000000000000e+00
2.500416500000000087e+04 0.000000000000000000e+00
2.500424799999999959e+04 0.000000000000000000e+00
2.500433099999999831e+04 0.000000000000000000e+00
2.500441400000000067e+04 0.000000000000000000e+00
2.500449699999999939e+04 6.089789199829101562e+01
2.500458000000000175e+04 1.786826782226562500e+02
2.500466300000000047e+04 1.626566619873046875e+02
2.500474599999999919e+04 3.115245819091796875e+01
2.500482900000000154e+04 0.000000000000000000e+00
2.500491200000000026e+04 0.000000000000000000e+00
2.500499499999999898e+04 0.000000000000000000e+00
2.500507800000000134e+04 0.000000000000000000e+00
2.500516100000000006e+04 0.000000000000000000e+00
2.500524399999999878e+04 0.000000000000000000e+00
2.500532700000000114e+04 0.000000000000000000e+00
2.500540999999999985e+04 0.000000000000000000e+00
2.500549299999999857e+04 4.596074295043945312e+01
2.500557600000000093e+04 1.548685455322265625e+02
2.500565899999999965e+04 1.632819366455078125e+02
2.500574199999999837e+04 3.182012748718261719e+01
2.500582500000000073e+04 0.000000000000000000e+00
2.500590799999999945e+04 0.000000000000000000e+00
2.500599100000000180e+04 0.000000000000000000e+00
2.500607400000000052e+04 0.000000000000000000e+00
2.500615699999999924e+04 0.000000000000000000e+00
2.500624000000000160e+04 0.000000000000000000e+00
2.500632300000000032e+04 0.000000000000000000e+00
2.500640599999999904e+04 0.000000000000000000e+00
2.500648900000000140e+04 4.999187850952148438e+01
2.500657200000000012e+04 1.555226745605468750e+02
2.500665499999999884e+04 1.644428558349609375e+02
2.500673800000000119e+04 3.180955505371093750e+01
2.500682099999999991e+04 2.347835712134838104e-02
2.500690399999999863e+04 0.000000000000000000e+00
2.500698700000000099e+04 0.000000000000000000e+00
2.500706999999999971e+04 0.000000000000000000e+00
2.500715299999999843e+04 0.000000000000000000e+00
2.500723600000000079e+04 0.000000000000000000e+00
2.500731899999999951e+04 0.000000000000000000e+00
2.500740199999999822e+04 0.000000000000000000e+00
2.500748500000000058e+04 5.022908401489257812e+01
2.500756799999999930e+04 1.584922790527343750e+02
2.500765100000000166e+04 1.651825561523437500e+02
2.500773400000000038e+04 3.246378326416015625e+01
2.500781699999999910e+04 5.688637495040893555e-02
2.500790000000000146e+04 0.000000000000000000e+00
2.500798300000000017e+04 0.000000000000000000e+00
2.500806599999999889e+04 0.000000000000000000e+00
2.500814900000000125e+04 0.000000000000000000e+00
2.500823199999999997e+04 0.000000000000000000e+00
2.500831499999999869e+04 0.000000000000000000e+00
2.500839800000000105e+04 0.000000000000000000e+00
2.500848099999999977e+04 5.342092514038085938e+01
2.500856399999999849e+04 1.587706909179687500e+02
2.500864700000000084e+04 1.927720489501953125e+02
2.500872999999999956e+04 6.524695587158203125e+01
2.500881299999999828e+04 5.029467344284057617e-01
2.500889600000000064e+04 0.000000000000000000e+00
2.500897899999999936e+04 0.000000000000000000e+00
2.500906200000000172e+04 0.000000000000000000e+00
2.500914500000000044e+04 0.000000000000000000e+00
2.500922799999999916e+04 0.000000000000000000e+00
2.500931100000000151e+04 0.000000000000000000e+00
2.500939400000000023e+04 0.000000000000000000e+00
2.500947699999999895e+04 3.906532669067382812e+01
2.500956000000000131e+04 1.305361633300781250e+02
2.500964300000000003e+04 1.782257385253906250e+02
2.500972599999999875e+04 6.209225082397460938e+01
2.500980900000000111e+04 2.391072362661361694e-01
2.500989199999999983e+04 0.000000000000000000e+00
2.500997499999999854e+04 0.000000000000000000e+00
2.501005800000000090e+04 0.000000000000000000e+00
2.501014099999999962e+04 0.000000000000000000e+00
2.501022399999999834e+04 0.000000000000000000e+00
2.501030700000000070e+04 0.000000000000000000e+00
2.501038999999999942e+04 0.000000000000000000e+00
2.501047300000000178e+04 3.921325683593750000e+01
2.501055600000000049e+04 1.308931427001953125e+02
2.501063899999999921e+04 1.787388763427734375e+02
2.501072200000000157e+04 6.244229125976562500e+01
2.501080500000000029e+04 2.801244556903839111e-01
2.501088799999999901e+04 0.000000000000000000e+00
2.501097100000000137e+04 0.000000000000000000e+00
2.501105400000000009e+04 0.000000000000000000e+00
2.501113699999999881e+04 0.000000000000000000e+00
2.501122000000000116e+04 0.000000000000000000e+00
2.501130299999999988e+04 0.000000000000000000e+00
2.501138599999999860e+04 0.000000000000000000e+00
2.501146900000000096e+04 3.934646224975585938e+01
2.501155199999999968e+04 1.329222259521484375e+02
2.501163499999999840e+04 1.792295227050781250e+02
2.501171800000000076e+04 6.276753234863281250e+01
2.501180099999999948e+04 3.158417344093322754e-01
2.501188399999999820e+04 0.000000000000000000e+00
2.501196700000000055e+04 0.000000000000000000e+00
2.501204999999999927e+04 0.000000000000000000e+00
2.501213300000000163e+04 0.000000000000000000e+00
2.501221600000000035e+04 0.000000000000000000e+00
2.501229899999999907e+04 0.000000000000000000e+00
2.501238200000000143e+04 0.000000000000000000e+00
2.501246500000000015e+04 3.948562622070312500e+01
2.501254799999999886e+04 1.333458557128906250e+02
2.501263100000000122e+04 1.798557128906250000e+02
2.501271399999999994e+04 9.484614562988281250e+01
2.501279699999999866e+04 1.303689718246459961e+00
2.501288000000000102e+04 0.000000000000000000e+00
2.501296299999999974e+04 0.000000000000000000e+00
2.501304599999999846e+04 0.000000000000000000e+00
2.501312900000000081e+04 0.000000000000000000e+00
2.501321199999999953e+04 0.000000000000000000e+00
2.501329499999999825e+04 0.000000000000000000e+00
2.501337800000000061e+04 0.000000000000000000e+00
2.501346099999999933e+04 2.599359703063964844e+01
2.501354400000000169e+04 1.109488296508789062e+02
2.501362700000000041e+04 1.808979797363281250e+02
2.501370999999999913e+04 9.291680145263671875e+01
2.501379300000000148e+04 1.424577951431274414e+00
2.501387600000000020e+04 0.000000000000000000e+00
2.501395899999999892e+04 0.000000000000000000e+00
2.501404200000000128e+04 0.000000000000000000e+00
2.501412500000000000e+04 0.000000000000000000e+00
2.501420799999999872e+04 0.000000000000000000e+00
2.501429100000000108e+04 0.000000000000000000e+00
2.501437399999999980e+04 0.000000000000000000e+00
2.501445699999999852e+04 2.607158851623535156e+01
2.501454000000000087e+04 1.128407211303710938e+02
2.501462299999999959e+04 1.828999633789062500e+02
2.501470599999999831e+04 9.354859924316406250e+01
2.501478900000000067e+04 1.490265607833862305e+00
2.501487199999999939e+04 0.000000000000000000e+00
2.501495500000000175e+04 0.000000000000000000e+00
2.501503800000000047e+04 0.000000000000000000e+00
2.501512099999999919e+04 0.000000000000000000e+00
2.501520400000000154e+04 0.000000000000000000e+00
2.501528700000000026e+04 0.000000000000000000e+00
2.501536999999999898e+04 0.000000000000000000e+00
2.501545300000000134e+04 2.658329772949218750e+01
2.501553600000000006e+04 1.130194778442382812e+02
2.501561899999999878e+04 1.841456909179687500e+02
2.501570200000000114e+04 9.378794860839843750e+01
2.501578499999999985e+04 1.568242430686950684e+00
2.501586799999999857e+04 0.000000000000000000e+00
2.501595100000000093e+04 0.000000000000000000e+00
2.501603399999999965e+04 0.000000000000000000e+00
2.501611699999999837e+04 0.000000000000000000e+00
2.501620000000000073e+04 0.000000000000000000e+00
2.501628299999999945e+04 0.000000000000000000e+00
2.501636600000000180e+04 0.000000000000000000e+00
2.501644900000000052e+04 2.825221633911132812e+01
2.501653199999999924e+04 1.131896972656250000e+02
2.501661500000000160e+04 1.847944335937500000e+02
2.501669800000000032e+04 1.252264785766601562e+02
2.501678099999999904e+04 2.931997299194335938e+00
2.501686400000000140e+04 0.000000000000000000e+00
2.501694700000000012e+04 0.000000000000000000e+00
2.501702999999999884e+04 0.000000000000000000e+00
2.501711300000000119e+04 0.000000000000000000e+00
2.501719599999999991e+04 0.000000000000000000e+00
2.501727899999999863e+04 0.000000000000000000e+00
2.501736200000000099e+04 0.000000000000000000e+00
2.501744499999999971e+04 1.216250705718994141e+01
2.501752799999999843e+04 9.268624877929687500e+01
2.501761100000000079e+04 1.876496276855468750e+02
2.501769399999999951e+04 1.217967758178710938e+02
2.501777699999999822e+04 2.896205663681030273e+00
2.501786000000000058e+04 0.000000000000000000e+00
2.501794299999999930e+04 0.000000000000000000e+00
2.501802600000000166e+04 0.000000000000000000e+00
2.501810900000000038e+04 0.000000000000000000e+00
2.501819199999999910e+04 0.000000000000000000e+00
2.501827500000000146e+04 0.000000000000000000e+00
2.501835800000000017e+04 0.000000000000000000e+00
2.501844099999999889e+04 1.219232463836669922e+01
2.501852400000000125e+04 9.446958923339843750e+01
2.501860699999999997e+04 1.873906555175781250e+02
2.501868999999999869e+04 1.220333023071289062e+02
2.501877300000000105e+04 2.970383167266845703e+00
2.501885599999999977e+04 0.000000000000000000e+00
2.501893899999999849e+04 0.000000000000000000e+00
2.501902200000000084e+04 0.000000000000000000e+00
2.501910499999999956e+04 0.000000000000000000e+00
2.501918799999999828e+04 0.000000000000000000e+00
2.501927100000000064e+04 0.000000000000000000e+00
2.501935399999999936e+04 0.000000000000000000e+00
2.501943700000000172e+04 1.222101879119873047e+01
2.501952000000000044e+04 9.317106628417968750e+01
2.501960299999999916e+04 1.876546783447265625e+02
2.501968600000000151e+04 1.222646179199218750e+02
2.501976900000000023e+04 3.034842014312744141e+00
2.501985199999999895e+04 0.000000000000000000e+00
2.501993500000000131e+04 0.000000000000000000e+00
