2.500009800000000178e+04 6.530258178710937500e+02
2.500018100000000049e+04 6.530321655273437500e+02
2.500026399999999921e+04 6.530398559570312500e+02
2.500034700000000157e+04 6.530476074218750000e+02
2.500043000000000029e+04 6.530529174804687500e+02
2.500051299999999901e+04 6.530415039062500000e+02
2.500059600000000137e+04 6.530242309570312500e+02
2.500067900000000009e+04 6.529869384765625000e+02
2.500076199999999881e+04 6.530265502929687500e+02
2.500084500000000116e+04 6.530314331054687500e+02
2.500092799999999988e+04 6.530355834960937500e+02
2.500101099999999860e+04 6.530407104492187500e+02
2.500109400000000096e+04 6.530460815429687500e+02
2.500117699999999968e+04 6.530520629882812500e+02
2.500125999999999840e+04 6.530595703125000000e+02
2.500134300000000076e+04 6.530679321289062500e+02
2.500142599999999948e+04 6.530734863281250000e+02
2.500150899999999820e+04 6.530644531250000000e+02
2.500159200000000055e+04 6.530206909179687500e+02
2.500167499999999927e+04 6.529981689453125000e+02
2.500175800000000163e+04 6.530070800781250000e+02
2.500184100000000035e+04 6.530118408203125000e+02
2.500192399999999907e+04 6.530159301757812500e+02
2.500200700000000143e+04 6.530209960937500000e+02
2.500209000000000015e+04 6.530263671875000000e+02
2.500217299999999886e+04 6.530323486328125000e+02
2.500225600000000122e+04 6.530399169921875000e+02
2.500233899999999994e+04 6.530482177734375000e+02
2.500242199999999866e+04 6.530536499023437500e+02
2.500250500000000102e+04 6.530446777343750000e+02
2.500258799999999974e+04 6.529995117187500000e+02
2.500267099999999846e+04 6.529805908203125000e+02
2.500275400000000081e+04 6.529885253906250000e+02
2.500283699999999953e+04 6.529933471679687500e+02
2.500291999999999825e+04 6.529973754882812500e+02
2.500300300000000061e+04 6.530024414062500000e+02
2.500308599999999933e+04 6.530077514648437500e+02
2.500316900000000169e+04 6.530136718750000000e+02
2.500325200000000041e+04 6.530211791992187500e+02
2.500333499999999913e+04 6.530294799804687500e+02
2.500341800000000148e+04 6.530349121093750000e+02
2.500350100000000020e+04 6.530258178710937500e+02
2.500358399999999892e+04 6.529802246093750000e+02
2.500366700000000128e+04 6.529629516601562500e+02
2.500375000000000000e+04 6.529705200195312500e+02
2.500383299999999872e+04 6.529754028320312500e+02
2.500391600000000108e+04 6.529794311523437500e+02
2.500399899999999980e+04 6.529845581054687500e+02
2.500408199999999852e+04 6.529898681640625000e+02
2.500416500000000087e+04 6.529956665039062500e+02
2.500424799999999959e+04 6.530031738281250000e+02
2.500433099999999831e+04 6.530113525390625000e+02
2.500441400000000067e+04 6.530167846679687500e+02
2.500449699999999939e+04 6.530076904296875000e+02
2.500458000000000175e+04 6.529622802734375000e+02
2.500466300000000047e+04 6.529388427734375000e+02
2.500474599999999919e+04 6.529391479492187500e+02
2.500482900000000154e+04 6.529494628906250000e+02
2.500491200000000026e+04 6.529536132812500000e+02
2.500499499999999898e+04 6.529584960937500000e+02
2.500507800000000134e+04 6.529636840820312500e+02
2.500516100000000006e+04 6.529694824218750000e+02
2.500524399999999878e+04 6.529766235351562500e+02
2.500532700000000114e+04 6.529846191406250000e+02
2.500540999999999985e+04 6.529904785156250000e+02
2.500549299999999857e+04 6.529843139648437500e+02
2.500557600000000093e+04 6.529453125000000000e+02
2.500565899999999965e+04 6.529241333007812500e+02
2.500574199999999837e+04 6.529238891601562500e+02
2.500582500000000073e+04 6.529368286132812500e+02
2.500590799999999945e+04 6.529408569335937500e+02
2.500599100000000180e+04 6.529457397460937500e+02
2.500607400000000052e+04 6.529508666992187500e+02
2.500615699999999924e+04 6.529565429687500000e+02
2.500624000000000160e+04 6.529636840820312500e+02
2.500632300000000032e+04 6.529718017578125000e+02
2.500640599999999904e+04 6.529777221679687500e+02
2.500648900000000140e+04 6.529716186523437500e+02
2.500657200000000012e+04 6.529325561523437500e+02
2.500665499999999884e+04 6.529111938476562500e+02
2.500673800000000119e+04 6.529110107421875000e+02
2.500682099999999991e+04 6.529238281250000000e+02
2.500690399999999863e+04 6.529280395507812500e+02
2.500698700000000099e+04 6.529329223632812500e+02
2.500706999999999971e+04 6.529381713867187500e+02
2.500715299999999843e+04 6.529438476562500000e+02
2.500723600000000079e+04 6.529510498046875000e+02
2.500731899999999951e+04 6.529591064453125000e+02
2.500740199999999822e+04 6.529651489257812500e+02
2.500748500000000058e+04 6.529589843750000000e+02
2.500756799999999930e+04 6.529198608398437500e+02
2.500765100000000166e+04 6.528988037109375000e+02
2.500773400000000038e+04 6.528985595703125000e+02
2.500781699999999910e+04 6.529114990234375000e+02
2.500790000000000146e+04 6.529157104492187500e+02
2.500798300000000017e+04 6.529205932617187500e+02
2.500806599999999889e+04 6.529259033203125000e+02
2.500814900000000125e+04 6.529315185546875000e+02
2.500823199999999997e+04 6.529387817382812500e+02
2.500831499999999869e+04 6.529468994140625000e+02
2.500839800000000105e+04 6.529528198242187500e+02
2.500848099999999977e+04 6.529466552734375000e+02
2.500856399999999849e+04 6.529074707031250000e+02
2.500864700000000084e+04 6.528815917968750000e+02
2.500872999999999956e+04 6.528736572265625000e+02
2.500881299999999828e+04 6.528930664062500000e+02
2.500889600000000064e+04 6.528974609375000000e+02
2.500897899999999936e+04 6.529022216796875000e+02
2.500906200000000172e+04 6.529074707031250000e+02
2.500914500000000044e+04 6.529132080078125000e+02
2.500922799999999916e+04 6.529201660156250000e+02
2.500931100000000151e+04 6.529281616210937500e+02
2.500939400000000023e+04 6.529347534179687500e+02
2.500947699999999895e+04 6.529315185546875000e+02
2.500956000000000131e+04 6.529025268554687500e+02
2.500964300000000003e+04 6.528773803710937500e+02
2.500972599999999875e+04 6.528688354492187500e+02
2.500980900000000111e+04 6.528892211914062500e+02
2.500989199999999983e+04 6.528936767578125000e+02
2.500997499999999854e+04 6.528984375000000000e+02
2.501005800000000090e+04 6.529036865234375000e+02
2.501014099999999962e+04 6.529094238281250000e+02
2.501022399999999834e+04 6.529163208007812500e+02
2.501030700000000070e+04 6.529243164062500000e+02
2.501038999999999942e+04 6.529307861328125000e+02
2.501047300000000178e+04 6.529276733398437500e+02
2.501055600000000049e+04 6.528986206054687500e+02
2.501063899999999921e+04 6.528732299804687500e+02
2.501072200000000157e+04 6.528646850585937500e+02
2.501080500000000029e+04 6.528850097656250000e+02
2.501088799999999901e+04 6.528894042968750000e+02
2.501097100000000137e+04 6.528940429687500000e+02
2.501105400000000009e+04 6.528992919921875000e+02
2.501113699999999881e+04 6.529050292968750000e+02
2.501122000000000116e+04 6.529119873046875000e+02
2.501130299999999988e+04 6.529200439453125000e+02
2.501138599999999860e+04 6.529266357421875000e+02
2.501146900000000096e+04 6.529233398437500000e+02
2.501155199999999968e+04 6.528942871093750000e+02
2.501163499999999840e+04 6.528690185546875000e+02
2.501171800000000076e+04 6.528604736328125000e+02
2.501180099999999948e+04 6.528809814453125000e+02
2.501188399999999820e+04 6.528853759765625000e+02
2.501196700000000055e+04 6.528901977539062500e+02
2.501204999999999927e+04 6.528955078125000000e+02
2.501213300000000163e+04 6.529011230468750000e+02
2.501221600000000035e+04 6.529080200195312500e+02
2.501229899999999907e+04 6.529160766601562500e+02
2.501238200000000143e+04 6.529226074218750000e+02
2.501246500000000015e+04 6.529194335937500000e+02
2.501254799999999886e+04 6.528903198242187500e+02
2.501263100000000122e+04 6.528650512695312500e+02
2.501271399999999994e+04 6.528482055664062500e+02
2.501279699999999866e+04 6.528776855468750000e+02
2.501288000000000102e+04 6.528823242187500000e+02
2.501296299999999974e+04 6.528869628906250000e+02
2.501304599999999846e+04 6.528922729492187500e+02
2.501312900000000081e+04 6.528980102539062500e+02
2.501321199999999953e+04 6.529050903320312500e+02
2.501329499999999825e+04 6.529130859375000000e+02
2.501337800000000061e+04 6.529202880859375000e+02
2.501346099999999933e+04 6.529200439453125000e+02
2.501354400000000169e+04 6.528969726562500000e+02
2.501362700000000041e+04 6.528929443359375000e+02
2.501370999999999913e+04 6.528720092773437500e+02
2.501379300000000148e+04 6.529190673828125000e+02
2.501387600000000020e+04 6.529237060546875000e+02
2.501395899999999892e+04 6.529283447265625000e+02
2.501404200000000128e+04 6.529336547851562500e+02
2.501412500000000000e+04 6.529393310546875000e+02
2.501420799999999872e+04 6.529460449218750000e+02
2.501429100000000108e+04 6.529540405273437500e+02
2.501437399999999980e+04 6.529612426757812500e+02
2.501445699999999852e+04 6.529609985351562500e+02
2.501454000000000087e+04 6.529375610351562500e+02
2.501462299999999959e+04 6.529337158203125000e+02
2.501470599999999831e+04 6.529126586914062500e+02
2.501478900000000067e+04 6.529600219726562500e+02
2.501487199999999939e+04 6.529646606445312500e+02
2.501495500000000175e+04 6.529692382812500000e+02
2.501503800000000047e+04 6.529745483398437500e+02
2.501512099999999919e+04 6.529802856445312500e+02
2.501520400000000154e+04 6.529869995117187500e+02
2.501528700000000026e+04 6.529949340820312500e+02
2.501536999999999898e+04 6.530021362304687500e+02
2.501545300000000134e+04 6.530018310546875000e+02
2.501553600000000006e+04 6.529783935546875000e+02
2.501561899999999878e+04 6.529746704101562500e+02
2.501570200000000114e+04 6.529540405273437500e+02
2.501578499999999985e+04 6.530007934570312500e+02
2.501586799999999857e+04 6.530053100585937500e+02
2.501595100000000093e+04 6.530099487304687500e+02
2.501603399999999965e+04 6.530152587890625000e+02
2.501611699999999837e+04 6.530207519531250000e+02
2.501620000000000073e+04 6.530274047851562500e+02
2.501628299999999945e+04 6.530353393554687500e+02
2.501636600000000180e+04 6.530425415039062500e+02
2.501644900000000052e+04 6.530422973632812500e+02
2.501653199999999924e+04 6.530187988281250000e+02
2.501661500000000160e+04 6.530150146484375000e+02
2.501669800000000032e+04 6.529858398437500000e+02
2.501678099999999904e+04 6.530476074218750000e+02
2.501686400000000140e+04 6.530523681640625000e+02
2.501694700000000012e+04 6.530568237304687500e+02
2.501702999999999884e+04 6.530620117187500000e+02
2.501711300000000119e+04 6.530675659179687500e+02
2.501719599999999991e+04 6.530742187500000000e+02
2.501727899999999863e+04 6.530819702148437500e+02
2.501736200000000099e+04 6.530892944335937500e+02
2.501744499999999971e+04 6.530917358398437500e+02
2.501752799999999843e+04 6.530768432617187500e+02
2.501761100000000079e+04 6.530597534179687500e+02
2.501769399999999951e+04 6.530310668945312500e+02
2.501777699999999822e+04 6.530679321289062500e+02
2.501786000000000058e+04 6.530726928710937500e+02
2.501794299999999930e+04 6.530770874023437500e+02
2.501802600000000166e+04 6.530822753906250000e+02
2.501810900000000038e+04 6.530877685546875000e+02
2.501819199999999910e+04 6.530939941406250000e+02
2.501827500000000146e+04 6.531018066406250000e+02
2.501835800000000017e+04 6.531096801757812500e+02
2.501844099999999889e+04 6.531123046875000000e+02
2.501852400000000125e+04 6.530980224609375000e+02
2.501860699999999997e+04 6.530795898437500000e+02
2.501868999999999869e+04 6.530509033203125000e+02
2.501877300000000105e+04 6.530842895507812500e+02
2.501885599999999977e+04 6.530889892578125000e+02
2.501893899999999849e+04 6.530933227539062500e+02
2.501902200000000084e+04 6.530985107421875000e+02
2.501910499999999956e+04 6.531040649414062500e+02
2.501918799999999828e+04 6.531103515625000000e+02
2.501927100000000064e+04 6.531181030273437500e+02
2.501935399999999936e+04 6.531258544921875000e+02
2.501943700000000172e+04 6.531285400390625000e+02
2.501952000000000044e+04 6.531142578125000000e+02
2.501960299999999916e+04 6.530961914062500000e+02
2.501968600000000151e+04 6.530675659179687500e+02
2.501976900000000023e+04 6.531011962890625000e+02
2.501985199999999895e+04 6.531058959960937500e+02
2.501993500000000131e+04 6.531102905273437500e+02
