2.500009800000000178e+04 7.492264404296875000e+02
2.500018100000000049e+04 7.492319335937500000e+02
2.500026399999999921e+04 7.492388305664062500e+02
2.500034700000000157e+04 7.492457885742187500e+02
2.500043000000000029e+04 7.492504882812500000e+02
2.500051299999999901e+04 7.492389526367187500e+02
2.500059600000000137e+04 7.492271728515625000e+02
2.500067900000000009e+04 7.491849365234375000e+02
2.500076199999999881e+04 7.492384643554687500e+02
2.500084500000000116e+04 7.492430419921875000e+02
2.500092799999999988e+04 7.492465820312500000e+02
2.500101099999999860e+04 7.492509765625000000e+02
2.500109400000000096e+04 7.492555541992187500e+02
2.500117699999999968e+04 7.492606811523437500e+02
2.500125999999999840e+04 7.492674560546875000e+02
2.500134300000000076e+04 7.492749633789062500e+02
2.500142599999999948e+04 7.492797241210937500e+02
2.500150899999999820e+04 7.492705688476562500e+02
2.500159200000000055e+04 7.492493896484375000e+02
2.500167499999999927e+04 7.492068481445312500e+02
2.500175800000000163e+04 7.492395019531250000e+02
2.500184100000000035e+04 7.492440795898437500e+02
2.500192399999999907e+04 7.492476196289062500e+02
2.500200700000000143e+04 7.492520141601562500e+02
2.500209000000000015e+04 7.492566528320312500e+02
2.500217299999999886e+04 7.492617797851562500e+02
2.500225600000000122e+04 7.492684936523437500e+02
2.500233899999999994e+04 7.492760009765625000e+02
2.500242199999999866e+04 7.492807617187500000e+02
2.500250500000000102e+04 7.492716064453125000e+02
2.500258799999999974e+04 7.492503662109375000e+02
2.500267099999999846e+04 7.492079467773437500e+02
2.500275400000000081e+04 7.492407836914062500e+02
2.500283699999999953e+04 7.492453613281250000e+02
2.500291999999999825e+04 7.492489624023437500e+02
2.500300300000000061e+04 7.492533569335937500e+02
2.500308599999999933e+04 7.492579345703125000e+02
2.500316900000000169e+04 7.492630615234375000e+02
2.500325200000000041e+04 7.492698364257812500e+02
2.500333499999999913e+04 7.492773437500000000e+02
2.500341800000000148e+04 7.492821044921875000e+02
2.500350100000000020e+04 7.492728881835937500e+02
2.500358399999999892e+04 7.492509765625000000e+02
2.500366700000000128e+04 7.492083740234375000e+02
2.500375000000000000e+04 7.492398071289062500e+02
2.500383299999999872e+04 7.492443237304687500e+02
2.500391600000000108e+04 7.492478637695312500e+02
2.500399899999999980e+04 7.492523193359375000e+02
2.500408199999999852e+04 7.492569580078125000e+02
2.500416500000000087e+04 7.492619628906250000e+02
2.500424799999999959e+04 7.492687377929687500e+02
2.500433099999999831e+04 7.492762451171875000e+02
2.500441400000000067e+04 7.492810058593750000e+02
2.500449699999999939e+04 7.492717895507812500e+02
2.500458000000000175e+04 7.492504272460937500e+02
2.500466300000000047e+04 7.492030029296875000e+02
2.500474599999999919e+04 7.492296142578125000e+02
2.500482900000000154e+04 7.492335815429687500e+02
2.500491200000000026e+04 7.492373657226562500e+02
2.500499499999999898e+04 7.492416381835937500e+02
2.500507800000000134e+04 7.492461547851562500e+02
2.500516100000000006e+04 7.492512207031250000e+02
2.500524399999999878e+04 7.492576293945312500e+02
2.500532700000000114e+04 7.492649536132812500e+02
2.500540999999999985e+04 7.492702026367187500e+02
2.500549299999999857e+04 7.492637939453125000e+02
2.500557600000000093e+04 7.492393798828125000e+02
2.500565899999999965e+04 7.491917724609375000e+02
2.500574199999999837e+04 7.492054443359375000e+02
2.500582500000000073e+04 7.492091674804687500e+02
2.500590799999999945e+04 7.492129516601562500e+02
2.500599100000000180e+04 7.492172241210937500e+02
2.500607400000000052e+04 7.492217407226562500e+02
2.500615699999999924e+04 7.492268066406250000e+02
2.500624000000000160e+04 7.492332153320312500e+02
2.500632300000000032e+04 7.492405395507812500e+02
2.500640599999999904e+04 7.492457885742187500e+02
2.500648900000000140e+04 7.492393798828125000e+02
2.500657200000000012e+04 7.492155761718750000e+02
2.500665499999999884e+04 7.491679687500000000e+02
2.500673800000000119e+04 7.491822509765625000e+02
2.500682099999999991e+04 7.491859741210937500e+02
2.500690399999999863e+04 7.491897583007812500e+02
2.500698700000000099e+04 7.491939086914062500e+02
2.500706999999999971e+04 7.491983642578125000e+02
2.500715299999999843e+04 7.492033691406250000e+02
2.500723600000000079e+04 7.492097778320312500e+02
2.500731899999999951e+04 7.492171630859375000e+02
2.500740199999999822e+04 7.492224121093750000e+02
2.500748500000000058e+04 7.492160034179687500e+02
2.500756799999999930e+04 7.491920166015625000e+02
2.500765100000000166e+04 7.491444702148437500e+02
2.500773400000000038e+04 7.491587524414062500e+02
2.500781699999999910e+04 7.491625366210937500e+02
2.500790000000000146e+04 7.491662597656250000e+02
2.500798300000000017e+04 7.491704711914062500e+02
2.500806599999999889e+04 7.491750488281250000e+02
2.500814900000000125e+04 7.491799316406250000e+02
2.500823199999999997e+04 7.491863403320312500e+02
2.500831499999999869e+04 7.491937255859375000e+02
2.500839800000000105e+04 7.491989746093750000e+02
2.500848099999999977e+04 7.491925659179687500e+02
2.500856399999999849e+04 7.491685180664062500e+02
2.500864700000000084e+04 7.491159667968750000e+02
2.500872999999999956e+04 7.491232299804687500e+02
2.500881299999999828e+04 7.491253051757812500e+02
2.500889600000000064e+04 7.491290893554687500e+02
2.500897899999999936e+04 7.491331176757812500e+02
2.500906200000000172e+04 7.491375732421875000e+02
2.500914500000000044e+04 7.491425170898437500e+02
2.500922799999999916e+04 7.491486206054687500e+02
2.500931100000000151e+04 7.491558227539062500e+02
2.500939400000000023e+04 7.491616821289062500e+02
2.500947699999999895e+04 7.491580200195312500e+02
2.500956000000000131e+04 7.491349487304687500e+02
2.500964300000000003e+04 7.490831909179687500e+02
2.500972599999999875e+04 7.490802001953125000e+02
2.500980900000000111e+04 7.490828857421875000e+02
2.500989199999999983e+04 7.490867919921875000e+02
2.500997499999999854e+04 7.490908813476562500e+02
2.501005800000000090e+04 7.491300048828125000e+02
2.501014099999999962e+04 7.491348876953125000e+02
2.501022399999999834e+04 7.491409912109375000e+02
2.501030700000000070e+04 7.491482543945312500e+02
2.501038999999999942e+04 7.491540527343750000e+02
2.501047300000000178e+04 7.491504516601562500e+02
2.501055600000000049e+04 7.491277465820312500e+02
2.501063899999999921e+04 7.490759887695312500e+02
2.501072200000000157e+04 7.490734252929687500e+02
2.501080500000000029e+04 7.490761108398437500e+02
2.501088799999999901e+04 7.490800781250000000e+02
2.501097100000000137e+04 7.490841064453125000e+02
2.501105400000000009e+04 7.490886230468750000e+02
2.501113699999999881e+04 7.490935058593750000e+02
2.501122000000000116e+04 7.490996093750000000e+02
2.501130299999999988e+04 7.491068115234375000e+02
2.501138599999999860e+04 7.491126708984375000e+02
2.501146900000000096e+04 7.491090087890625000e+02
2.501155199999999968e+04 7.490863647460937500e+02
2.501163499999999840e+04 7.490345458984375000e+02
2.501171800000000076e+04 7.490319824218750000e+02
2.501180099999999948e+04 7.490346679687500000e+02
2.501188399999999820e+04 7.490386352539062500e+02
2.501196700000000055e+04 7.490426635742187500e+02
2.501204999999999927e+04 7.490471801757812500e+02
2.501213300000000163e+04 7.490519409179687500e+02
2.501221600000000035e+04 7.490580444335937500e+02
2.501229899999999907e+04 7.490653076171875000e+02
2.501238200000000143e+04 7.490711059570312500e+02
2.501246500000000015e+04 7.490675048828125000e+02
2.501254799999999886e+04 7.490447387695312500e+02
2.501263100000000122e+04 7.489929809570312500e+02
2.501271399999999994e+04 7.489820556640625000e+02
2.501279699999999866e+04 7.489839477539062500e+02
2.501288000000000102e+04 7.489878540039062500e+02
2.501296299999999974e+04 7.489917602539062500e+02
2.501304599999999846e+04 7.489962158203125000e+02
2.501312900000000081e+04 7.490010375976562500e+02
2.501321199999999953e+04 7.490072021484375000e+02
2.501329499999999825e+04 7.490142822265625000e+02
2.501337800000000061e+04 7.490206298828125000e+02
2.501346099999999933e+04 7.490197753906250000e+02
2.501354400000000169e+04 7.489967651367187500e+02
2.501362700000000041e+04 7.489443359375000000e+02
2.501370999999999913e+04 7.489182128906250000e+02
2.501379300000000148e+04 7.489246826171875000e+02
2.501387600000000020e+04 7.489288940429687500e+02
2.501395899999999892e+04 7.489327392578125000e+02
2.501404200000000128e+04 7.489372558593750000e+02
2.501412500000000000e+04 7.489420776367187500e+02
2.501420799999999872e+04 7.489478149414062500e+02
2.501429100000000108e+04 7.489548950195312500e+02
2.501437399999999980e+04 7.489613647460937500e+02
2.501445699999999852e+04 7.489605102539062500e+02
2.501454000000000087e+04 7.489373168945312500e+02
2.501462299999999959e+04 7.488848876953125000e+02
2.501470599999999831e+04 7.488589477539062500e+02
2.501478900000000067e+04 7.488656005859375000e+02
2.501487199999999939e+04 7.488698120117187500e+02
2.501495500000000175e+04 7.488737182617187500e+02
2.501503800000000047e+04 7.488782348632812500e+02
2.501512099999999919e+04 7.488830566406250000e+02
2.501520400000000154e+04 7.488889160156250000e+02
2.501528700000000026e+04 7.488959960937500000e+02
2.501536999999999898e+04 7.489024047851562500e+02
2.501545300000000134e+04 7.489015502929687500e+02
2.501553600000000006e+04 7.488784179687500000e+02
2.501561899999999878e+04 7.488250732421875000e+02
2.501570200000000114e+04 7.487999267578125000e+02
2.501578499999999985e+04 7.488060913085937500e+02
2.501586799999999857e+04 7.488103027343750000e+02
2.501595100000000093e+04 7.488142089843750000e+02
2.501603399999999965e+04 7.488187255859375000e+02
2.501611699999999837e+04 7.488234252929687500e+02
2.501620000000000073e+04 7.488292236328125000e+02
2.501628299999999945e+04 7.488363647460937500e+02
2.501636600000000180e+04 7.488428344726562500e+02
2.501644900000000052e+04 7.488420410156250000e+02
2.501653199999999924e+04 7.488187866210937500e+02
2.501661500000000160e+04 7.487658691406250000e+02
2.501669800000000032e+04 7.487321166992187500e+02
2.501678099999999904e+04 7.487387084960937500e+02
2.501686400000000140e+04 7.487431030273437500e+02
2.501694700000000012e+04 7.487468872070312500e+02
2.501702999999999884e+04 7.487514038085937500e+02
2.501711300000000119e+04 7.487561645507812500e+02
2.501719599999999991e+04 7.487620849609375000e+02
2.501727899999999863e+04 7.487691040039062500e+02
2.501736200000000099e+04 7.487756347656250000e+02
2.501744499999999971e+04 7.487775878906250000e+02
2.501752799999999843e+04 7.487507324218750000e+02
2.501761100000000079e+04 7.487868041992187500e+02
2.501769399999999951e+04 7.487391967773437500e+02
2.501777699999999822e+04 7.488114624023437500e+02
2.501786000000000058e+04 7.488159179687500000e+02
2.501794299999999930e+04 7.488197021484375000e+02
2.501802600000000166e+04 7.488242187500000000e+02
2.501810900000000038e+04 7.488289184570312500e+02
2.501819199999999910e+04 7.488344726562500000e+02
2.501827500000000146e+04 7.488414306640625000e+02
2.501835800000000017e+04 7.488485107421875000e+02
2.501844099999999889e+04 7.488504638671875000e+02
2.501852400000000125e+04 7.488288574218750000e+02
2.501860699999999997e+04 7.488594970703125000e+02
2.501868999999999869e+04 7.488205566406250000e+02
2.501877300000000105e+04 7.488900146484375000e+02
2.501885599999999977e+04 7.488944702148437500e+02
2.501893899999999849e+04 7.488982543945312500e+02
2.501902200000000084e+04 7.489027099609375000e+02
2.501910499999999956e+04 7.489074707031250000e+02
2.501918799999999828e+04 7.489129638671875000e+02
2.501927100000000064e+04 7.489199218750000000e+02
2.501935399999999936e+04 7.489270019531250000e+02
2.501943700000000172e+04 7.489289550781250000e+02
2.501952000000000044e+04 7.489076538085937500e+02
2.501960299999999916e+04 7.489379882812500000e+02
2.501968600000000151e+04 7.488995361328125000e+02
2.501976900000000023e+04 7.489683227539062500e+02
2.501985199999999895e+04 7.489727172851562500e+02
2.501993500000000131e+04 7.489765014648437500e+02
