2.500009800000000178e+04 7.229567871093750000e+02
2.500018100000000049e+04 7.229630737304687500e+02
2.500026399999999921e+04 7.229707641601562500e+02
2.500034700000000157e+04 7.229785156250000000e+02
2.500043000000000029e+04 7.229838256835937500e+02
2.500051299999999901e+04 7.229724121093750000e+02
2.500059600000000137e+04 7.229551391601562500e+02
2.500067900000000009e+04 7.229179077148437500e+02
2.500076199999999881e+04 7.229575195312500000e+02
2.500084500000000116e+04 7.229623413085937500e+02
2.500092799999999988e+04 7.229664916992187500e+02
2.500101099999999860e+04 7.229716796875000000e+02
2.500109400000000096e+04 7.229769897460937500e+02
2.500117699999999968e+04 7.229829711914062500e+02
2.500125999999999840e+04 7.229905395507812500e+02
2.500134300000000076e+04 7.229988403320312500e+02
2.500142599999999948e+04 7.230043945312500000e+02
2.500150899999999820e+04 7.229953613281250000e+02
2.500159200000000055e+04 7.229515991210937500e+02
2.500167499999999927e+04 7.229290771484375000e+02
2.500175800000000163e+04 7.229379882812500000e+02
2.500184100000000035e+04 7.229427490234375000e+02
2.500192399999999907e+04 7.229468383789062500e+02
2.500200700000000143e+04 7.229519042968750000e+02
2.500209000000000015e+04 7.229572753906250000e+02
2.500217299999999886e+04 7.229632568359375000e+02
2.500225600000000122e+04 7.229708251953125000e+02
2.500233899999999994e+04 7.229791259765625000e+02
2.500242199999999866e+04 7.229845581054687500e+02
2.500250500000000102e+04 7.229755859375000000e+02
2.500258799999999974e+04 7.229304199218750000e+02
2.500267099999999846e+04 7.229114990234375000e+02
2.500275400000000081e+04 7.229194335937500000e+02
2.500283699999999953e+04 7.229242553710937500e+02
2.500291999999999825e+04 7.229282836914062500e+02
2.500300300000000061e+04 7.229333496093750000e+02
2.500308599999999933e+04 7.229386596679687500e+02
2.500316900000000169e+04 7.229445800781250000e+02
2.500325200000000041e+04 7.229520874023437500e+02
2.500333499999999913e+04 7.229603881835937500e+02
2.500341800000000148e+04 7.229658203125000000e+02
2.500350100000000020e+04 7.229567260742187500e+02
2.500358399999999892e+04 7.229111938476562500e+02
2.500366700000000128e+04 7.228938598632812500e+02
2.500375000000000000e+04 7.229014282226562500e+02
2.500383299999999872e+04 7.229063110351562500e+02
2.500391600000000108e+04 7.229104003906250000e+02
2.500399899999999980e+04 7.229154663085937500e+02
2.500408199999999852e+04 7.229208374023437500e+02
2.500416500000000087e+04 7.229265747070312500e+02
2.500424799999999959e+04 7.229340820312500000e+02
2.500433099999999831e+04 7.229422607421875000e+02
2.500441400000000067e+04 7.229476928710937500e+02
2.500449699999999939e+04 7.229385986328125000e+02
2.500458000000000175e+04 7.228931884765625000e+02
2.500466300000000047e+04 7.228697509765625000e+02
2.500474599999999919e+04 7.228701171875000000e+02
2.500482900000000154e+04 7.228803710937500000e+02
2.500491200000000026e+04 7.228845214843750000e+02
2.500499499999999898e+04 7.228894042968750000e+02
2.500507800000000134e+04 7.228945922851562500e+02
2.500516100000000006e+04 7.229003906250000000e+02
2.500524399999999878e+04 7.229075317382812500e+02
2.500532700000000114e+04 7.229155273437500000e+02
2.500540999999999985e+04 7.229214477539062500e+02
2.500549299999999857e+04 7.229152832031250000e+02
2.500557600000000093e+04 7.228762207031250000e+02
2.500565899999999965e+04 7.228550415039062500e+02
2.500574199999999837e+04 7.228547973632812500e+02
2.500582500000000073e+04 7.228677368164062500e+02
2.500590799999999945e+04 7.228717651367187500e+02
2.500599100000000180e+04 7.228766479492187500e+02
2.500607400000000052e+04 7.228818359375000000e+02
2.500615699999999924e+04 7.228874511718750000e+02
2.500624000000000160e+04 7.228945922851562500e+02
2.500632300000000032e+04 7.229027099609375000e+02
2.500640599999999904e+04 7.229086303710937500e+02
2.500648900000000140e+04 7.229025268554687500e+02
2.500657200000000012e+04 7.228634643554687500e+02
2.500665499999999884e+04 7.228421630859375000e+02
2.500673800000000119e+04 7.228419189453125000e+02
2.500682099999999991e+04 7.228547363281250000e+02
2.500690399999999863e+04 7.228589477539062500e+02
2.500698700000000099e+04 7.228638305664062500e+02
2.500706999999999971e+04 7.228690795898437500e+02
2.500715299999999843e+04 7.228748168945312500e+02
2.500723600000000079e+04 7.228819580078125000e+02
2.500731899999999951e+04 7.228900756835937500e+02
2.500740199999999822e+04 7.228960571289062500e+02
2.500748500000000058e+04 7.228898925781250000e+02
2.500756799999999930e+04 7.228508300781250000e+02
2.500765100000000166e+04 7.228297119140625000e+02
2.500773400000000038e+04 7.228294677734375000e+02
2.500781699999999910e+04 7.228424072265625000e+02
2.500790000000000146e+04 7.228466186523437500e+02
2.500798300000000017e+04 7.228515014648437500e+02
2.500806599999999889e+04 7.228568115234375000e+02
2.500814900000000125e+04 7.228624267578125000e+02
2.500823199999999997e+04 7.228696899414062500e+02
2.500831499999999869e+04 7.228778076171875000e+02
2.500839800000000105e+04 7.228837890625000000e+02
2.500848099999999977e+04 7.228775634765625000e+02
2.500856399999999849e+04 7.228384399414062500e+02
2.500864700000000084e+04 7.228125000000000000e+02
2.500872999999999956e+04 7.228045654296875000e+02
2.500881299999999828e+04 7.228239746093750000e+02
2.500889600000000064e+04 7.228283691406250000e+02
2.500897899999999936e+04 7.228331298828125000e+02
2.500906200000000172e+04 7.228383789062500000e+02
2.500914500000000044e+04 7.228441162109375000e+02
2.500922799999999916e+04 7.228510742187500000e+02
2.500931100000000151e+04 7.228590698242187500e+02
2.500939400000000023e+04 7.228656616210937500e+02
2.500947699999999895e+04 7.228624267578125000e+02
2.500956000000000131e+04 7.228334350585937500e+02
2.500964300000000003e+04 7.228082885742187500e+02
2.500972599999999875e+04 7.227997436523437500e+02
2.500980900000000111e+04 7.228201904296875000e+02
2.500989199999999983e+04 7.228245849609375000e+02
2.500997499999999854e+04 7.228293457031250000e+02
2.501005800000000090e+04 7.228665161132812500e+02
2.501014099999999962e+04 7.228722534179687500e+02
2.501022399999999834e+04 7.228792114257812500e+02
2.501030700000000070e+04 7.228871459960937500e+02
2.501038999999999942e+04 7.228936767578125000e+02
2.501047300000000178e+04 7.228905029296875000e+02
2.501055600000000049e+04 7.228614501953125000e+02
2.501063899999999921e+04 7.228360595703125000e+02
2.501072200000000157e+04 7.228275756835937500e+02
2.501080500000000029e+04 7.228478393554687500e+02
2.501088799999999901e+04 7.228522338867187500e+02
2.501097100000000137e+04 7.228569335937500000e+02
2.501105400000000009e+04 7.228621826171875000e+02
2.501113699999999881e+04 7.228678588867187500e+02
2.501122000000000116e+04 7.228748168945312500e+02
2.501130299999999988e+04 7.228828735351562500e+02
2.501138599999999860e+04 7.228894653320312500e+02
2.501146900000000096e+04 7.228861694335937500e+02
2.501155199999999968e+04 7.228571166992187500e+02
2.501163499999999840e+04 7.228318481445312500e+02
2.501171800000000076e+04 7.228233642578125000e+02
2.501180099999999948e+04 7.228438110351562500e+02
2.501188399999999820e+04 7.228482666015625000e+02
2.501196700000000055e+04 7.228530273437500000e+02
2.501204999999999927e+04 7.228583984375000000e+02
2.501213300000000163e+04 7.228639526367187500e+02
2.501221600000000035e+04 7.228709106445312500e+02
2.501229899999999907e+04 7.228789062500000000e+02
2.501238200000000143e+04 7.228854370117187500e+02
2.501246500000000015e+04 7.228822631835937500e+02
2.501254799999999886e+04 7.228531494140625000e+02
2.501263100000000122e+04 7.228278808593750000e+02
2.501271399999999994e+04 7.228110961914062500e+02
2.501279699999999866e+04 7.228405151367187500e+02
2.501288000000000102e+04 7.228451538085937500e+02
2.501296299999999974e+04 7.228498535156250000e+02
2.501304599999999846e+04 7.228551635742187500e+02
2.501312900000000081e+04 7.228609008789062500e+02
2.501321199999999953e+04 7.228679199218750000e+02
2.501329499999999825e+04 7.228759155273437500e+02
2.501337800000000061e+04 7.228831787109375000e+02
2.501346099999999933e+04 7.228828735351562500e+02
2.501354400000000169e+04 7.228598022460937500e+02
2.501362700000000041e+04 7.228557739257812500e+02
2.501370999999999913e+04 7.228348999023437500e+02
2.501379300000000148e+04 7.228818969726562500e+02
2.501387600000000020e+04 7.228865356445312500e+02
2.501395899999999892e+04 7.228911743164062500e+02
2.501404200000000128e+04 7.228965454101562500e+02
2.501412500000000000e+04 7.229022216796875000e+02
2.501420799999999872e+04 7.229089355468750000e+02
2.501429100000000108e+04 7.229169311523437500e+02
2.501437399999999980e+04 7.229240722656250000e+02
2.501445699999999852e+04 7.229238281250000000e+02
2.501454000000000087e+04 7.229004516601562500e+02
2.501462299999999959e+04 7.228966064453125000e+02
2.501470599999999831e+04 7.228755493164062500e+02
2.501478900000000067e+04 7.229228515625000000e+02
2.501487199999999939e+04 7.229274902343750000e+02
2.501495500000000175e+04 7.229321289062500000e+02
2.501503800000000047e+04 7.229374389648437500e+02
2.501512099999999919e+04 7.229431152343750000e+02
2.501520400000000154e+04 7.229498291015625000e+02
2.501528700000000026e+04 7.229577636718750000e+02
2.501536999999999898e+04 7.229650268554687500e+02
2.501545300000000134e+04 7.229647216796875000e+02
2.501553600000000006e+04 7.229412841796875000e+02
2.501561899999999878e+04 7.229375610351562500e+02
2.501570200000000114e+04 7.229168701171875000e+02
2.501578499999999985e+04 7.229636230468750000e+02
2.501586799999999857e+04 7.229682006835937500e+02
2.501595100000000093e+04 7.229727783203125000e+02
2.501603399999999965e+04 7.229780883789062500e+02
2.501611699999999837e+04 7.229836425781250000e+02
2.501620000000000073e+04 7.229902343750000000e+02
2.501628299999999945e+04 7.229981689453125000e+02
2.501636600000000180e+04 7.230053710937500000e+02
2.501644900000000052e+04 7.230051269531250000e+02
2.501653199999999924e+04 7.229816284179687500e+02
2.501661500000000160e+04 7.229778442382812500e+02
2.501669800000000032e+04 7.229486694335937500e+02
2.501678099999999904e+04 7.230104980468750000e+02
2.501686400000000140e+04 7.230152587890625000e+02
2.501694700000000012e+04 7.230196533203125000e+02
2.501702999999999884e+04 7.230248413085937500e+02
2.501711300000000119e+04 7.230303955078125000e+02
2.501719599999999991e+04 7.230371093750000000e+02
2.501727899999999863e+04 7.230448608398437500e+02
2.501736200000000099e+04 7.230521240234375000e+02
2.501744499999999971e+04 7.230546264648437500e+02
2.501752799999999843e+04 7.230397338867187500e+02
2.501761100000000079e+04 7.230225830078125000e+02
2.501769399999999951e+04 7.229938964843750000e+02
2.501777699999999822e+04 7.230308227539062500e+02
2.501786000000000058e+04 7.230355224609375000e+02
2.501794299999999930e+04 7.230399780273437500e+02
2.501802600000000166e+04 7.230451660156250000e+02
2.501810900000000038e+04 7.230505981445312500e+02
2.501819199999999910e+04 7.230568847656250000e+02
2.501827500000000146e+04 7.230646972656250000e+02
2.501835800000000017e+04 7.230725097656250000e+02
2.501844099999999889e+04 7.230751342773437500e+02
2.501852400000000125e+04 7.230609130859375000e+02
2.501860699999999997e+04 7.230424194335937500e+02
2.501868999999999869e+04 7.230137939453125000e+02
2.501877300000000105e+04 7.230471191406250000e+02
2.501885599999999977e+04 7.230518188476562500e+02
2.501893899999999849e+04 7.230562133789062500e+02
2.501902200000000084e+04 7.230613403320312500e+02
2.501910499999999956e+04 7.230668945312500000e+02
2.501918799999999828e+04 7.230732421875000000e+02
2.501927100000000064e+04 7.230809936523437500e+02
2.501935399999999936e+04 7.230887451171875000e+02
2.501943700000000172e+04 7.230913696289062500e+02
2.501952000000000044e+04 7.230770874023437500e+02
2.501960299999999916e+04 7.230590820312500000e+02
2.501968600000000151e+04 7.230304565429687500e+02
2.501976900000000023e+04 7.230640258789062500e+02
2.501985199999999895e+04 7.230687866210937500e+02
2.501993500000000131e+04 7.230731201171875000e+02
