3.498010100000000239e+04 6.600583496093750000e+02
3.498018400000000111e+04 6.600672607421875000e+02
3.498026699999999983e+04 6.600717773437500000e+02
3.498034999999999854e+04 6.599724121093750000e+02
3.498043299999999726e+04 6.594944458007812500e+02
3.498051600000000326e+04 6.586021118164062500e+02
3.498059900000000198e+04 6.575783691406250000e+02
3.498068200000000070e+04 6.566533813476562500e+02
3.498076499999999942e+04 6.562288208007812500e+02
3.498084799999999814e+04 6.561870727539062500e+02
3.498093099999999686e+04 6.561960449218750000e+02
3.498101400000000285e+04 6.562044677734375000e+02
3.498109700000000157e+04 6.562129516601562500e+02
3.498118000000000029e+04 6.562219848632812500e+02
3.498126299999999901e+04 6.562310180664062500e+02
3.498134599999999773e+04 6.561375122070312500e+02
3.498142899999999645e+04 6.557528686523437500e+02
3.498151200000000244e+04 6.548995361328125000e+02
3.498159500000000116e+04 6.538508911132812500e+02
3.498167799999999988e+04 6.529257812500000000e+02
3.498176099999999860e+04 6.524053955078125000e+02
3.498184399999999732e+04 6.523636474609375000e+02
3.498192700000000332e+04 6.523726806640625000e+02
3.498201000000000204e+04 6.523812255859375000e+02
3.498209300000000076e+04 6.523897705078125000e+02
3.498217599999999948e+04 6.523988037109375000e+02
3.498225899999999820e+04 6.524079589843750000e+02
3.498234199999999691e+04 6.523836669921875000e+02
3.498242500000000291e+04 6.519966430664062500e+02
3.498250800000000163e+04 6.511435546875000000e+02
3.498259100000000035e+04 6.500947265625000000e+02
3.498267399999999907e+04 6.491694946289062500e+02
3.498275699999999779e+04 6.486489868164062500e+02
3.498283999999999651e+04 6.486072998046875000e+02
3.498292300000000250e+04 6.486163940429687500e+02
3.498300600000000122e+04 6.486249389648437500e+02
3.498308899999999994e+04 6.486335449218750000e+02
3.498317199999999866e+04 6.486426391601562500e+02
3.498325499999999738e+04 6.486519165039062500e+02
3.498333800000000338e+04 6.486277465820312500e+02
3.498342100000000210e+04 6.482406616210937500e+02
3.498350400000000081e+04 6.473873901367187500e+02
3.498358699999999953e+04 6.463385009765625000e+02
3.498366999999999825e+04 6.454131469726562500e+02
3.498375299999999697e+04 6.448925170898437500e+02
3.498383600000000297e+04 6.448507080078125000e+02
3.498391900000000169e+04 6.448598632812500000e+02
3.498400200000000041e+04 6.448685302734375000e+02
3.498408499999999913e+04 6.448771972656250000e+02
3.498416799999999785e+04 6.448863525390625000e+02
3.498425099999999657e+04 6.448956909179687500e+02
3.498433400000000256e+04 6.448717041015625000e+02
3.498441700000000128e+04 6.444844970703125000e+02
3.498450000000000000e+04 6.436311035156250000e+02
3.498458299999999872e+04 6.425820312500000000e+02
3.498466599999999744e+04 6.416565551757812500e+02
3.498474900000000343e+04 6.411358032226562500e+02
3.498483200000000215e+04 6.410940551757812500e+02
3.498491500000000087e+04 6.410923461914062500e+02
3.498499799999999959e+04 6.411022338867187500e+02
3.498508099999999831e+04 6.411109619140625000e+02
3.498516399999999703e+04 6.411201171875000000e+02
3.498524700000000303e+04 6.411294555664062500e+02
3.498533000000000175e+04 6.411044921875000000e+02
3.498541300000000047e+04 6.407174072265625000e+02
3.498549599999999919e+04 6.399571533203125000e+02
3.498557899999999790e+04 6.389079589843750000e+02
3.498566199999999662e+04 6.379575805664062500e+02
3.498574500000000262e+04 6.373557739257812500e+02
3.498582800000000134e+04 6.372182006835937500e+02
3.498591100000000006e+04 6.372190551757812500e+02
3.498599399999999878e+04 6.372275390625000000e+02
3.498607699999999750e+04 6.372363281250000000e+02
3.498616000000000349e+04 6.372455444335937500e+02
3.498624300000000221e+04 6.372549438476562500e+02
3.498632600000000093e+04 6.372426147460937500e+02
3.498640899999999965e+04 6.369237670898437500e+02
3.498649199999999837e+04 6.361633911132812500e+02
3.498657499999999709e+04 6.351531982421875000e+02
3.498665800000000309e+04 6.342027587890625000e+02
3.498674100000000180e+04 6.336007690429687500e+02
3.498682400000000052e+04 6.334631958007812500e+02
3.498690699999999924e+04 6.334640502929687500e+02
3.498698999999999796e+04 6.334725952148437500e+02
3.498707299999999668e+04 6.334814453125000000e+02
3.498715600000000268e+04 6.334907226562500000e+02
3.498723900000000140e+04 6.335001831054687500e+02
3.498732200000000012e+04 6.334880371093750000e+02
3.498740499999999884e+04 6.331690673828125000e+02
3.498748799999999756e+04 6.324086303710937500e+02
3.498757100000000355e+04 6.313983154296875000e+02
3.498765400000000227e+04 6.304476928710937500e+02
3.498773700000000099e+04 6.298455810546875000e+02
3.498781999999999971e+04 6.297079467773437500e+02
3.498790299999999843e+04 6.297088012695312500e+02
3.498798599999999715e+04 6.297174682617187500e+02
3.498806900000000314e+04 6.297263793945312500e+02
3.498815200000000186e+04 6.297357177734375000e+02
3.498823500000000058e+04 6.297452392578125000e+02
3.498831799999999930e+04 6.297332153320312500e+02
3.498840099999999802e+04 6.294141845703125000e+02
3.498848399999999674e+04 6.286536254882812500e+02
3.498856700000000274e+04 6.276431274414062500e+02
3.498865000000000146e+04 6.266923828125000000e+02
3.498873300000000017e+04 6.260902099609375000e+02
3.498881599999999889e+04 6.259525146484375000e+02
3.498889899999999761e+04 6.259425048828125000e+02
3.498898200000000361e+04 6.259523315429687500e+02
3.498906500000000233e+04 6.259613647460937500e+02
3.498914800000000105e+04 6.259706420898437500e+02
3.498923099999999977e+04 6.259802856445312500e+02
3.498931399999999849e+04 6.259675903320312500e+02
3.498939699999999721e+04 6.256482543945312500e+02
3.498948000000000320e+04 6.249808959960937500e+02
3.498956300000000192e+04 6.239703369140625000e+02
3.498964600000000064e+04 6.229946899414062500e+02
3.498972899999999936e+04 6.223114013671875000e+02
3.498981199999999808e+04 6.220777587890625000e+02
3.498989499999999680e+04 6.220682983398437500e+02
3.498997800000000279e+04 6.220777587890625000e+02
3.499006100000000151e+04 6.220868530273437500e+02
3.499014400000000023e+04 6.220961303710937500e+02
3.499022699999999895e+04 6.221057128906250000e+02
3.499030999999999767e+04 6.221017456054687500e+02
3.499039299999999639e+04 6.218543701171875000e+02
3.499047600000000239e+04 6.211870727539062500e+02
3.499055900000000111e+04 6.202155761718750000e+02
3.499064199999999983e+04 6.192398681640625000e+02
3.499072499999999854e+04 6.185565185546875000e+02
3.499080799999999726e+04 6.183228149414062500e+02
3.499089100000000326e+04 6.183134155273437500e+02
3.499097400000000198e+04 6.183228759765625000e+02
3.499105700000000070e+04 6.183319702148437500e+02
3.499113999999999942e+04 6.183413085937500000e+02
3.499122299999999814e+04 6.183509521484375000e+02
3.499130599999999686e+04 6.183470458984375000e+02
3.499138900000000285e+04 6.180995483398437500e+02
3.499147200000000157e+04 6.174321289062500000e+02
3.499155500000000029e+04 6.164605102539062500e+02
3.499163799999999901e+04 6.154846801757812500e+02
3.499172099999999773e+04 6.148012084960937500e+02
3.499180399999999645e+04 6.145674438476562500e+02
3.499188700000000244e+04 6.145580444335937500e+02
3.499197000000000116e+04 6.145675659179687500e+02
3.499205299999999988e+04 6.145766601562500000e+02
3.499213599999999860e+04 6.145861206054687500e+02
3.499221899999999732e+04 6.145958251953125000e+02
3.499230200000000332e+04 6.145919799804687500e+02
3.499238500000000204e+04 6.143445434570312500e+02
3.499246800000000076e+04 6.136770019531250000e+02
3.499255099999999948e+04 6.127052001953125000e+02
3.499263399999999820e+04 6.117292480468750000e+02
3.499271699999999691e+04 6.110455932617187500e+02
3.499280000000000291e+04 6.108118286132812500e+02
3.499288300000000163e+04 6.108024291992187500e+02
3.499296600000000035e+04 6.108120117187500000e+02
3.499304899999999907e+04 6.108211669921875000e+02
3.499313199999999779e+04 6.108305053710937500e+02
3.499321499999999651e+04 6.108403320312500000e+02
3.499329800000000250e+04 6.108365478515625000e+02
3.499338100000000122e+04 6.105890502929687500e+02
3.499346399999999994e+04 6.099213867187500000e+02
3.499354699999999866e+04 6.089494628906250000e+02
3.499362999999999738e+04 6.079486083984375000e+02
3.499371300000000338e+04 6.071838989257812500e+02
3.499379600000000210e+04 6.068540649414062500e+02
3.499387900000000081e+04 6.068339233398437500e+02
3.499396199999999953e+04 6.068435058593750000e+02
3.499404499999999825e+04 6.068527221679687500e+02
3.499412799999999697e+04 6.068621826171875000e+02
3.499421100000000297e+04 6.068719482421875000e+02
3.499429400000000169e+04 6.068728027343750000e+02
3.499437700000000041e+04 6.066997680664062500e+02
3.499445999999999913e+04 6.061256713867187500e+02
3.499454299999999785e+04 6.051928100585937500e+02
3.499462599999999657e+04 6.041918334960937500e+02
3.499470900000000256e+04 6.034269409179687500e+02
3.499479200000000128e+04 6.030970458984375000e+02
3.499487500000000000e+04 6.030768432617187500e+02
3.499495799999999872e+04 6.030865478515625000e+02
3.499504099999999744e+04 6.030958251953125000e+02
3.499512400000000343e+04 6.031052856445312500e+02
3.499520700000000215e+04 6.031151733398437500e+02
3.499529000000000087e+04 6.031160278320312500e+02
3.499537299999999959e+04 6.029430541992187500e+02
3.499545599999999831e+04 6.023688964843750000e+02
3.499553899999999703e+04 6.014358520507812500e+02
3.499562200000000303e+04 6.004347534179687500e+02
3.499570500000000175e+04 5.996697387695312500e+02
3.499578800000000047e+04 5.993397216796875000e+02
3.499587099999999919e+04 5.993195800781250000e+02
3.499595399999999790e+04 5.993292846679687500e+02
3.499603699999999662e+04 5.993386230468750000e+02
3.499612000000000262e+04 5.993481445312500000e+02
3.499620300000000134e+04 5.993580932617187500e+02
3.499628600000000006e+04 5.993590087890625000e+02
3.499636899999999878e+04 5.991860961914062500e+02
3.499645199999999750e+04 5.986118164062500000e+02
3.499653500000000349e+04 5.976786499023437500e+02
3.499661800000000221e+04 5.966773681640625000e+02
3.499670100000000093e+04 5.959122924804687500e+02
3.499678399999999965e+04 5.955822143554687500e+02
3.499686699999999837e+04 5.955620117187500000e+02
3.499694999999999709e+04 5.955717773437500000e+02
3.499703300000000309e+04 5.955811157226562500e+02
3.499711600000000180e+04 5.955906372070312500e+02
3.499719900000000052e+04 5.956005859375000000e+02
3.499728199999999924e+04 5.956016235351562500e+02
3.499736499999999796e+04 5.954287109375000000e+02
3.499744799999999668e+04 5.948543090820312500e+02
3.499753100000000268e+04 5.939210205078125000e+02
3.499761400000000140e+04 5.928948364257812500e+02
3.499769700000000012e+04 5.920486450195312500e+02
3.499777999999999884e+04 5.916224365234375000e+02
3.499786299999999756e+04 5.915913696289062500e+02
3.499794600000000355e+04 5.916011962890625000e+02
3.499802900000000227e+04 5.916106567382812500e+02
3.499811200000000099e+04 5.916201782226562500e+02
3.499819499999999971e+04 5.916302490234375000e+02
3.499827799999999843e+04 5.916358642578125000e+02
3.499836099999999715e+04 5.915374145507812500e+02
3.499844400000000314e+04 5.910574951171875000e+02
3.499852700000000186e+04 5.901631469726562500e+02
3.499861000000000058e+04 5.891369018554687500e+02
3.499869299999999930e+04 5.882905273437500000e+02
3.499877599999999802e+04 5.878641967773437500e+02
3.499885899999999674e+04 5.878331298828125000e+02
3.499894200000000274e+04 5.878430175781250000e+02
3.499902500000000146e+04 5.878524780273437500e+02
3.499910800000000017e+04 5.878621215820312500e+02
3.499919099999999889e+04 5.878721313476562500e+02
3.499927399999999761e+04 5.878778076171875000e+02
3.499935700000000361e+04 5.877796020507812500e+02
3.499944000000000233e+04 5.872996215820312500e+02
3.499952300000000105e+04 5.864050903320312500e+02
3.499960599999999977e+04 5.853787231445312500e+02
3.499968899999999849e+04 5.845322265625000000e+02
3.499977199999999721e+04 5.841057739257812500e+02
3.499985500000000320e+04 5.840747070312500000e+02
3.499993800000000192e+04 5.840846557617187500e+02
