3.498010100000000239e+04 7.175733642578125000e+02
3.498018400000000111e+04 7.175844726562500000e+02
3.498026699999999983e+04 7.175910644531250000e+02
3.498034999999999854e+04 7.174940185546875000e+02
3.498043299999999726e+04 7.170109252929687500e+02
3.498051600000000326e+04 7.161171264648437500e+02
3.498059900000000198e+04 7.150921630859375000e+02
3.498068200000000070e+04 7.141660766601562500e+02
3.498076499999999942e+04 7.137404785156250000e+02
3.498084799999999814e+04 7.136967773437500000e+02
3.498093099999999686e+04 7.137060546875000000e+02
3.498101400000000285e+04 7.137165527343750000e+02
3.498109700000000157e+04 7.137270507812500000e+02
3.498118000000000029e+04 7.137381591796875000e+02
3.498126299999999901e+04 7.137492065429687500e+02
3.498134599999999773e+04 7.136575927734375000e+02
3.498142899999999645e+04 7.132641601562500000e+02
3.498151200000000244e+04 7.124075927734375000e+02
3.498159500000000116e+04 7.113551025390625000e+02
3.498167799999999988e+04 7.104263916015625000e+02
3.498176099999999860e+04 7.099024047851562500e+02
3.498184399999999732e+04 7.098563842773437500e+02
3.498192700000000332e+04 7.098631591796875000e+02
3.498201000000000204e+04 7.098724975585937500e+02
3.498209300000000076e+04 7.098832397460937500e+02
3.498217599999999948e+04 7.098944091796875000e+02
3.498225899999999820e+04 7.099056396484375000e+02
3.498234199999999691e+04 7.098831787109375000e+02
3.498242500000000291e+04 7.094932250976562500e+02
3.498250800000000163e+04 7.086392211914062500e+02
3.498259100000000035e+04 7.075891723632812500e+02
3.498267399999999907e+04 7.066629028320312500e+02
3.498275699999999779e+04 7.061395263671875000e+02
3.498283999999999651e+04 7.060958251953125000e+02
3.498292300000000250e+04 7.061051025390625000e+02
3.498300600000000122e+04 7.061157226562500000e+02
3.498308899999999994e+04 7.061264648437500000e+02
3.498317199999999866e+04 7.061376342773437500e+02
3.498325499999999738e+04 7.061486816406250000e+02
3.498333800000000338e+04 7.061263427734375000e+02
3.498342100000000210e+04 7.057362060546875000e+02
3.498350400000000081e+04 7.048820800781250000e+02
3.498358699999999953e+04 7.038302001953125000e+02
3.498366999999999825e+04 7.029034423828125000e+02
3.498375299999999697e+04 7.023814697265625000e+02
3.498383600000000297e+04 7.023378295898437500e+02
3.498391900000000169e+04 7.023473510742187500e+02
3.498400200000000041e+04 7.023579711914062500e+02
3.498408499999999913e+04 7.023687744140625000e+02
3.498416799999999785e+04 7.023799438476562500e+02
3.498425099999999657e+04 7.023912353515625000e+02
3.498433400000000256e+04 7.023691406250000000e+02
3.498441700000000128e+04 7.019790649414062500e+02
3.498450000000000000e+04 7.011203613281250000e+02
3.498458299999999872e+04 7.000655517578125000e+02
3.498466599999999744e+04 6.991345825195312500e+02
3.498474900000000343e+04 6.986076049804687500e+02
3.498483200000000215e+04 6.985597534179687500e+02
3.498491500000000087e+04 6.985540771484375000e+02
3.498499799999999959e+04 6.985615234375000000e+02
3.498508099999999831e+04 6.985708618164062500e+02
3.498516399999999703e+04 6.985821533203125000e+02
3.498524700000000303e+04 6.985934448242187500e+02
3.498533000000000175e+04 6.985704956054687500e+02
3.498541300000000047e+04 6.981803588867187500e+02
3.498549599999999919e+04 6.974191894531250000e+02
3.498557899999999790e+04 6.963670043945312500e+02
3.498566199999999662e+04 6.954111938476562500e+02
3.498574500000000262e+04 6.948057861328125000e+02
3.498582800000000134e+04 6.946638183593750000e+02
3.498591100000000006e+04 6.946595458984375000e+02
3.498599399999999878e+04 6.946690063476562500e+02
3.498607699999999750e+04 6.946795654296875000e+02
3.498616000000000349e+04 6.946909179687500000e+02
3.498624300000000221e+04 6.947023925781250000e+02
3.498632600000000093e+04 6.946918945312500000e+02
3.498640899999999965e+04 6.943708496093750000e+02
3.498649199999999837e+04 6.936079101562500000e+02
3.498657499999999709e+04 6.925955200195312500e+02
3.498665800000000309e+04 6.916427001953125000e+02
3.498674100000000180e+04 6.910387573242187500e+02
3.498682400000000052e+04 6.908986816406250000e+02
3.498690699999999924e+04 6.908964233398437500e+02
3.498698999999999796e+04 6.909069213867187500e+02
3.498707299999999668e+04 6.909177856445312500e+02
3.498715600000000268e+04 6.909290771484375000e+02
3.498723900000000140e+04 6.909403076171875000e+02
3.498732200000000012e+04 6.909300537109375000e+02
3.498740499999999884e+04 6.906089477539062500e+02
3.498748799999999756e+04 6.898448486328125000e+02
3.498757100000000355e+04 6.888302612304687500e+02
3.498765400000000227e+04 6.878755493164062500e+02
3.498773700000000099e+04 6.872691040039062500e+02
3.498781999999999971e+04 6.871269531250000000e+02
3.498790299999999843e+04 6.871226806640625000e+02
3.498798599999999715e+04 6.871331787109375000e+02
3.498806900000000314e+04 6.871442260742187500e+02
3.498815200000000186e+04 6.871557006835937500e+02
3.498823500000000058e+04 6.871669921875000000e+02
3.498831799999999930e+04 6.871569213867187500e+02
3.498840099999999802e+04 6.868356323242187500e+02
3.498848399999999674e+04 6.860734863281250000e+02
3.498856700000000274e+04 6.850616455078125000e+02
3.498865000000000146e+04 6.841096801757812500e+02
3.498873300000000017e+04 6.835061035156250000e+02
3.498881599999999889e+04 6.833668212890625000e+02
3.498889899999999761e+04 6.833544921875000000e+02
3.498898200000000361e+04 6.833654785156250000e+02
3.498906500000000233e+04 6.833765869140625000e+02
3.498914800000000105e+04 6.833879394531250000e+02
3.498923099999999977e+04 6.833995361328125000e+02
3.498931399999999849e+04 6.833887329101562500e+02
3.498939699999999721e+04 6.830675048828125000e+02
3.498948000000000320e+04 6.823985595703125000e+02
3.498956300000000192e+04 6.813863525390625000e+02
3.498964600000000064e+04 6.804062500000000000e+02
3.498972899999999936e+04 6.797172241210937500e+02
3.498981199999999808e+04 6.794782104492187500e+02
3.498989499999999680e+04 6.794631347656250000e+02
3.498997800000000279e+04 6.794721679687500000e+02
3.499006100000000151e+04 6.899829101562500000e+02
3.499014400000000023e+04 6.899940795898437500e+02
3.499022699999999895e+04 6.900054321289062500e+02
3.499030999999999767e+04 6.900030517578125000e+02
3.499039299999999639e+04 6.897542724609375000e+02
3.499047600000000239e+04 6.890848999023437500e+02
3.499055900000000111e+04 6.881107788085937500e+02
3.499064199999999983e+04 6.871315917968750000e+02
3.499072499999999854e+04 6.864440917968750000e+02
3.499080799999999726e+04 6.862075195312500000e+02
3.499089100000000326e+04 6.861925659179687500e+02
3.499097400000000198e+04 6.862033691406250000e+02
3.499105700000000070e+04 6.862144165039062500e+02
3.499113999999999942e+04 6.862257080078125000e+02
3.499122299999999814e+04 6.862372436523437500e+02
3.499130599999999686e+04 6.862349243164062500e+02
3.499138900000000285e+04 6.859863281250000000e+02
3.499147200000000157e+04 6.853165893554687500e+02
3.499155500000000029e+04 6.843434448242187500e+02
3.499163799999999901e+04 6.833660888671875000e+02
3.499172099999999773e+04 6.826810302734375000e+02
3.499180399999999645e+04 6.824456787109375000e+02
3.499188700000000244e+04 6.824292602539062500e+02
3.499197000000000116e+04 6.824384765625000000e+02
3.499205299999999988e+04 6.824494628906250000e+02
3.499213599999999860e+04 6.824608154296875000e+02
3.499221899999999732e+04 6.824722900390625000e+02
3.499230200000000332e+04 6.824700927734375000e+02
3.499238500000000204e+04 6.822214355468750000e+02
3.499246800000000076e+04 6.815516967773437500e+02
3.499255099999999948e+04 6.805783691406250000e+02
3.499263399999999820e+04 6.796008300781250000e+02
3.499271699999999691e+04 6.789154052734375000e+02
3.499280000000000291e+04 6.786793212890625000e+02
3.499288300000000163e+04 6.786663208007812500e+02
3.499296600000000035e+04 6.786760864257812500e+02
3.499304899999999907e+04 6.786871337890625000e+02
3.499313199999999779e+04 6.786984252929687500e+02
3.499321499999999651e+04 6.787100830078125000e+02
3.499329800000000250e+04 6.787078247070312500e+02
3.499338100000000122e+04 6.784593505859375000e+02
3.499346399999999994e+04 6.777894897460937500e+02
3.499354699999999866e+04 6.768160400390625000e+02
3.499362999999999738e+04 6.758131713867187500e+02
3.499371300000000338e+04 6.750458984375000000e+02
3.499379600000000210e+04 6.747131347656250000e+02
3.499387900000000081e+04 6.746895141601562500e+02
3.499396199999999953e+04 6.746989746093750000e+02
3.499404499999999825e+04 6.747099609375000000e+02
3.499412799999999697e+04 6.747211303710937500e+02
3.499421100000000297e+04 6.747326660156250000e+02
3.499429400000000169e+04 6.747351684570312500e+02
3.499437700000000041e+04 6.745620727539062500e+02
3.499445999999999913e+04 6.739848632812500000e+02
3.499454299999999785e+04 6.730503540039062500e+02
3.499462599999999657e+04 6.720474853515625000e+02
3.499470900000000256e+04 6.712808227539062500e+02
3.499479200000000128e+04 6.709443359375000000e+02
3.499487500000000000e+04 6.709182128906250000e+02
3.499495799999999872e+04 6.709244995117187500e+02
3.499504099999999744e+04 6.709352416992187500e+02
3.499512400000000343e+04 6.709462890625000000e+02
3.499520700000000215e+04 6.709580078125000000e+02
3.499529000000000087e+04 6.709604492187500000e+02
3.499537299999999959e+04 6.707875976562500000e+02
3.499545599999999831e+04 6.702102661132812500e+02
3.499553899999999703e+04 6.692754516601562500e+02
3.499562200000000303e+04 6.682725830078125000e+02
3.499570500000000175e+04 6.675059814453125000e+02
3.499578800000000047e+04 6.671741333007812500e+02
3.499587099999999919e+04 6.671513061523437500e+02
3.499595399999999790e+04 6.671619873046875000e+02
3.499603699999999662e+04 6.671730957031250000e+02
3.499612000000000262e+04 6.671843872070312500e+02
3.499620300000000134e+04 6.671961669921875000e+02
3.499628600000000006e+04 6.671987304687500000e+02
3.499636899999999878e+04 6.670259399414062500e+02
3.499645199999999750e+04 6.664485473632812500e+02
3.499653500000000349e+04 6.655136718750000000e+02
3.499661800000000221e+04 6.645075683593750000e+02
3.499670100000000093e+04 6.637387084960937500e+02
3.499678399999999965e+04 6.634017944335937500e+02
3.499686699999999837e+04 6.633749389648437500e+02
3.499694999999999709e+04 6.633816528320312500e+02
3.499703300000000309e+04 6.633923950195312500e+02
3.499711600000000180e+04 6.634037475585937500e+02
3.499719900000000052e+04 6.634155883789062500e+02
3.499728199999999924e+04 6.634181518554687500e+02
3.499736499999999796e+04 6.632454223632812500e+02
3.499744799999999668e+04 6.626680297851562500e+02
3.499753100000000268e+04 6.617330322265625000e+02
3.499761400000000140e+04 6.607049560546875000e+02
3.499769700000000012e+04 6.598572387695312500e+02
3.499777999999999884e+04 6.594292602539062500e+02
3.499786299999999756e+04 6.593957519531250000e+02
3.499794600000000355e+04 6.594061279296875000e+02
3.499802900000000227e+04 6.594172973632812500e+02
3.499811200000000099e+04 6.594287109375000000e+02
3.499819499999999971e+04 6.594406127929687500e+02
3.499827799999999843e+04 6.594477539062500000e+02
3.499836099999999715e+04 6.593509521484375000e+02
3.499844400000000314e+04 6.588660888671875000e+02
3.499852700000000186e+04 6.579685668945312500e+02
3.499861000000000058e+04 6.569352416992187500e+02
3.499869299999999930e+04 6.560822143554687500e+02
3.499877599999999802e+04 6.556490478515625000e+02
3.499885899999999674e+04 6.556109619140625000e+02
3.499894200000000274e+04 6.556163940429687500e+02
3.499902500000000146e+04 6.556262817382812500e+02
3.499910800000000017e+04 6.556372680664062500e+02
3.499919099999999889e+04 6.556491699218750000e+02
3.499927399999999761e+04 6.556564941406250000e+02
3.499935700000000361e+04 6.555600585937500000e+02
3.499944000000000233e+04 6.550755004882812500e+02
3.499952300000000105e+04 6.541795043945312500e+02
3.499960599999999977e+04 6.531495361328125000e+02
3.499968899999999849e+04 6.522975463867187500e+02
3.499977199999999721e+04 6.518658447265625000e+02
3.499985500000000320e+04 6.518280029296875000e+02
3.499993800000000192e+04 6.518347778320312500e+02
