3.498010100000000239e+04 0.000000000000000000e+00
3.498018400000000111e+04 0.000000000000000000e+00
3.498026699999999983e+04 1.327795505523681641e+00
3.498034999999999854e+04 7.139521789550781250e+01
3.498043299999999726e+04 4.403916931152343750e+02
3.498051600000000326e+04 1.215428955078125000e+03
3.498059900000000198e+04 1.663474853515625000e+03
3.498068200000000070e+04 1.434195190429687500e+03
3.498076499999999942e+04 5.413347778320312500e+02
3.498084799999999814e+04 4.416172409057617188e+01
3.498093099999999686e+04 0.000000000000000000e+00
3.498101400000000285e+04 0.000000000000000000e+00
3.498109700000000157e+04 0.000000000000000000e+00
3.498118000000000029e+04 0.000000000000000000e+00
3.498126299999999901e+04 0.000000000000000000e+00
3.498134599999999773e+04 8.068306732177734375e+01
3.498142899999999645e+04 4.422539978027343750e+02
3.498151200000000244e+04 1.321536865234375000e+03
3.498159500000000116e+04 1.721155517578125000e+03
3.498167799999999988e+04 1.434514892578125000e+03
3.498176099999999860e+04 6.658403930664062500e+02
3.498184399999999732e+04 4.417347335815429688e+01
3.498192700000000332e+04 0.000000000000000000e+00
3.498201000000000204e+04 0.000000000000000000e+00
3.498209300000000076e+04 0.000000000000000000e+00
3.498217599999999948e+04 0.000000000000000000e+00
3.498225899999999820e+04 0.000000000000000000e+00
3.498234199999999691e+04 1.807805442810058594e+01
3.498242500000000291e+04 4.220472412109375000e+02
3.498250800000000163e+04 1.321830810546875000e+03
3.498259100000000035e+04 1.721592651367187500e+03
3.498267399999999907e+04 1.434897216796875000e+03
3.498275699999999779e+04 6.661323242187500000e+02
3.498283999999999651e+04 4.418721771240234375e+01
3.498292300000000250e+04 0.000000000000000000e+00
3.498300600000000122e+04 0.000000000000000000e+00
3.498308899999999994e+04 0.000000000000000000e+00
3.498317199999999866e+04 0.000000000000000000e+00
3.498325499999999738e+04 0.000000000000000000e+00
3.498333800000000338e+04 1.805167770385742188e+01
3.498342100000000210e+04 4.221295471191406250e+02
3.498350400000000081e+04 1.322961425781250000e+03
3.498358699999999953e+04 1.724617797851562500e+03
3.498366999999999825e+04 1.449040771484375000e+03
3.498375299999999697e+04 6.704237670898437500e+02
3.498383600000000297e+04 4.419819259643554688e+01
3.498391900000000169e+04 0.000000000000000000e+00
3.498400200000000041e+04 0.000000000000000000e+00
3.498408499999999913e+04 0.000000000000000000e+00
3.498416799999999785e+04 0.000000000000000000e+00
3.498425099999999657e+04 0.000000000000000000e+00
3.498433400000000256e+04 1.802581596374511719e+01
3.498441700000000128e+04 4.235950927734375000e+02
3.498450000000000000e+04 1.335268554687500000e+03
3.498458299999999872e+04 1.740839721679687500e+03
3.498466599999999744e+04 1.455334960937500000e+03
3.498474900000000343e+04 6.739351196289062500e+02
3.498483200000000215e+04 4.420738220214843750e+01
3.498491500000000087e+04 6.996548175811767578e+00
3.498499799999999959e+04 0.000000000000000000e+00
3.498508099999999831e+04 0.000000000000000000e+00
3.498516399999999703e+04 0.000000000000000000e+00
3.498524700000000303e+04 0.000000000000000000e+00
3.498533000000000175e+04 1.894659042358398438e+01
3.498541300000000047e+04 4.263727722167968750e+02
3.498549599999999919e+04 1.168366699218750000e+03
3.498557899999999790e+04 1.758684936523437500e+03
3.498566199999999662e+04 1.521827270507812500e+03
3.498574500000000262e+04 8.322848510742187500e+02
3.498582800000000134e+04 1.703993377685546875e+02
3.498591100000000006e+04 6.991338253021240234e+00
3.498599399999999878e+04 0.000000000000000000e+00
3.498607699999999750e+04 0.000000000000000000e+00
3.498616000000000349e+04 0.000000000000000000e+00
3.498624300000000221e+04 0.000000000000000000e+00
3.498632600000000093e+04 1.322000885009765625e+01
3.498640899999999965e+04 3.397942199707031250e+02
3.498649199999999837e+04 1.172949829101562500e+03
3.498657499999999709e+04 1.692076293945312500e+03
3.498665800000000309e+04 1.535031372070312500e+03
3.498674100000000180e+04 8.376848754882812500e+02
3.498682400000000052e+04 1.710109710693359375e+02
3.498690699999999924e+04 6.988357543945312500e+00
3.498698999999999796e+04 0.000000000000000000e+00
3.498707299999999668e+04 0.000000000000000000e+00
3.498715600000000268e+04 0.000000000000000000e+00
3.498723900000000140e+04 0.000000000000000000e+00
3.498732200000000012e+04 1.321177387237548828e+01
3.498740499999999884e+04 3.401996765136718750e+02
3.498748799999999756e+04 1.178225219726562500e+03
3.498757100000000355e+04 1.692820922851562500e+03
3.498765400000000227e+04 1.536217651367187500e+03
3.498773700000000099e+04 8.418035888671875000e+02
3.498781999999999971e+04 1.716535491943359375e+02
3.498790299999999843e+04 6.985530376434326172e+00
3.498798599999999715e+04 0.000000000000000000e+00
3.498806900000000314e+04 0.000000000000000000e+00
3.498815200000000186e+04 0.000000000000000000e+00
3.498823500000000058e+04 0.000000000000000000e+00
3.498831799999999930e+04 1.320377063751220703e+01
3.498840099999999802e+04 3.408143310546875000e+02
3.498848399999999674e+04 1.186968505859375000e+03
3.498856700000000274e+04 1.706988159179687500e+03
3.498865000000000146e+04 1.547648315429687500e+03
3.498873300000000017e+04 8.428644409179687500e+02
3.498881599999999889e+04 1.717034301757812500e+02
3.498889899999999761e+04 1.616733741760253906e+01
3.498898200000000361e+04 0.000000000000000000e+00
3.498906500000000233e+04 0.000000000000000000e+00
3.498914800000000105e+04 0.000000000000000000e+00
3.498923099999999977e+04 0.000000000000000000e+00
3.498931399999999849e+04 1.301801967620849609e+01
3.498939699999999721e+04 3.423753662109375000e+02
3.498948000000000320e+04 1.004367004394531250e+03
3.498956300000000192e+04 1.707714965820312500e+03
3.498964600000000064e+04 1.609740234375000000e+03
3.498972899999999936e+04 1.004471374511718750e+03
3.498981199999999808e+04 2.995013122558593750e+02
3.498989499999999680e+04 1.617172241210937500e+01
3.498997800000000279e+04 0.000000000000000000e+00
3.499006100000000151e+04 0.000000000000000000e+00
3.499014400000000023e+04 0.000000000000000000e+00
3.499022699999999895e+04 0.000000000000000000e+00
3.499030999999999767e+04 8.749887466430664062e+00
3.499039299999999639e+04 2.533087921142578125e+02
3.499047600000000239e+04 9.965170898437500000e+02
3.499055900000000111e+04 1.609791992187500000e+03
3.499064199999999983e+04 1.596136962890625000e+03
3.499072499999999854e+04 9.978145751953125000e+02
3.499080799999999726e+04 2.981520385742187500e+02
3.499089100000000326e+04 1.618641853332519531e+01
3.499097400000000198e+04 0.000000000000000000e+00
3.499105700000000070e+04 0.000000000000000000e+00
3.499113999999999942e+04 0.000000000000000000e+00
3.499122299999999814e+04 0.000000000000000000e+00
3.499130599999999686e+04 8.752141952514648438e+00
3.499138900000000285e+04 2.534707183837890625e+02
3.499147200000000157e+04 9.979274902343750000e+02
3.499155500000000029e+04 1.611079711914062500e+03
3.499163799999999901e+04 1.598481323242187500e+03
3.499172099999999773e+04 1.004348144531250000e+03
3.499180399999999645e+04 2.994656677246093750e+02
3.499188700000000244e+04 1.618617820739746094e+01
3.499197000000000116e+04 0.000000000000000000e+00
3.499205299999999988e+04 0.000000000000000000e+00
3.499213599999999860e+04 0.000000000000000000e+00
3.499221899999999732e+04 0.000000000000000000e+00
3.499230200000000332e+04 8.754503250122070312e+00
3.499238500000000204e+04 2.538049011230468750e+02
3.499246800000000076e+04 1.004692504882812500e+03
3.499255099999999948e+04 1.623736938476562500e+03
3.499263399999999820e+04 1.609657958984375000e+03
3.499271699999999691e+04 1.004645385742187500e+03
3.499280000000000291e+04 2.995789184570312500e+02
3.499288300000000163e+04 1.618578147888183594e+01
3.499296600000000035e+04 0.000000000000000000e+00
3.499304899999999907e+04 0.000000000000000000e+00
3.499313199999999779e+04 0.000000000000000000e+00
3.499321499999999651e+04 0.000000000000000000e+00
3.499329800000000250e+04 8.756729125976562500e+00
3.499338100000000122e+04 2.538992462158203125e+02
3.499346399999999994e+04 1.005105102539062500e+03
3.499354699999999866e+04 1.624950317382812500e+03
3.499362999999999738e+04 1.671738891601562500e+03
3.499371300000000338e+04 1.167088378906250000e+03
3.499379600000000210e+04 4.278579711914062500e+02
3.499387900000000081e+04 2.552436447143554688e+01
3.499396199999999953e+04 0.000000000000000000e+00
3.499404499999999825e+04 0.000000000000000000e+00
3.499412799999999697e+04 0.000000000000000000e+00
3.499421100000000297e+04 0.000000000000000000e+00
3.499429400000000169e+04 4.992535591125488281e+00
3.499437700000000041e+04 1.673000946044921875e+02
3.499445999999999913e+04 8.220232543945312500e+02
3.499454299999999785e+04 1.546190551757812500e+03
3.499462599999999657e+04 1.683795532226562500e+03
3.499470900000000256e+04 1.173521606445312500e+03
3.499479200000000128e+04 4.291477661132812500e+02
3.499487500000000000e+04 2.552619743347167969e+01
3.499495799999999872e+04 0.000000000000000000e+00
3.499504099999999744e+04 0.000000000000000000e+00
3.499512400000000343e+04 0.000000000000000000e+00
3.499520700000000215e+04 0.000000000000000000e+00
3.499529000000000087e+04 4.993908405303955078e+00
3.499537299999999959e+04 1.672640380859375000e+02
3.499545599999999831e+04 8.252089843750000000e+02
3.499553899999999703e+04 1.551877319335937500e+03
3.499562200000000303e+04 1.684240966796875000e+03
3.499570500000000175e+04 1.173833618164062500e+03
3.499578800000000047e+04 4.293080444335937500e+02
3.499587099999999919e+04 2.552802276611328125e+01
3.499595399999999790e+04 0.000000000000000000e+00
3.499603699999999662e+04 0.000000000000000000e+00
3.499612000000000262e+04 0.000000000000000000e+00
3.499620300000000134e+04 0.000000000000000000e+00
3.499628600000000006e+04 4.995275020599365234e+00
3.499636899999999878e+04 1.672170410156250000e+02
3.499645199999999750e+04 8.255051879882812500e+02
3.499653500000000349e+04 1.552401977539062500e+03
3.499661800000000221e+04 1.685343261718750000e+03
3.499670100000000093e+04 1.174542480468750000e+03
3.499678399999999965e+04 4.296338195800781250e+02
3.499686699999999837e+04 2.552958869934082031e+01
3.499694999999999709e+04 0.000000000000000000e+00
3.499703300000000309e+04 0.000000000000000000e+00
3.499711600000000180e+04 0.000000000000000000e+00
3.499719900000000052e+04 0.000000000000000000e+00
3.499728199999999924e+04 4.996647834777832031e+00
3.499736499999999796e+04 1.672730255126953125e+02
3.499744799999999668e+04 8.262451782226562500e+02
3.499753100000000268e+04 1.554146118164062500e+03
3.499761400000000140e+04 1.750469848632812500e+03
3.499769700000000012e+04 1.341377197265625000e+03
3.499777999999999884e+04 5.596493530273437500e+02
3.499786299999999756e+04 3.491491317749023438e+01
3.499794600000000355e+04 0.000000000000000000e+00
3.499802900000000227e+04 0.000000000000000000e+00
3.499811200000000099e+04 0.000000000000000000e+00
3.499819499999999971e+04 0.000000000000000000e+00
3.499827799999999843e+04 1.757751345634460449e+00
3.499836099999999715e+04 8.433472442626953125e+01
3.499844400000000314e+04 6.375656127929687500e+02
3.499852700000000186e+04 1.477168212890625000e+03
3.499861000000000058e+04 1.759411499023437500e+03
3.499869299999999930e+04 1.345444702148437500e+03
3.499877599999999802e+04 5.601549682617187500e+02
3.499885899999999674e+04 3.491827011108398438e+01
3.499894200000000274e+04 0.000000000000000000e+00
3.499902500000000146e+04 0.000000000000000000e+00
3.499910800000000017e+04 0.000000000000000000e+00
3.499919099999999889e+04 0.000000000000000000e+00
3.499927399999999761e+04 1.325225710868835449e+00
3.499935700000000361e+04 8.427194213867187500e+01
3.499944000000000233e+04 6.378408203125000000e+02
3.499952300000000105e+04 1.477568969726562500e+03
3.499960599999999977e+04 1.759837524414062500e+03
3.499968899999999849e+04 1.345790405273437500e+03
3.499977199999999721e+04 5.603636474609375000e+02
3.499985500000000320e+04 3.492152023315429688e+01
3.499993800000000192e+04 0.000000000000000000e+00
