3.498010100000000239e+04 3.787054061889648438e+00
3.498018400000000111e+04 3.770223855972290039e+00
3.498026699999999983e+04 3.760986804962158203e+00
3.498034999999999854e+04 3.827932119369506836e+00
3.498043299999999726e+04 1.347384548187255859e+01
3.498051600000000326e+04 9.903774261474609375e+00
3.498059900000000198e+04 9.574278831481933594e+00
3.498068200000000070e+04 9.162801742553710938e+00
3.498076499999999942e+04 9.344022750854492188e+00
3.498084799999999814e+04 1.034313297271728516e+01
3.498093099999999686e+04 7.483520507812500000e+00
3.498101400000000285e+04 3.776698350906372070e+00
3.498109700000000157e+04 3.756431818008422852e+00
3.498118000000000029e+04 3.737273454666137695e+00
3.498126299999999901e+04 3.725423097610473633e+00
3.498134599999999773e+04 3.737724542617797852e+00
3.498142899999999645e+04 1.371925926208496094e+01
3.498151200000000244e+04 9.799700736999511719e+00
3.498159500000000116e+04 9.392500877380371094e+00
3.498167799999999988e+04 9.049722671508789062e+00
3.498176099999999860e+04 9.268656730651855469e+00
3.498184399999999732e+04 1.008867549896240234e+01
3.498192700000000332e+04 7.511024475097656250e+00
3.498201000000000204e+04 3.736450433731079102e+00
3.498209300000000076e+04 3.714299678802490234e+00
3.498217599999999948e+04 3.694400072097778320e+00
3.498225899999999820e+04 3.676951408386230469e+00
3.498234199999999691e+04 3.688804149627685547e+00
3.498242500000000291e+04 1.080680274963378906e+01
3.498250800000000163e+04 1.016386985778808594e+01
3.498259100000000035e+04 9.287514686584472656e+00
3.498267399999999907e+04 8.975728034973144531e+00
3.498275699999999779e+04 9.191712379455566406e+00
3.498283999999999651e+04 1.000951862335205078e+01
3.498292300000000250e+04 7.460761547088623047e+00
3.498300600000000122e+04 3.694524049758911133e+00
3.498308899999999994e+04 3.672011137008666992e+00
3.498317199999999866e+04 3.652675628662109375e+00
3.498325499999999738e+04 3.635063171386718750e+00
3.498333800000000338e+04 3.646999597549438477e+00
3.498342100000000210e+04 1.074989986419677734e+01
3.498350400000000081e+04 1.008606052398681641e+01
3.498358699999999953e+04 9.212615013122558594e+00
3.498366999999999825e+04 8.898536682128906250e+00
3.498375299999999697e+04 9.103730201721191406e+00
3.498383600000000297e+04 9.926367759704589844e+00
3.498391900000000169e+04 7.413298606872558594e+00
3.498400200000000041e+04 3.652914285659790039e+00
3.498408499999999913e+04 3.631718873977661133e+00
3.498416799999999785e+04 3.611610174179077148e+00
3.498425099999999657e+04 3.594877958297729492e+00
3.498433400000000256e+04 3.605845928192138672e+00
3.498441700000000128e+04 1.069590473175048828e+01
3.498450000000000000e+04 1.000116634368896484e+01
3.498458299999999872e+04 9.122281074523925781e+00
3.498466599999999744e+04 8.808982849121093750e+00
3.498474900000000343e+04 9.019306182861328125e+00
3.498483200000000215e+04 9.839328765869140625e+00
3.498491500000000087e+04 7.364894866943359375e+00
3.498499799999999959e+04 4.094096660614013672e+00
3.498508099999999831e+04 3.602227449417114258e+00
3.498516399999999703e+04 3.584647655487060547e+00
3.498524700000000303e+04 3.566036462783813477e+00
3.498533000000000175e+04 3.576500892639160156e+00
3.498541300000000047e+04 1.081863594055175781e+01
3.498549599999999919e+04 9.883625030517578125e+00
3.498557899999999790e+04 9.198296546936035156e+00
3.498566199999999662e+04 8.714956283569335938e+00
3.498574500000000262e+04 8.887200355529785156e+00
3.498582800000000134e+04 9.555493354797363281e+00
3.498591100000000006e+04 9.853281974792480469e+00
3.498599399999999878e+04 3.592895984649658203e+00
3.498607699999999750e+04 3.571066856384277344e+00
3.498616000000000349e+04 3.554386615753173828e+00
3.498624300000000221e+04 3.535953521728515625e+00
3.498632600000000093e+04 3.540221452713012695e+00
3.498640899999999965e+04 9.642271995544433594e+00
3.498649199999999837e+04 1.003733158111572266e+01
3.498657499999999709e+04 9.098259925842285156e+00
3.498665800000000309e+04 8.682513236999511719e+00
3.498674100000000180e+04 8.793675422668457031e+00
3.498682400000000052e+04 9.466453552246093750e+00
3.498690699999999924e+04 9.783762931823730469e+00
3.498698999999999796e+04 3.552135944366455078e+00
3.498707299999999668e+04 3.529894590377807617e+00
3.498715600000000268e+04 3.512915849685668945e+00
3.498723900000000140e+04 3.495123624801635742e+00
3.498732200000000012e+04 3.499475002288818359e+00
3.498740499999999884e+04 9.562196731567382812e+00
3.498748799999999756e+04 9.956886291503906250e+00
3.498757100000000355e+04 9.011541366577148438e+00
3.498765400000000227e+04 8.602780342102050781e+00
3.498773700000000099e+04 8.712713241577148438e+00
3.498781999999999971e+04 9.378010749816894531e+00
3.498790299999999843e+04 9.713949203491210938e+00
3.498798599999999715e+04 3.510361671447753906e+00
3.498806900000000314e+04 3.488224983215332031e+00
3.498815200000000186e+04 3.471369266510009766e+00
3.498823500000000058e+04 3.453923225402832031e+00
3.498831799999999930e+04 3.458108186721801758e+00
3.498840099999999802e+04 9.513494491577148438e+00
3.498848399999999674e+04 9.870179176330566406e+00
3.498856700000000274e+04 8.921561241149902344e+00
3.498865000000000146e+04 8.514169692993164062e+00
3.498873300000000017e+04 8.624544143676757812e+00
3.498881599999999889e+04 9.295572280883789062e+00
3.498889899999999761e+04 9.643116950988769531e+00
3.498898200000000361e+04 4.677352905273437500e+00
3.498906500000000233e+04 3.439362764358520508e+00
3.498914800000000105e+04 3.417918205261230469e+00
3.498923099999999977e+04 3.399804115295410156e+00
3.498931399999999849e+04 3.404508829116821289e+00
3.498939699999999721e+04 9.371557235717773438e+00
3.498948000000000320e+04 9.811976432800292969e+00
3.498956300000000192e+04 9.021080970764160156e+00
3.498964600000000064e+04 8.433133125305175781e+00
3.498972899999999936e+04 8.501223564147949219e+00
3.498981199999999808e+04 9.030035972595214844e+00
3.498989499999999680e+04 9.796480178833007812e+00
3.498997800000000279e+04 4.562305927276611328e+00
3.499006100000000151e+04 3.409792900085449219e+00
3.499014400000000023e+04 3.295825004577636719e+00
3.499022699999999895e+04 3.278898477554321289e+00
3.499030999999999767e+04 3.278232336044311523e+00
3.499039299999999639e+04 7.957231044769287109e+00
3.499047600000000239e+04 9.853769302368164062e+00
3.499055900000000111e+04 8.724400520324707031e+00
3.499064199999999983e+04 8.229324340820312500e+00
3.499072499999999854e+04 8.233428955078125000e+00
3.499080799999999726e+04 8.753812789916992188e+00
3.499089100000000326e+04 9.534125328063964844e+00
3.499097400000000198e+04 4.485918998718261719e+00
3.499105700000000070e+04 3.290104627609252930e+00
3.499113999999999942e+04 3.259686470031738281e+00
3.499122299999999814e+04 3.242040395736694336e+00
3.499130599999999686e+04 3.240527153015136719e+00
3.499138900000000285e+04 7.870572566986083984e+00
3.499147200000000157e+04 9.777994155883789062e+00
3.499155500000000029e+04 8.641104698181152344e+00
3.499163799999999901e+04 8.149280548095703125e+00
3.499172099999999773e+04 8.152236938476562500e+00
3.499180399999999645e+04 8.665246963500976562e+00
3.499188700000000244e+04 9.456158638000488281e+00
3.499197000000000116e+04 4.450546741485595703e+00
3.499205299999999988e+04 3.249950170516967773e+00
3.499213599999999860e+04 3.220514774322509766e+00
3.499221899999999732e+04 3.202575683593750000e+00
3.499230200000000332e+04 3.201411247253417969e+00
3.499238500000000204e+04 7.832208156585693359e+00
3.499246800000000076e+04 9.689807891845703125e+00
3.499255099999999948e+04 8.553688049316406250e+00
3.499263399999999820e+04 8.061436653137207031e+00
3.499271699999999691e+04 8.065368652343750000e+00
3.499280000000000291e+04 8.584645271301269531e+00
3.499288300000000163e+04 9.376311302185058594e+00
3.499296600000000035e+04 4.417309761047363281e+00
3.499304899999999907e+04 3.216109037399291992e+00
3.499313199999999779e+04 3.181692600250244141e+00
3.499321499999999651e+04 3.163991451263427734e+00
3.499329800000000250e+04 3.162450075149536133e+00
3.499338100000000122e+04 7.794425964355468750e+00
3.499346399999999994e+04 9.603023529052734375e+00
3.499354699999999866e+04 8.472880363464355469e+00
3.499362999999999738e+04 7.981383323669433594e+00
3.499371300000000338e+04 7.940488815307617188e+00
3.499379600000000210e+04 8.335530281066894531e+00
3.499387900000000081e+04 9.191424369812011719e+00
3.499396199999999953e+04 5.420900821685791016e+00
3.499404499999999825e+04 3.161991834640502930e+00
3.499412799999999697e+04 3.140635013580322266e+00
3.499421100000000297e+04 3.124327182769775391e+00
3.499429400000000169e+04 3.117833137512207031e+00
3.499437700000000041e+04 6.025025367736816406e+00
3.499445999999999913e+04 1.017562866210937500e+01
3.499454299999999785e+04 8.517073631286621094e+00
3.499462599999999657e+04 7.955170631408691406e+00
3.499470900000000256e+04 7.851083278656005859e+00
3.499479200000000128e+04 8.247865676879882812e+00
3.499487500000000000e+04 9.109459877014160156e+00
3.499495799999999872e+04 5.381824493408203125e+00
3.499504099999999744e+04 3.122558593750000000e+00
3.499512400000000343e+04 3.101378679275512695e+00
3.499520700000000215e+04 3.085927009582519531e+00
3.499529000000000087e+04 3.079265356063842773e+00
3.499537299999999959e+04 5.948947906494140625e+00
3.499545599999999831e+04 1.010178279876708984e+01
3.499553899999999703e+04 8.433110237121582031e+00
3.499562200000000303e+04 7.871405601501464844e+00
3.499570500000000175e+04 7.771787643432617188e+00
3.499578800000000047e+04 8.167544364929199219e+00
3.499587099999999919e+04 9.026572227478027344e+00
3.499595399999999790e+04 5.341962337493896484e+00
3.499603699999999662e+04 3.086303710937500000e+00
3.499612000000000262e+04 3.062765121459960938e+00
3.499620300000000134e+04 3.047262907028198242e+00
3.499628600000000006e+04 3.040909051895141602e+00
3.499636899999999878e+04 5.918721199035644531e+00
3.499645199999999750e+04 1.000696659088134766e+01
3.499653500000000349e+04 8.351302146911621094e+00
3.499661800000000221e+04 7.790210247039794922e+00
3.499670100000000093e+04 7.690015792846679688e+00
3.499678399999999965e+04 8.082449913024902344e+00
3.499686699999999837e+04 8.940861701965332031e+00
3.499694999999999709e+04 5.303381443023681641e+00
3.499703300000000309e+04 3.047300577163696289e+00
3.499711600000000180e+04 3.024020195007324219e+00
3.499719900000000052e+04 3.008153200149536133e+00
3.499728199999999924e+04 3.002136230468750000e+00
3.499736499999999796e+04 5.888947010040283203e+00
3.499744799999999668e+04 9.911129951477050781e+00
3.499753100000000268e+04 8.267444610595703125e+00
3.499761400000000140e+04 7.706370830535888672e+00
3.499769700000000012e+04 7.563727378845214844e+00
3.499777999999999884e+04 7.849592208862304688e+00
3.499786299999999756e+04 8.689113616943359375e+00
3.499794600000000355e+04 6.040615081787109375e+00
3.499802900000000227e+04 3.003931283950805664e+00
3.499811200000000099e+04 2.984483480453491211e+00
3.499819499999999971e+04 2.969352960586547852e+00
3.499827799999999843e+04 2.963220596313476562e+00
3.499836099999999715e+04 3.459490537643432617e+00
3.499844400000000314e+04 1.147427463531494141e+01
3.499852700000000186e+04 8.208675384521484375e+00
3.499861000000000058e+04 7.680160999298095703e+00
3.499869299999999930e+04 7.473612308502197266e+00
3.499877599999999802e+04 7.762266635894775391e+00
3.499885899999999674e+04 8.602668762207031250e+00
3.499894200000000274e+04 5.997449874877929688e+00
3.499902500000000146e+04 2.964909076690673828e+00
3.499910800000000017e+04 2.945862531661987305e+00
3.499919099999999889e+04 2.929977416992187500e+00
3.499927399999999761e+04 2.920170783996582031e+00
3.499935700000000361e+04 3.075066566467285156e+00
3.499944000000000233e+04 1.151053714752197266e+01
3.499952300000000105e+04 8.117979049682617188e+00
3.499960599999999977e+04 7.596437931060791016e+00
3.499968899999999849e+04 7.390511512756347656e+00
3.499977199999999721e+04 7.677229881286621094e+00
3.499985500000000320e+04 8.515941619873046875e+00
3.499993800000000192e+04 5.953258037567138672e+00
