3.498010100000000239e+04 1.185360622406005859e+01
3.498018400000000111e+04 1.163951301574707031e+01
3.498026699999999983e+04 1.158810997009277344e+01
3.498034999999999854e+04 1.249112987518310547e+01
3.498043299999999726e+04 1.292381000518798828e+01
3.498051600000000326e+04 1.399539661407470703e+01
3.498059900000000198e+04 1.466403579711914062e+01
3.498068200000000070e+04 1.474062442779541016e+01
3.498076499999999942e+04 1.479700660705566406e+01
3.498084799999999814e+04 1.422411441802978516e+01
3.498093099999999686e+04 1.315458393096923828e+01
3.498101400000000285e+04 1.257509994506835938e+01
3.498109700000000157e+04 1.228837871551513672e+01
3.498118000000000029e+04 1.198960494995117188e+01
3.498126299999999901e+04 1.190377902984619141e+01
3.498134599999999773e+04 1.210513591766357422e+01
3.498142899999999645e+04 1.376555156707763672e+01
3.498151200000000244e+04 1.550150585174560547e+01
3.498159500000000116e+04 1.544286441802978516e+01
3.498167799999999988e+04 1.547446537017822266e+01
3.498176099999999860e+04 1.550622653961181641e+01
3.498184399999999732e+04 1.512952613830566406e+01
3.498192700000000332e+04 1.384910869598388672e+01
3.498201000000000204e+04 1.306324195861816406e+01
3.498209300000000076e+04 1.251624584197998047e+01
3.498217599999999948e+04 1.220878505706787109e+01
3.498225899999999820e+04 1.200237369537353516e+01
3.498234199999999691e+04 1.223862552642822266e+01
3.498242500000000291e+04 1.341740226745605469e+01
3.498250800000000163e+04 1.523657703399658203e+01
3.498259100000000035e+04 1.500459289550781250e+01
3.498267399999999907e+04 1.519219875335693359e+01
3.498275699999999779e+04 1.553079319000244141e+01
3.498283999999999651e+04 1.491328525543212891e+01
3.498292300000000250e+04 1.362871742248535156e+01
3.498300600000000122e+04 1.304002380371093750e+01
3.498308899999999994e+04 1.271087741851806641e+01
3.498317199999999866e+04 1.242375946044921875e+01
3.498325499999999738e+04 1.226416778564453125e+01
3.498333800000000338e+04 1.244472026824951172e+01
3.498342100000000210e+04 1.364680194854736328e+01
3.498350400000000081e+04 1.544272041320800781e+01
3.498358699999999953e+04 1.550898456573486328e+01
3.498366999999999825e+04 1.543633460998535156e+01
3.498375299999999697e+04 1.540984535217285156e+01
3.498383600000000297e+04 1.508013725280761719e+01
3.498391900000000169e+04 1.386005783081054688e+01
3.498400200000000041e+04 1.325531196594238281e+01
3.498408499999999913e+04 1.295790958404541016e+01
3.498416799999999785e+04 1.265588951110839844e+01
3.498425099999999657e+04 1.241617965698242188e+01
3.498433400000000256e+04 1.263825035095214844e+01
3.498441700000000128e+04 1.386833667755126953e+01
3.498450000000000000e+04 1.630698013305664062e+01
3.498458299999999872e+04 1.602295684814453125e+01
3.498466599999999744e+04 1.618756484985351562e+01
3.498474900000000343e+04 1.623878479003906250e+01
3.498483200000000215e+04 1.580522918701171875e+01
3.498491500000000087e+04 1.475753688812255859e+01
3.498499799999999959e+04 1.455780124664306641e+01
3.498508099999999831e+04 1.369315338134765625e+01
3.498516399999999703e+04 1.307593917846679688e+01
3.498524700000000303e+04 1.283155822753906250e+01
3.498533000000000175e+04 1.304366111755371094e+01
3.498541300000000047e+04 1.410819244384765625e+01
3.498549599999999919e+04 1.580639076232910156e+01
3.498557899999999790e+04 1.584634590148925781e+01
3.498566199999999662e+04 1.637435913085937500e+01
3.498574500000000262e+04 1.617266845703125000e+01
3.498582800000000134e+04 1.607854843139648438e+01
3.498591100000000006e+04 1.491440582275390625e+01
3.498599399999999878e+04 1.451645851135253906e+01
3.498607699999999750e+04 1.372152137756347656e+01
3.498616000000000349e+04 1.328950119018554688e+01
3.498624300000000221e+04 1.303109645843505859e+01
3.498632600000000093e+04 1.323294734954833984e+01
3.498640899999999965e+04 1.428913116455078125e+01
3.498649199999999837e+04 1.621404457092285156e+01
3.498657499999999709e+04 1.622833824157714844e+01
3.498665800000000309e+04 1.638171577453613281e+01
3.498674100000000180e+04 1.634652137756347656e+01
3.498682400000000052e+04 1.619024658203125000e+01
3.498690699999999924e+04 1.512234401702880859e+01
3.498698999999999796e+04 1.465594863891601562e+01
3.498707299999999668e+04 1.385038852691650391e+01
3.498715600000000268e+04 1.354554367065429688e+01
3.498723900000000140e+04 1.330376338958740234e+01
3.498732200000000012e+04 1.340543079376220703e+01
3.498740499999999884e+04 1.456955146789550781e+01
3.498748799999999756e+04 1.629669761657714844e+01
3.498757100000000355e+04 1.647650527954101562e+01
3.498765400000000227e+04 1.659308815002441406e+01
3.498773700000000099e+04 1.662282562255859375e+01
3.498781999999999971e+04 1.644553756713867188e+01
3.498790299999999843e+04 1.542875385284423828e+01
3.498798599999999715e+04 1.487334728240966797e+01
3.498806900000000314e+04 1.406310939788818359e+01
3.498815200000000186e+04 1.376141357421875000e+01
3.498823500000000058e+04 1.353757286071777344e+01
3.498831799999999930e+04 1.363245773315429688e+01
3.498840099999999802e+04 1.482546424865722656e+01
3.498848399999999674e+04 1.611105918884277344e+01
3.498856700000000274e+04 1.617555999755859375e+01
3.498865000000000146e+04 1.628690338134765625e+01
3.498873300000000017e+04 1.630585479736328125e+01
3.498881599999999889e+04 1.616146087646484375e+01
3.498889899999999761e+04 1.521013259887695312e+01
3.498898200000000361e+04 1.498858070373535156e+01
3.498906500000000233e+04 1.426711940765380859e+01
3.498914800000000105e+04 1.398335552215576172e+01
3.498923099999999977e+04 1.370189189910888672e+01
3.498931399999999849e+04 1.384235572814941406e+01
3.498939699999999721e+04 1.505777931213378906e+01
3.498948000000000320e+04 1.625216865539550781e+01
3.498956300000000192e+04 1.633599090576171875e+01
3.498964600000000064e+04 1.693117141723632812e+01
3.498972899999999936e+04 1.704759597778320312e+01
3.498981199999999808e+04 1.698381805419921875e+01
3.498989499999999680e+04 1.606660652160644531e+01
3.498997800000000279e+04 1.561620521545410156e+01
3.499006100000000151e+04 1.473565196990966797e+01
3.499014400000000023e+04 1.362468910217285156e+01
3.499022699999999895e+04 1.333201026916503906e+01
3.499030999999999767e+04 1.336112403869628906e+01
3.499039299999999639e+04 1.460307979583740234e+01
3.499047600000000239e+04 1.555152702331542969e+01
3.499055900000000111e+04 1.634968566894531250e+01
3.499064199999999983e+04 1.638232994079589844e+01
3.499072499999999854e+04 1.643261146545410156e+01
3.499080799999999726e+04 1.624000167846679688e+01
3.499089100000000326e+04 1.556462764739990234e+01
3.499097400000000198e+04 1.476643276214599609e+01
3.499105700000000070e+04 1.412269210815429688e+01
3.499113999999999942e+04 1.383316898345947266e+01
3.499122299999999814e+04 1.353118419647216797e+01
3.499130599999999686e+04 1.358484458923339844e+01
3.499138900000000285e+04 1.481397533416748047e+01
3.499147200000000157e+04 1.575882244110107422e+01
3.499155500000000029e+04 1.618531036376953125e+01
3.499163799999999901e+04 1.620567512512207031e+01
3.499172099999999773e+04 1.624105072021484375e+01
3.499180399999999645e+04 1.620624351501464844e+01
3.499188700000000244e+04 1.595492935180664062e+01
3.499197000000000116e+04 1.537338352203369141e+01
3.499205299999999988e+04 1.440625762939453125e+01
3.499213599999999860e+04 1.406144332885742188e+01
3.499221899999999732e+04 1.377145957946777344e+01
3.499230200000000332e+04 1.379594707489013672e+01
3.499238500000000204e+04 1.506435585021972656e+01
3.499246800000000076e+04 1.595374870300292969e+01
3.499255099999999948e+04 1.633223724365234375e+01
3.499263399999999820e+04 1.638597106933593750e+01
3.499271699999999691e+04 1.651668548583984375e+01
3.499280000000000291e+04 1.663285446166992188e+01
3.499288300000000163e+04 1.592028427124023438e+01
3.499296600000000035e+04 1.569265937805175781e+01
3.499304899999999907e+04 1.463509368896484375e+01
3.499313199999999779e+04 1.429804420471191406e+01
3.499321499999999651e+04 1.397960567474365234e+01
3.499329800000000250e+04 1.404000282287597656e+01
3.499338100000000122e+04 1.527895545959472656e+01
3.499346399999999994e+04 1.612547683715820312e+01
3.499354699999999866e+04 1.650653266906738281e+01
3.499362999999999738e+04 1.685116958618164062e+01
3.499371300000000338e+04 1.700454330444335938e+01
3.499379600000000210e+04 1.703156661987304688e+01
3.499387900000000081e+04 1.649102592468261719e+01
3.499396199999999953e+04 1.597114372253417969e+01
3.499404499999999825e+04 1.493402004241943359e+01
3.499412799999999697e+04 1.460192584991455078e+01
3.499421100000000297e+04 1.428510665893554688e+01
3.499429400000000169e+04 1.417959022521972656e+01
3.499437700000000041e+04 1.555212688446044922e+01
3.499445999999999913e+04 1.597511100769042969e+01
3.499454299999999785e+04 1.685083198547363281e+01
3.499462599999999657e+04 1.677909278869628906e+01
3.499470900000000256e+04 1.678416442871093750e+01
3.499479200000000128e+04 1.742620277404785156e+01
3.499487500000000000e+04 1.679429817199707031e+01
3.499495799999999872e+04 1.653325843811035156e+01
3.499504099999999744e+04 1.529960155487060547e+01
3.499512400000000343e+04 1.490174674987792969e+01
3.499520700000000215e+04 1.449656867980957031e+01
3.499529000000000087e+04 1.443421268463134766e+01
3.499537299999999959e+04 1.575479030609130859e+01
3.499545599999999831e+04 1.622344207763671875e+01
3.499553899999999703e+04 1.703880691528320312e+01
3.499562200000000303e+04 1.697531509399414062e+01
3.499570500000000175e+04 1.700157737731933594e+01
3.499578800000000047e+04 1.701120567321777344e+01
3.499587099999999919e+04 1.653927993774414062e+01
3.499595399999999790e+04 1.606057548522949219e+01
3.499603699999999662e+04 1.540846824645996094e+01
3.499612000000000262e+04 1.507891559600830078e+01
3.499620300000000134e+04 1.470740890502929688e+01
3.499628600000000006e+04 1.463479900360107422e+01
3.499636899999999878e+04 1.600217437744140625e+01
3.499645199999999750e+04 1.645617294311523438e+01
3.499653500000000349e+04 1.723372840881347656e+01
3.499661800000000221e+04 1.760995864868164062e+01
3.499670100000000093e+04 1.756624221801757812e+01
3.499678399999999965e+04 1.789912414550781250e+01
3.499686699999999837e+04 1.735803794860839844e+01
3.499694999999999709e+04 1.699339485168457031e+01
3.499703300000000309e+04 1.581412601470947266e+01
3.499711600000000180e+04 1.531696128845214844e+01
3.499719900000000052e+04 1.494636344909667969e+01
3.499728199999999924e+04 1.488132286071777344e+01
3.499736499999999796e+04 1.626547241210937500e+01
3.499744799999999668e+04 1.670114517211914062e+01
3.499753100000000268e+04 1.746524238586425781e+01
3.499761400000000140e+04 1.744624900817871094e+01
3.499769700000000012e+04 1.741711616516113281e+01
3.499777999999999884e+04 1.748610305786132812e+01
3.499786299999999756e+04 1.721319961547851562e+01
3.499794600000000355e+04 1.669762039184570312e+01
3.499802900000000227e+04 1.593271160125732422e+01
3.499811200000000099e+04 1.556642246246337891e+01
3.499819499999999971e+04 1.520721626281738281e+01
3.499827799999999843e+04 1.514018630981445312e+01
3.499836099999999715e+04 1.641107368469238281e+01
3.499844400000000314e+04 1.686420440673828125e+01
3.499852700000000186e+04 1.809514617919921875e+01
3.499861000000000058e+04 1.827814483642578125e+01
3.499869299999999930e+04 1.834192276000976562e+01
3.499877599999999802e+04 1.836473846435546875e+01
3.499885899999999674e+04 1.803921890258789062e+01
3.499894200000000274e+04 1.769631767272949219e+01
3.499902500000000146e+04 1.653581619262695312e+01
3.499910800000000017e+04 1.601116561889648438e+01
3.499919099999999889e+04 1.549004745483398438e+01
3.499927399999999761e+04 1.528794479370117188e+01
3.499935700000000361e+04 1.665589523315429688e+01
3.499944000000000233e+04 1.707694244384765625e+01
3.499952300000000105e+04 1.801601982116699219e+01
3.499960599999999977e+04 1.812999153137207031e+01
3.499968899999999849e+04 1.844080162048339844e+01
3.499977199999999721e+04 1.845938301086425781e+01
3.499985500000000320e+04 1.828069877624511719e+01
3.499993800000000192e+04 1.782816123962402344e+01
