2.500009800000000178e+04 6.454738769531250000e+02
2.500018100000000049e+04 6.454832153320312500e+02
2.500026399999999921e+04 6.454938354492187500e+02
2.500034700000000157e+04 6.455045776367187500e+02
2.500043000000000029e+04 6.455128173828125000e+02
2.500051299999999901e+04 6.455044555664062500e+02
2.500059600000000137e+04 6.454478759765625000e+02
2.500067900000000009e+04 6.454130859375000000e+02
2.500076199999999881e+04 6.454196777343750000e+02
2.500084500000000116e+04 6.454280395507812500e+02
2.500092799999999988e+04 6.454356079101562500e+02
2.500101099999999860e+04 6.454440917968750000e+02
2.500109400000000096e+04 6.454525756835937500e+02
2.500117699999999968e+04 6.454614257812500000e+02
2.500125999999999840e+04 6.454719848632812500e+02
2.500134300000000076e+04 6.454832153320312500e+02
2.500142599999999948e+04 6.454916381835937500e+02
2.500150899999999820e+04 6.454854736328125000e+02
2.500159200000000055e+04 6.454331665039062500e+02
2.500167499999999927e+04 6.453984985351562500e+02
2.500175800000000163e+04 6.454050292968750000e+02
2.500184100000000035e+04 6.454133911132812500e+02
2.500192399999999907e+04 6.454210205078125000e+02
2.500200700000000143e+04 6.454295043945312500e+02
2.500209000000000015e+04 6.454379272460937500e+02
2.500217299999999886e+04 6.454470214843750000e+02
2.500225600000000122e+04 6.454575805664062500e+02
2.500233899999999994e+04 6.454688110351562500e+02
2.500242199999999866e+04 6.454772338867187500e+02
2.500250500000000102e+04 6.454712524414062500e+02
2.500258799999999974e+04 6.454190673828125000e+02
2.500267099999999846e+04 6.453842773437500000e+02
2.500275400000000081e+04 6.453906860351562500e+02
2.500283699999999953e+04 6.453989868164062500e+02
2.500291999999999825e+04 6.454066162109375000e+02
2.500300300000000061e+04 6.454151000976562500e+02
2.500308599999999933e+04 6.454235839843750000e+02
2.500316900000000169e+04 6.454325561523437500e+02
2.500325200000000041e+04 6.454430541992187500e+02
2.500333499999999913e+04 6.454542236328125000e+02
2.500341800000000148e+04 6.454626464843750000e+02
2.500350100000000020e+04 6.454565429687500000e+02
2.500358399999999892e+04 6.454043579101562500e+02
2.500366700000000128e+04 6.453696289062500000e+02
2.500375000000000000e+04 6.453761596679687500e+02
2.500383299999999872e+04 6.453847045898437500e+02
2.500391600000000108e+04 6.453921508789062500e+02
2.500399899999999980e+04 6.454006347656250000e+02
2.500408199999999852e+04 6.454091186523437500e+02
2.500416500000000087e+04 6.454180908203125000e+02
2.500424799999999959e+04 6.454285888671875000e+02
2.500433099999999831e+04 6.454398193359375000e+02
2.500441400000000067e+04 6.454482421875000000e+02
2.500449699999999939e+04 6.454420776367187500e+02
2.500458000000000175e+04 6.453896484375000000e+02
2.500466300000000047e+04 6.453500976562500000e+02
2.500474599999999919e+04 6.453482055664062500e+02
2.500482900000000154e+04 6.453564453125000000e+02
2.500491200000000026e+04 6.453640747070312500e+02
2.500499499999999898e+04 6.453722534179687500e+02
2.500507800000000134e+04 6.453806762695312500e+02
2.500516100000000006e+04 6.453894042968750000e+02
2.500524399999999878e+04 6.453995971679687500e+02
2.500532700000000114e+04 6.454105834960937500e+02
2.500540999999999985e+04 6.454194946289062500e+02
2.500549299999999857e+04 6.454158325195312500e+02
2.500557600000000093e+04 6.453710327148437500e+02
2.500565899999999965e+04 6.453313598632812500e+02
2.500574199999999837e+04 6.453296508789062500e+02
2.500582500000000073e+04 6.453379516601562500e+02
2.500590799999999945e+04 6.453455200195312500e+02
2.500599100000000180e+04 6.453536987304687500e+02
2.500607400000000052e+04 6.453620605468750000e+02
2.500615699999999924e+04 6.453707885742187500e+02
2.500624000000000160e+04 6.453809814453125000e+02
2.500632300000000032e+04 6.453919067382812500e+02
2.500640599999999904e+04 6.454008178710937500e+02
2.500648900000000140e+04 6.453975219726562500e+02
2.500657200000000012e+04 6.453528442382812500e+02
2.500665499999999884e+04 6.453131713867187500e+02
2.500673800000000119e+04 6.453115234375000000e+02
2.500682099999999991e+04 6.453199462890625000e+02
2.500690399999999863e+04 6.453276977539062500e+02
2.500698700000000099e+04 6.453358764648437500e+02
2.500706999999999971e+04 6.453442993164062500e+02
2.500715299999999843e+04 6.453530883789062500e+02
2.500723600000000079e+04 6.453632202148437500e+02
2.500731899999999951e+04 6.453742065429687500e+02
2.500740199999999822e+04 6.453831176757812500e+02
2.500748500000000058e+04 6.453797607421875000e+02
2.500756799999999930e+04 6.453352050781250000e+02
2.500765100000000166e+04 6.452955322265625000e+02
2.500773400000000038e+04 6.452938232421875000e+02
2.500781699999999910e+04 6.453022460937500000e+02
2.500790000000000146e+04 6.453099365234375000e+02
2.500798300000000017e+04 6.453181152343750000e+02
2.500806599999999889e+04 6.453265380859375000e+02
2.500814900000000125e+04 6.453352661132812500e+02
2.500823199999999997e+04 6.453453979492187500e+02
2.500831499999999869e+04 6.453563842773437500e+02
2.500839800000000105e+04 6.453649902343750000e+02
2.500848099999999977e+04 6.453617553710937500e+02
2.500856399999999849e+04 6.453169555664062500e+02
2.500864700000000084e+04 6.452719726562500000e+02
2.500872999999999956e+04 6.452587890625000000e+02
2.500881299999999828e+04 6.452645874023437500e+02
2.500889600000000064e+04 6.452719116210937500e+02
2.500897899999999936e+04 6.452798461914062500e+02
2.500906200000000172e+04 6.452882080078125000e+02
2.500914500000000044e+04 6.452969360351562500e+02
2.500922799999999916e+04 6.453068237304687500e+02
2.500931100000000151e+04 6.453177490234375000e+02
2.500939400000000023e+04 6.453272705078125000e+02
2.500947699999999895e+04 6.453270263671875000e+02
2.500956000000000131e+04 6.452939453125000000e+02
2.500964300000000003e+04 6.452492065429687500e+02
2.500972599999999875e+04 6.452390136718750000e+02
2.500980900000000111e+04 6.452470092773437500e+02
2.500989199999999983e+04 6.452548828125000000e+02
2.500997499999999854e+04 6.452629394531250000e+02
2.501005800000000090e+04 6.452714233398437500e+02
2.501014099999999962e+04 6.452799682617187500e+02
2.501022399999999834e+04 6.452898559570312500e+02
2.501030700000000070e+04 6.453007812500000000e+02
2.501038999999999942e+04 6.453101806640625000e+02
2.501047300000000178e+04 6.453098754882812500e+02
2.501055600000000049e+04 6.452769165039062500e+02
2.501063899999999921e+04 6.452321166992187500e+02
2.501072200000000157e+04 6.452206420898437500e+02
2.501080500000000029e+04 6.452278442382812500e+02
2.501088799999999901e+04 6.452355346679687500e+02
2.501097100000000137e+04 6.452435913085937500e+02
2.501105400000000009e+04 6.452518310546875000e+02
2.501113699999999881e+04 6.452605590820312500e+02
2.501122000000000116e+04 6.452703857421875000e+02
2.501130299999999988e+04 6.452812500000000000e+02
2.501138599999999860e+04 6.452907714843750000e+02
2.501146900000000096e+04 6.452904052734375000e+02
2.501155199999999968e+04 6.452573852539062500e+02
2.501163499999999840e+04 6.452125244140625000e+02
2.501171800000000076e+04 6.452023925781250000e+02
2.501180099999999948e+04 6.452103881835937500e+02
2.501188399999999820e+04 6.452182617187500000e+02
2.501196700000000055e+04 6.452261352539062500e+02
2.501204999999999927e+04 6.452344360351562500e+02
2.501213300000000163e+04 6.452430419921875000e+02
2.501221600000000035e+04 6.452529296875000000e+02
2.501229899999999907e+04 6.452638549804687500e+02
2.501238200000000143e+04 6.452732543945312500e+02
2.501246500000000015e+04 6.452727050781250000e+02
2.501254799999999886e+04 6.452396240234375000e+02
2.501263100000000122e+04 6.451947631835937500e+02
2.501271399999999994e+04 6.451764526367187500e+02
2.501279699999999866e+04 6.451840209960937500e+02
2.501288000000000102e+04 6.451920776367187500e+02
2.501296299999999974e+04 6.451998901367187500e+02
2.501304599999999846e+04 6.452083129882812500e+02
2.501312900000000081e+04 6.452169799804687500e+02
2.501321199999999953e+04 6.452269897460937500e+02
2.501329499999999825e+04 6.452377319335937500e+02
2.501337800000000061e+04 6.452478027343750000e+02
2.501346099999999933e+04 6.452504882812500000e+02
2.501354400000000169e+04 6.452285156250000000e+02
2.501362700000000041e+04 6.451785278320312500e+02
2.501370999999999913e+04 6.451596069335937500e+02
2.501379300000000148e+04 6.451657714843750000e+02
2.501387600000000020e+04 6.451738891601562500e+02
2.501395899999999892e+04 6.451817016601562500e+02
2.501404200000000128e+04 6.451901855468750000e+02
2.501412500000000000e+04 6.451989135742187500e+02
2.501420799999999872e+04 6.452085571289062500e+02
2.501429100000000108e+04 6.452193603515625000e+02
2.501437399999999980e+04 6.452294311523437500e+02
2.501445699999999852e+04 6.452320556640625000e+02
2.501454000000000087e+04 6.452096557617187500e+02
2.501462299999999959e+04 6.451599731445312500e+02
2.501470599999999831e+04 6.451415405273437500e+02
2.501478900000000067e+04 6.451490478515625000e+02
2.501487199999999939e+04 6.451571044921875000e+02
2.501495500000000175e+04 6.451650390625000000e+02
2.501503800000000047e+04 6.451735229492187500e+02
2.501512099999999919e+04 6.451821899414062500e+02
2.501520400000000154e+04 6.451916503906250000e+02
2.501528700000000026e+04 6.452024536132812500e+02
2.501536999999999898e+04 6.452125854492187500e+02
2.501545300000000134e+04 6.452152709960937500e+02
2.501553600000000006e+04 6.451928710937500000e+02
2.501561899999999878e+04 6.451431884765625000e+02
2.501570200000000114e+04 6.451246337890625000e+02
2.501578499999999985e+04 6.451320800781250000e+02
2.501586799999999857e+04 6.451401977539062500e+02
2.501595100000000093e+04 6.451481323242187500e+02
2.501603399999999965e+04 6.451566162109375000e+02
2.501611699999999837e+04 6.451652832031250000e+02
2.501620000000000073e+04 6.451748046875000000e+02
2.501628299999999945e+04 6.451856689453125000e+02
2.501636600000000180e+04 6.451958618164062500e+02
2.501644900000000052e+04 6.451985473632812500e+02
2.501653199999999924e+04 6.451763305664062500e+02
2.501661500000000160e+04 6.451266479492187500e+02
2.501669800000000032e+04 6.450999755859375000e+02
2.501678099999999904e+04 6.451069946289062500e+02
2.501686400000000140e+04 6.451152343750000000e+02
2.501694700000000012e+04 6.451230468750000000e+02
2.501702999999999884e+04 6.451314086914062500e+02
2.501711300000000119e+04 6.451400756835937500e+02
2.501719599999999991e+04 6.451497192382812500e+02
2.501727899999999863e+04 6.451604614257812500e+02
2.501736200000000099e+04 6.451705932617187500e+02
2.501744499999999971e+04 6.451760253906250000e+02
2.501752799999999843e+04 6.451646118164062500e+02
2.501761100000000079e+04 6.451099853515625000e+02
2.501769399999999951e+04 6.450831909179687500e+02
2.501777699999999822e+04 6.450902099609375000e+02
2.501786000000000058e+04 6.450982666015625000e+02
2.501794299999999930e+04 6.451058349609375000e+02
2.501802600000000166e+04 6.451143188476562500e+02
2.501810900000000038e+04 6.451229248046875000e+02
2.501819199999999910e+04 6.451322021484375000e+02
2.501827500000000146e+04 6.451429443359375000e+02
2.501835800000000017e+04 6.451536254882812500e+02
2.501844099999999889e+04 6.451591796875000000e+02
2.501852400000000125e+04 6.451483154296875000e+02
2.501860699999999997e+04 6.450937500000000000e+02
2.501868999999999869e+04 6.450668945312500000e+02
2.501877300000000105e+04 6.450737915039062500e+02
2.501885599999999977e+04 6.450820922851562500e+02
2.501893899999999849e+04 6.450899047851562500e+02
2.501902200000000084e+04 6.450982055664062500e+02
2.501910499999999956e+04 6.451068725585937500e+02
2.501918799999999828e+04 6.451161499023437500e+02
2.501927100000000064e+04 6.451268920898437500e+02
2.501935399999999936e+04 6.451375732421875000e+02
2.501943700000000172e+04 6.451430053710937500e+02
2.501952000000000044e+04 6.451322631835937500e+02
2.501960299999999916e+04 6.450775146484375000e+02
2.501968600000000151e+04 6.450506591796875000e+02
2.501976900000000023e+04 6.450573730468750000e+02
2.501985199999999895e+04 6.450656738281250000e+02
2.501993500000000131e+04 6.450734252929687500e+02
