2.500009800000000178e+04 6.453475952148437500e+02
2.500018100000000049e+04 6.453562011718750000e+02
2.500026399999999921e+04 6.453661499023437500e+02
2.500034700000000157e+04 6.453761596679687500e+02
2.500043000000000029e+04 6.453837280273437500e+02
2.500051299999999901e+04 6.453745727539062500e+02
2.500059600000000137e+04 6.453170166015625000e+02
2.500067900000000009e+04 6.452817382812500000e+02
2.500076199999999881e+04 6.452875976562500000e+02
2.500084500000000116e+04 6.452948608398437500e+02
2.500092799999999988e+04 6.453014526367187500e+02
2.500101099999999860e+04 6.453090209960937500e+02
2.500109400000000096e+04 6.453167724609375000e+02
2.500117699999999968e+04 6.453250732421875000e+02
2.500125999999999840e+04 6.453347778320312500e+02
2.500134300000000076e+04 6.453452758789062500e+02
2.500142599999999948e+04 6.453529052734375000e+02
2.500150899999999820e+04 6.453460693359375000e+02
2.500159200000000055e+04 6.452928466796875000e+02
2.500167499999999927e+04 6.452576904296875000e+02
2.500175800000000163e+04 6.452636108398437500e+02
2.500184100000000035e+04 6.452709350585937500e+02
2.500192399999999907e+04 6.452775268554687500e+02
2.500200700000000143e+04 6.452851562500000000e+02
2.500209000000000015e+04 6.452929687500000000e+02
2.500217299999999886e+04 6.453011474609375000e+02
2.500225600000000122e+04 6.453109741210937500e+02
2.500233899999999994e+04 6.453214111328125000e+02
2.500242199999999866e+04 6.453289794921875000e+02
2.500250500000000102e+04 6.453222045898437500e+02
2.500258799999999974e+04 6.452689819335937500e+02
2.500267099999999846e+04 6.452337036132812500e+02
2.500275400000000081e+04 6.452395629882812500e+02
2.500283699999999953e+04 6.452468261718750000e+02
2.500291999999999825e+04 6.452535400390625000e+02
2.500300300000000061e+04 6.452612304687500000e+02
2.500308599999999933e+04 6.452689208984375000e+02
2.500316900000000169e+04 6.452772216796875000e+02
2.500325200000000041e+04 6.452870483398437500e+02
2.500333499999999913e+04 6.452974853515625000e+02
2.500341800000000148e+04 6.453051147460937500e+02
2.500350100000000020e+04 6.452982177734375000e+02
2.500358399999999892e+04 6.452449340820312500e+02
2.500366700000000128e+04 6.452094116210937500e+02
2.500375000000000000e+04 6.452153320312500000e+02
2.500383299999999872e+04 6.452227783203125000e+02
2.500391600000000108e+04 6.452293701171875000e+02
2.500399899999999980e+04 6.452369995117187500e+02
2.500408199999999852e+04 6.452447509765625000e+02
2.500416500000000087e+04 6.452529296875000000e+02
2.500424799999999959e+04 6.452626953125000000e+02
2.500433099999999831e+04 6.452732543945312500e+02
2.500441400000000067e+04 6.452809448242187500e+02
2.500449699999999939e+04 6.452741088867187500e+02
2.500458000000000175e+04 6.452207031250000000e+02
2.500466300000000047e+04 6.451805419921875000e+02
2.500474599999999919e+04 6.451782836914062500e+02
2.500482900000000154e+04 6.451857910156250000e+02
2.500491200000000026e+04 6.451924438476562500e+02
2.500499499999999898e+04 6.451996459960937500e+02
2.500507800000000134e+04 6.452072143554687500e+02
2.500516100000000006e+04 6.452151489257812500e+02
2.500524399999999878e+04 6.452245483398437500e+02
2.500532700000000114e+04 6.452348022460937500e+02
2.500540999999999985e+04 6.452429199218750000e+02
2.500549299999999857e+04 6.452388916015625000e+02
2.500557600000000093e+04 6.451932373046875000e+02
2.500565899999999965e+04 6.451528930664062500e+02
2.500574199999999837e+04 6.451505737304687500e+02
2.500582500000000073e+04 6.451580810546875000e+02
2.500590799999999945e+04 6.451647338867187500e+02
2.500599100000000180e+04 6.451721191406250000e+02
2.500607400000000052e+04 6.451796875000000000e+02
2.500615699999999924e+04 6.451878051757812500e+02
2.500624000000000160e+04 6.451972045898437500e+02
2.500632300000000032e+04 6.452074584960937500e+02
2.500640599999999904e+04 6.452155151367187500e+02
2.500648900000000140e+04 6.452113647460937500e+02
2.500657200000000012e+04 6.451658935546875000e+02
2.500665499999999884e+04 6.451255493164062500e+02
2.500673800000000119e+04 6.451232910156250000e+02
2.500682099999999991e+04 6.451308593750000000e+02
2.500690399999999863e+04 6.451374511718750000e+02
2.500698700000000099e+04 6.451448364257812500e+02
2.500706999999999971e+04 6.451524047851562500e+02
2.500715299999999843e+04 6.451604003906250000e+02
2.500723600000000079e+04 6.451697998046875000e+02
2.500731899999999951e+04 6.451800537109375000e+02
2.500740199999999822e+04 6.451881713867187500e+02
2.500748500000000058e+04 6.451841430664062500e+02
2.500756799999999930e+04 6.451385498046875000e+02
2.500765100000000166e+04 6.450982055664062500e+02
2.500773400000000038e+04 6.450960083007812500e+02
2.500781699999999910e+04 6.451034545898437500e+02
2.500790000000000146e+04 6.451102294921875000e+02
2.500798300000000017e+04 6.451175537109375000e+02
2.500806599999999889e+04 6.451251831054687500e+02
2.500814900000000125e+04 6.451331176757812500e+02
2.500823199999999997e+04 6.451425170898437500e+02
2.500831499999999869e+04 6.451526489257812500e+02
2.500839800000000105e+04 6.451607666015625000e+02
2.500848099999999977e+04 6.451566772460937500e+02
2.500856399999999849e+04 6.451110229492187500e+02
2.500864700000000084e+04 6.450656127929687500e+02
2.500872999999999956e+04 6.450551147460937500e+02
2.500881299999999828e+04 6.450621948242187500e+02
2.500889600000000064e+04 6.450691528320312500e+02
2.500897899999999936e+04 6.450763549804687500e+02
2.500906200000000172e+04 6.450839843750000000e+02
2.500914500000000044e+04 6.450920410156250000e+02
2.500922799999999916e+04 6.451011962890625000e+02
2.500931100000000151e+04 6.451112060546875000e+02
2.500939400000000023e+04 6.451199340820312500e+02
2.500947699999999895e+04 6.451188354492187500e+02
2.500956000000000131e+04 6.450848388671875000e+02
2.500964300000000003e+04 6.450392456054687500e+02
2.500972599999999875e+04 6.450285034179687500e+02
2.500980900000000111e+04 6.450355834960937500e+02
2.500989199999999983e+04 6.450425415039062500e+02
2.500997499999999854e+04 6.450496826171875000e+02
2.501005800000000090e+04 6.450573120117187500e+02
2.501014099999999962e+04 6.450652465820312500e+02
2.501022399999999834e+04 6.450743408203125000e+02
2.501030700000000070e+04 6.450844726562500000e+02
2.501038999999999942e+04 6.450931396484375000e+02
2.501047300000000178e+04 6.450920410156250000e+02
2.501055600000000049e+04 6.450580444335937500e+02
2.501063899999999921e+04 6.450126342773437500e+02
2.501072200000000157e+04 6.450021362304687500e+02
2.501080500000000029e+04 6.450092163085937500e+02
2.501088799999999901e+04 6.450162353515625000e+02
2.501097100000000137e+04 6.450234375000000000e+02
2.501105400000000009e+04 6.450310058593750000e+02
2.501113699999999881e+04 6.450390014648437500e+02
2.501122000000000116e+04 6.450480957031250000e+02
2.501130299999999988e+04 6.450582275390625000e+02
2.501138599999999860e+04 6.450669555664062500e+02
2.501146900000000096e+04 6.450657958984375000e+02
2.501155199999999968e+04 6.450318603515625000e+02
2.501163499999999840e+04 6.449864501953125000e+02
2.501171800000000076e+04 6.449758300781250000e+02
2.501180099999999948e+04 6.449829101562500000e+02
2.501188399999999820e+04 6.449898071289062500e+02
2.501196700000000055e+04 6.449969482421875000e+02
2.501204999999999927e+04 6.450045776367187500e+02
2.501213300000000163e+04 6.450123901367187500e+02
2.501221600000000035e+04 6.450214843750000000e+02
2.501229899999999907e+04 6.450316162109375000e+02
2.501238200000000143e+04 6.450404052734375000e+02
2.501246500000000015e+04 6.450392456054687500e+02
2.501254799999999886e+04 6.450051269531250000e+02
2.501263100000000122e+04 6.449594726562500000e+02
2.501271399999999994e+04 6.449406127929687500e+02
2.501279699999999866e+04 6.449472656250000000e+02
2.501288000000000102e+04 6.449544067382812500e+02
2.501296299999999974e+04 6.449612426757812500e+02
2.501304599999999846e+04 6.449688720703125000e+02
2.501312900000000081e+04 6.449768066406250000e+02
2.501321199999999953e+04 6.449859008789062500e+02
2.501329499999999825e+04 6.449959106445312500e+02
2.501337800000000061e+04 6.450051879882812500e+02
2.501346099999999933e+04 6.450070800781250000e+02
2.501354400000000169e+04 6.449843750000000000e+02
2.501362700000000041e+04 6.449338378906250000e+02
2.501370999999999913e+04 6.449149780273437500e+02
2.501379300000000148e+04 6.449215698242187500e+02
2.501387600000000020e+04 6.449287719726562500e+02
2.501395899999999892e+04 6.449357910156250000e+02
2.501404200000000128e+04 6.449433593750000000e+02
2.501412500000000000e+04 6.449512939453125000e+02
2.501420799999999872e+04 6.449601440429687500e+02
2.501429100000000108e+04 6.449702148437500000e+02
2.501437399999999980e+04 6.449795532226562500e+02
2.501445699999999852e+04 6.449814453125000000e+02
2.501454000000000087e+04 6.449585571289062500e+02
2.501462299999999959e+04 6.449078979492187500e+02
2.501470599999999831e+04 6.448889770507812500e+02
2.501478900000000067e+04 6.448954467773437500e+02
2.501487199999999939e+04 6.449025268554687500e+02
2.501495500000000175e+04 6.449095458984375000e+02
2.501503800000000047e+04 6.449171142578125000e+02
2.501512099999999919e+04 6.449251098632812500e+02
2.501520400000000154e+04 6.449338989257812500e+02
2.501528700000000026e+04 6.449440307617187500e+02
2.501536999999999898e+04 6.449533691406250000e+02
2.501545300000000134e+04 6.449551391601562500e+02
2.501553600000000006e+04 6.449321899414062500e+02
2.501561899999999878e+04 6.448816528320312500e+02
2.501570200000000114e+04 6.448627319335937500e+02
2.501578499999999985e+04 6.448692626953125000e+02
2.501586799999999857e+04 6.448764038085937500e+02
2.501595100000000093e+04 6.448834228515625000e+02
2.501603399999999965e+04 6.448910522460937500e+02
2.501611699999999837e+04 6.448988037109375000e+02
2.501620000000000073e+04 6.449076538085937500e+02
2.501628299999999945e+04 6.449177246093750000e+02
2.501636600000000180e+04 6.449271240234375000e+02
2.501644900000000052e+04 6.449290161132812500e+02
2.501653199999999924e+04 6.449058837890625000e+02
2.501661500000000160e+04 6.448551635742187500e+02
2.501669800000000032e+04 6.448278808593750000e+02
2.501678099999999904e+04 6.448342285156250000e+02
2.501686400000000140e+04 6.448416137695312500e+02
2.501694700000000012e+04 6.448484497070312500e+02
2.501702999999999884e+04 6.448560791015625000e+02
2.501711300000000119e+04 6.448639526367187500e+02
2.501719599999999991e+04 6.448728027343750000e+02
2.501727899999999863e+04 6.448826904296875000e+02
2.501736200000000099e+04 6.448921508789062500e+02
2.501744499999999971e+04 6.448967285156250000e+02
2.501752799999999843e+04 6.448845214843750000e+02
2.501761100000000079e+04 6.448286132812500000e+02
2.501769399999999951e+04 6.448012695312500000e+02
2.501777699999999822e+04 6.448076171875000000e+02
2.501786000000000058e+04 6.448149414062500000e+02
2.501794299999999930e+04 6.448218383789062500e+02
2.501802600000000166e+04 6.448294067382812500e+02
2.501810900000000038e+04 6.448372192382812500e+02
2.501819199999999910e+04 6.448458251953125000e+02
2.501827500000000146e+04 6.448558349609375000e+02
2.501835800000000017e+04 6.448657836914062500e+02
2.501844099999999889e+04 6.448705444335937500e+02
2.501852400000000125e+04 6.448589477539062500e+02
2.501860699999999997e+04 6.448033447265625000e+02
2.501868999999999869e+04 6.447761230468750000e+02
2.501877300000000105e+04 6.447824096679687500e+02
2.501885599999999977e+04 6.447896728515625000e+02
2.501893899999999849e+04 6.447965698242187500e+02
2.501902200000000084e+04 6.448042602539062500e+02
2.501910499999999956e+04 6.448120727539062500e+02
2.501918799999999828e+04 6.448206787109375000e+02
2.501927100000000064e+04 6.448306274414062500e+02
2.501935399999999936e+04 6.448406372070312500e+02
2.501943700000000172e+04 6.448453979492187500e+02
2.501952000000000044e+04 6.448337402343750000e+02
2.501960299999999916e+04 6.447781372070312500e+02
2.501968600000000151e+04 6.447509155273437500e+02
2.501976900000000023e+04 6.447572631835937500e+02
2.501985199999999895e+04 6.447646484375000000e+02
2.501993500000000131e+04 6.447715454101562500e+02
