2.500009800000000178e+04 7.173641967773437500e+02
2.500018100000000049e+04 7.173728027343750000e+02
2.500026399999999921e+04 7.173828125000000000e+02
2.500034700000000157e+04 7.173927612304687500e+02
2.500043000000000029e+04 7.174003295898437500e+02
2.500051299999999901e+04 7.173911743164062500e+02
2.500059600000000137e+04 7.173336791992187500e+02
2.500067900000000009e+04 7.172983398437500000e+02
2.500076199999999881e+04 7.173041992187500000e+02
2.500084500000000116e+04 7.173114624023437500e+02
2.500092799999999988e+04 7.173180541992187500e+02
2.500101099999999860e+04 7.173256225585937500e+02
2.500109400000000096e+04 7.173334350585937500e+02
2.500117699999999968e+04 7.173416748046875000e+02
2.500125999999999840e+04 7.173513793945312500e+02
2.500134300000000076e+04 7.173618774414062500e+02
2.500142599999999948e+04 7.173695678710937500e+02
2.500150899999999820e+04 7.173626708984375000e+02
2.500159200000000055e+04 7.173094482421875000e+02
2.500167499999999927e+04 7.172742919921875000e+02
2.500175800000000163e+04 7.172802734375000000e+02
2.500184100000000035e+04 7.172875976562500000e+02
2.500192399999999907e+04 7.172941894531250000e+02
2.500200700000000143e+04 7.173018188476562500e+02
2.500209000000000015e+04 7.173095703125000000e+02
2.500217299999999886e+04 7.173177490234375000e+02
2.500225600000000122e+04 7.173275756835937500e+02
2.500233899999999994e+04 7.173380126953125000e+02
2.500242199999999866e+04 7.173455810546875000e+02
2.500250500000000102e+04 7.173388061523437500e+02
2.500258799999999974e+04 7.172855834960937500e+02
2.500267099999999846e+04 7.172503051757812500e+02
2.500275400000000081e+04 7.172561645507812500e+02
2.500283699999999953e+04 7.172634887695312500e+02
2.500291999999999825e+04 7.172701416015625000e+02
2.500300300000000061e+04 7.172778320312500000e+02
2.500308599999999933e+04 7.172855224609375000e+02
2.500316900000000169e+04 7.172938232421875000e+02
2.500325200000000041e+04 7.173036499023437500e+02
2.500333499999999913e+04 7.173141479492187500e+02
2.500341800000000148e+04 7.173217773437500000e+02
2.500350100000000020e+04 7.173148803710937500e+02
2.500358399999999892e+04 7.172615356445312500e+02
2.500366700000000128e+04 7.172260742187500000e+02
2.500375000000000000e+04 7.172319335937500000e+02
2.500383299999999872e+04 7.172394409179687500e+02
2.500391600000000108e+04 7.172459716796875000e+02
2.500399899999999980e+04 7.172536010742187500e+02
2.500408199999999852e+04 7.172614135742187500e+02
2.500416500000000087e+04 7.172695312500000000e+02
2.500424799999999959e+04 7.172792968750000000e+02
2.500433099999999831e+04 7.172898559570312500e+02
2.500441400000000067e+04 7.172975463867187500e+02
2.500449699999999939e+04 7.172907714843750000e+02
2.500458000000000175e+04 7.172373046875000000e+02
2.500466300000000047e+04 7.171972045898437500e+02
2.500474599999999919e+04 7.171949462890625000e+02
2.500482900000000154e+04 7.172024536132812500e+02
2.500491200000000026e+04 7.172090454101562500e+02
2.500499499999999898e+04 7.172162475585937500e+02
2.500507800000000134e+04 7.172238159179687500e+02
2.500516100000000006e+04 7.172317504882812500e+02
2.500524399999999878e+04 7.172412109375000000e+02
2.500532700000000114e+04 7.172514038085937500e+02
2.500540999999999985e+04 7.172595214843750000e+02
2.500549299999999857e+04 7.172554931640625000e+02
2.500557600000000093e+04 7.172098999023437500e+02
2.500565899999999965e+04 7.171694946289062500e+02
2.500574199999999837e+04 7.171672363281250000e+02
2.500582500000000073e+04 7.171746826171875000e+02
2.500590799999999945e+04 7.171813964843750000e+02
2.500599100000000180e+04 7.171887207031250000e+02
2.500607400000000052e+04 7.171963500976562500e+02
2.500615699999999924e+04 7.172044067382812500e+02
2.500624000000000160e+04 7.172138061523437500e+02
2.500632300000000032e+04 7.172241210937500000e+02
2.500640599999999904e+04 7.172321166992187500e+02
2.500648900000000140e+04 7.172279663085937500e+02
2.500657200000000012e+04 7.171824951171875000e+02
2.500665499999999884e+04 7.171421508789062500e+02
2.500673800000000119e+04 7.171399536132812500e+02
2.500682099999999991e+04 7.171474609375000000e+02
2.500690399999999863e+04 7.171540527343750000e+02
2.500698700000000099e+04 7.171614379882812500e+02
2.500706999999999971e+04 7.171690673828125000e+02
2.500715299999999843e+04 7.171770629882812500e+02
2.500723600000000079e+04 7.171864013671875000e+02
2.500731899999999951e+04 7.171966552734375000e+02
2.500740199999999822e+04 7.172047729492187500e+02
2.500748500000000058e+04 7.172007446289062500e+02
2.500756799999999930e+04 7.171551513671875000e+02
2.500765100000000166e+04 7.171148681640625000e+02
2.500773400000000038e+04 7.171126098632812500e+02
2.500781699999999910e+04 7.171201171875000000e+02
2.500790000000000146e+04 7.171268920898437500e+02
2.500798300000000017e+04 7.171341552734375000e+02
2.500806599999999889e+04 7.171417846679687500e+02
2.500814900000000125e+04 7.171497192382812500e+02
2.500823199999999997e+04 7.171591186523437500e+02
2.500831499999999869e+04 7.171693115234375000e+02
2.500839800000000105e+04 7.171773681640625000e+02
2.500848099999999977e+04 7.171732788085937500e+02
2.500856399999999849e+04 7.171276245117187500e+02
2.500864700000000084e+04 7.170822143554687500e+02
2.500872999999999956e+04 7.170717163085937500e+02
2.500881299999999828e+04 7.170787963867187500e+02
2.500889600000000064e+04 7.170858154296875000e+02
2.500897899999999936e+04 7.170930175781250000e+02
2.500906200000000172e+04 7.171006469726562500e+02
2.500914500000000044e+04 7.171086425781250000e+02
2.500922799999999916e+04 7.171177978515625000e+02
2.500931100000000151e+04 7.171278686523437500e+02
2.500939400000000023e+04 7.171365356445312500e+02
2.500947699999999895e+04 7.171354370117187500e+02
2.500956000000000131e+04 7.171014404296875000e+02
2.500964300000000003e+04 7.170558471679687500e+02
2.500972599999999875e+04 7.170451049804687500e+02
2.500980900000000111e+04 7.170521850585937500e+02
2.500989199999999983e+04 7.170591430664062500e+02
2.500997499999999854e+04 7.170662841796875000e+02
2.501005800000000090e+04 7.171514282226562500e+02
2.501014099999999962e+04 7.171593627929687500e+02
2.501022399999999834e+04 7.171684570312500000e+02
2.501030700000000070e+04 7.171785888671875000e+02
2.501038999999999942e+04 7.171872558593750000e+02
2.501047300000000178e+04 7.171861572265625000e+02
2.501055600000000049e+04 7.171522216796875000e+02
2.501063899999999921e+04 7.171068115234375000e+02
2.501072200000000157e+04 7.170962524414062500e+02
2.501080500000000029e+04 7.171033325195312500e+02
2.501088799999999901e+04 7.171103515625000000e+02
2.501097100000000137e+04 7.171175537109375000e+02
2.501105400000000009e+04 7.171251831054687500e+02
2.501113699999999881e+04 7.171331176757812500e+02
2.501122000000000116e+04 7.171422119140625000e+02
2.501130299999999988e+04 7.171523437500000000e+02
2.501138599999999860e+04 7.171610717773437500e+02
2.501146900000000096e+04 7.171599121093750000e+02
2.501155199999999968e+04 7.171259765625000000e+02
2.501163499999999840e+04 7.170805664062500000e+02
2.501171800000000076e+04 7.170699462890625000e+02
2.501180099999999948e+04 7.170770263671875000e+02
2.501188399999999820e+04 7.170839843750000000e+02
2.501196700000000055e+04 7.170911254882812500e+02
2.501204999999999927e+04 7.170986938476562500e+02
2.501213300000000163e+04 7.171065063476562500e+02
2.501221600000000035e+04 7.171156005859375000e+02
2.501229899999999907e+04 7.171257324218750000e+02
2.501238200000000143e+04 7.171345214843750000e+02
2.501246500000000015e+04 7.171333618164062500e+02
2.501254799999999886e+04 7.170992431640625000e+02
2.501263100000000122e+04 7.170535888671875000e+02
2.501271399999999994e+04 7.170347900390625000e+02
2.501279699999999866e+04 7.170413818359375000e+02
2.501288000000000102e+04 7.170485229492187500e+02
2.501296299999999974e+04 7.170553588867187500e+02
2.501304599999999846e+04 7.170629882812500000e+02
2.501312900000000081e+04 7.170709228515625000e+02
2.501321199999999953e+04 7.170800781250000000e+02
2.501329499999999825e+04 7.170900268554687500e+02
2.501337800000000061e+04 7.170993041992187500e+02
2.501346099999999933e+04 7.171011962890625000e+02
2.501354400000000169e+04 7.170784912109375000e+02
2.501362700000000041e+04 7.170279541015625000e+02
2.501370999999999913e+04 7.170090942382812500e+02
2.501379300000000148e+04 7.170156860351562500e+02
2.501387600000000020e+04 7.170228881835937500e+02
2.501395899999999892e+04 7.170299072265625000e+02
2.501404200000000128e+04 7.170374755859375000e+02
2.501412500000000000e+04 7.170454101562500000e+02
2.501420799999999872e+04 7.170542602539062500e+02
2.501429100000000108e+04 7.170643310546875000e+02
2.501437399999999980e+04 7.170736694335937500e+02
2.501445699999999852e+04 7.170755615234375000e+02
2.501454000000000087e+04 7.170526733398437500e+02
2.501462299999999959e+04 7.170020141601562500e+02
2.501470599999999831e+04 7.169830932617187500e+02
2.501478900000000067e+04 7.169895629882812500e+02
2.501487199999999939e+04 7.169966430664062500e+02
2.501495500000000175e+04 7.170037231445312500e+02
2.501503800000000047e+04 7.170112915039062500e+02
2.501512099999999919e+04 7.170192260742187500e+02
2.501520400000000154e+04 7.170280151367187500e+02
2.501528700000000026e+04 7.170381469726562500e+02
2.501536999999999898e+04 7.170474853515625000e+02
2.501545300000000134e+04 7.170492553710937500e+02
2.501553600000000006e+04 7.170263061523437500e+02
2.501561899999999878e+04 7.169757690429687500e+02
2.501570200000000114e+04 7.169568481445312500e+02
2.501578499999999985e+04 7.169633789062500000e+02
2.501586799999999857e+04 7.169705200195312500e+02
2.501595100000000093e+04 7.169775390625000000e+02
2.501603399999999965e+04 7.169851684570312500e+02
2.501611699999999837e+04 7.169929199218750000e+02
2.501620000000000073e+04 7.170017700195312500e+02
2.501628299999999945e+04 7.170119018554687500e+02
2.501636600000000180e+04 7.170212402343750000e+02
2.501644900000000052e+04 7.170231323242187500e+02
2.501653199999999924e+04 7.170000610351562500e+02
2.501661500000000160e+04 7.169492797851562500e+02
2.501669800000000032e+04 7.169219970703125000e+02
2.501678099999999904e+04 7.169284057617187500e+02
2.501686400000000140e+04 7.169357299804687500e+02
2.501694700000000012e+04 7.169425659179687500e+02
2.501702999999999884e+04 7.169502563476562500e+02
2.501711300000000119e+04 7.169580688476562500e+02
2.501719599999999991e+04 7.169669799804687500e+02
2.501727899999999863e+04 7.169768676757812500e+02
2.501736200000000099e+04 7.169863281250000000e+02
2.501744499999999971e+04 7.169908447265625000e+02
2.501752799999999843e+04 7.169786376953125000e+02
2.501761100000000079e+04 7.169227905273437500e+02
2.501769399999999951e+04 7.168953857421875000e+02
2.501777699999999822e+04 7.169017333984375000e+02
2.501786000000000058e+04 7.169090576171875000e+02
2.501794299999999930e+04 7.169159545898437500e+02
2.501802600000000166e+04 7.169235229492187500e+02
2.501810900000000038e+04 7.169313964843750000e+02
2.501819199999999910e+04 7.169399414062500000e+02
2.501827500000000146e+04 7.169499511718750000e+02
2.501835800000000017e+04 7.169599609375000000e+02
2.501844099999999889e+04 7.169647216796875000e+02
2.501852400000000125e+04 7.169530639648437500e+02
2.501860699999999997e+04 7.168974609375000000e+02
2.501868999999999869e+04 7.168702392578125000e+02
2.501877300000000105e+04 7.168765258789062500e+02
2.501885599999999977e+04 7.168837890625000000e+02
2.501893899999999849e+04 7.168906860351562500e+02
2.501902200000000084e+04 7.168983764648437500e+02
2.501910499999999956e+04 7.169061889648437500e+02
2.501918799999999828e+04 7.169147949218750000e+02
2.501927100000000064e+04 7.169247436523437500e+02
2.501935399999999936e+04 7.169347534179687500e+02
2.501943700000000172e+04 7.169395751953125000e+02
2.501952000000000044e+04 7.169279174804687500e+02
2.501960299999999916e+04 7.168722534179687500e+02
2.501968600000000151e+04 7.168450317382812500e+02
2.501976900000000023e+04 7.168513793945312500e+02
2.501985199999999895e+04 7.168587646484375000e+02
2.501993500000000131e+04 7.168656616210937500e+02
