2.500009800000000178e+04 7.174645385742187500e+02
2.500018100000000049e+04 7.174738769531250000e+02
2.500026399999999921e+04 7.174845581054687500e+02
2.500034700000000157e+04 7.174953002929687500e+02
2.500043000000000029e+04 7.175035400390625000e+02
2.500051299999999901e+04 7.174951171875000000e+02
2.500059600000000137e+04 7.174385986328125000e+02
2.500067900000000009e+04 7.174038085937500000e+02
2.500076199999999881e+04 7.174104003906250000e+02
2.500084500000000116e+04 7.174187622070312500e+02
2.500092799999999988e+04 7.174263305664062500e+02
2.500101099999999860e+04 7.174348144531250000e+02
2.500109400000000096e+04 7.174432373046875000e+02
2.500117699999999968e+04 7.174520874023437500e+02
2.500125999999999840e+04 7.174626464843750000e+02
2.500134300000000076e+04 7.174739379882812500e+02
2.500142599999999948e+04 7.174823608398437500e+02
2.500150899999999820e+04 7.174761962890625000e+02
2.500159200000000055e+04 7.174238891601562500e+02
2.500167499999999927e+04 7.173891601562500000e+02
2.500175800000000163e+04 7.173957519531250000e+02
2.500184100000000035e+04 7.174040527343750000e+02
2.500192399999999907e+04 7.174116821289062500e+02
2.500200700000000143e+04 7.174202270507812500e+02
2.500209000000000015e+04 7.174286499023437500e+02
2.500217299999999886e+04 7.174376831054687500e+02
2.500225600000000122e+04 7.174483032226562500e+02
2.500233899999999994e+04 7.174594726562500000e+02
2.500242199999999866e+04 7.174679565429687500e+02
2.500250500000000102e+04 7.174619750976562500e+02
2.500258799999999974e+04 7.174097900390625000e+02
2.500267099999999846e+04 7.173750000000000000e+02
2.500275400000000081e+04 7.173814086914062500e+02
2.500283699999999953e+04 7.173897094726562500e+02
2.500291999999999825e+04 7.173973388671875000e+02
2.500300300000000061e+04 7.174058227539062500e+02
2.500308599999999933e+04 7.174143066406250000e+02
2.500316900000000169e+04 7.174232788085937500e+02
2.500325200000000041e+04 7.174337768554687500e+02
2.500333499999999913e+04 7.174448852539062500e+02
2.500341800000000148e+04 7.174533081054687500e+02
2.500350100000000020e+04 7.174472656250000000e+02
2.500358399999999892e+04 7.173950805664062500e+02
2.500366700000000128e+04 7.173603515625000000e+02
2.500375000000000000e+04 7.173668823242187500e+02
2.500383299999999872e+04 7.173753662109375000e+02
2.500391600000000108e+04 7.173828735351562500e+02
2.500399899999999980e+04 7.173913574218750000e+02
2.500408199999999852e+04 7.173998413085937500e+02
2.500416500000000087e+04 7.174087524414062500e+02
2.500424799999999959e+04 7.174192504882812500e+02
2.500433099999999831e+04 7.174305419921875000e+02
2.500441400000000067e+04 7.174389648437500000e+02
2.500449699999999939e+04 7.174328002929687500e+02
2.500458000000000175e+04 7.173803710937500000e+02
2.500466300000000047e+04 7.173407592773437500e+02
2.500474599999999919e+04 7.173388671875000000e+02
2.500482900000000154e+04 7.173471069335937500e+02
2.500491200000000026e+04 7.173547973632812500e+02
2.500499499999999898e+04 7.173629760742187500e+02
2.500507800000000134e+04 7.173713989257812500e+02
2.500516100000000006e+04 7.173801269531250000e+02
2.500524399999999878e+04 7.173902587890625000e+02
2.500532700000000114e+04 7.174013061523437500e+02
2.500540999999999985e+04 7.174101562500000000e+02
2.500549299999999857e+04 7.174065551757812500e+02
2.500557600000000093e+04 7.173617553710937500e+02
2.500565899999999965e+04 7.173220825195312500e+02
2.500574199999999837e+04 7.173203735351562500e+02
2.500582500000000073e+04 7.173286743164062500e+02
2.500590799999999945e+04 7.173361816406250000e+02
2.500599100000000180e+04 7.173444213867187500e+02
2.500607400000000052e+04 7.173527832031250000e+02
2.500615699999999924e+04 7.173615112304687500e+02
2.500624000000000160e+04 7.173716430664062500e+02
2.500632300000000032e+04 7.173826293945312500e+02
2.500640599999999904e+04 7.173915405273437500e+02
2.500648900000000140e+04 7.173882446289062500e+02
2.500657200000000012e+04 7.173435668945312500e+02
2.500665499999999884e+04 7.173038940429687500e+02
2.500673800000000119e+04 7.173021850585937500e+02
2.500682099999999991e+04 7.173106689453125000e+02
2.500690399999999863e+04 7.173183593750000000e+02
2.500698700000000099e+04 7.173265991210937500e+02
2.500706999999999971e+04 7.173349609375000000e+02
2.500715299999999843e+04 7.173437500000000000e+02
2.500723600000000079e+04 7.173538818359375000e+02
2.500731899999999951e+04 7.173649291992187500e+02
2.500740199999999822e+04 7.173737792968750000e+02
2.500748500000000058e+04 7.173704223632812500e+02
2.500756799999999930e+04 7.173258666992187500e+02
2.500765100000000166e+04 7.172861938476562500e+02
2.500773400000000038e+04 7.172845458984375000e+02
2.500781699999999910e+04 7.172929687500000000e+02
2.500790000000000146e+04 7.173006591796875000e+02
2.500798300000000017e+04 7.173088378906250000e+02
2.500806599999999889e+04 7.173172607421875000e+02
2.500814900000000125e+04 7.173259277343750000e+02
2.500823199999999997e+04 7.173360595703125000e+02
2.500831499999999869e+04 7.173470458984375000e+02
2.500839800000000105e+04 7.173557128906250000e+02
2.500848099999999977e+04 7.173524169921875000e+02
2.500856399999999849e+04 7.173076782226562500e+02
2.500864700000000084e+04 7.172626953125000000e+02
2.500872999999999956e+04 7.172495117187500000e+02
2.500881299999999828e+04 7.172553100585937500e+02
2.500889600000000064e+04 7.172625732421875000e+02
2.500897899999999936e+04 7.172705688476562500e+02
2.500906200000000172e+04 7.172789306640625000e+02
2.500914500000000044e+04 7.172875976562500000e+02
2.500922799999999916e+04 7.172975463867187500e+02
2.500931100000000151e+04 7.173084716796875000e+02
2.500939400000000023e+04 7.173179931640625000e+02
2.500947699999999895e+04 7.173177490234375000e+02
2.500956000000000131e+04 7.172846069335937500e+02
2.500964300000000003e+04 7.172399291992187500e+02
2.500972599999999875e+04 7.172297363281250000e+02
2.500980900000000111e+04 7.172376708984375000e+02
2.500989199999999983e+04 7.172456054687500000e+02
2.500997499999999854e+04 7.172536621093750000e+02
2.501005800000000090e+04 7.173151855468750000e+02
2.501014099999999962e+04 7.173237304687500000e+02
2.501022399999999834e+04 7.173336181640625000e+02
2.501030700000000070e+04 7.173445434570312500e+02
2.501038999999999942e+04 7.173539428710937500e+02
2.501047300000000178e+04 7.173536376953125000e+02
2.501055600000000049e+04 7.173206787109375000e+02
2.501063899999999921e+04 7.172758789062500000e+02
2.501072200000000157e+04 7.172644042968750000e+02
2.501080500000000029e+04 7.172716064453125000e+02
2.501088799999999901e+04 7.172792968750000000e+02
2.501097100000000137e+04 7.172873535156250000e+02
2.501105400000000009e+04 7.172955932617187500e+02
2.501113699999999881e+04 7.173043212890625000e+02
2.501122000000000116e+04 7.173141479492187500e+02
2.501130299999999988e+04 7.173250122070312500e+02
2.501138599999999860e+04 7.173345336914062500e+02
2.501146900000000096e+04 7.173341674804687500e+02
2.501155199999999968e+04 7.173011474609375000e+02
2.501163499999999840e+04 7.172562866210937500e+02
2.501171800000000076e+04 7.172461547851562500e+02
2.501180099999999948e+04 7.172541503906250000e+02
2.501188399999999820e+04 7.172620239257812500e+02
2.501196700000000055e+04 7.172698974609375000e+02
2.501204999999999927e+04 7.172781982421875000e+02
2.501213300000000163e+04 7.172868041992187500e+02
2.501221600000000035e+04 7.172966918945312500e+02
2.501229899999999907e+04 7.173076171875000000e+02
2.501238200000000143e+04 7.173170166015625000e+02
2.501246500000000015e+04 7.173164672851562500e+02
2.501254799999999886e+04 7.172833862304687500e+02
2.501263100000000122e+04 7.172385253906250000e+02
2.501271399999999994e+04 7.172202148437500000e+02
2.501279699999999866e+04 7.172277832031250000e+02
2.501288000000000102e+04 7.172358398437500000e+02
2.501296299999999974e+04 7.172436523437500000e+02
2.501304599999999846e+04 7.172520751953125000e+02
2.501312900000000081e+04 7.172607421875000000e+02
2.501321199999999953e+04 7.172707519531250000e+02
2.501329499999999825e+04 7.172814941406250000e+02
2.501337800000000061e+04 7.172915649414062500e+02
2.501346099999999933e+04 7.172942504882812500e+02
2.501354400000000169e+04 7.172722778320312500e+02
2.501362700000000041e+04 7.172222900390625000e+02
2.501370999999999913e+04 7.172033691406250000e+02
2.501379300000000148e+04 7.172095336914062500e+02
2.501387600000000020e+04 7.172176513671875000e+02
2.501395899999999892e+04 7.172254638671875000e+02
2.501404200000000128e+04 7.172339477539062500e+02
2.501412500000000000e+04 7.172426757812500000e+02
2.501420799999999872e+04 7.172523193359375000e+02
2.501429100000000108e+04 7.172631225585937500e+02
2.501437399999999980e+04 7.172731933593750000e+02
2.501445699999999852e+04 7.172758178710937500e+02
2.501454000000000087e+04 7.172534179687500000e+02
2.501462299999999959e+04 7.172037353515625000e+02
2.501470599999999831e+04 7.171853027343750000e+02
2.501478900000000067e+04 7.171928100585937500e+02
2.501487199999999939e+04 7.172008666992187500e+02
2.501495500000000175e+04 7.172088012695312500e+02
2.501503800000000047e+04 7.172172851562500000e+02
2.501512099999999919e+04 7.172259521484375000e+02
2.501520400000000154e+04 7.172354125976562500e+02
2.501528700000000026e+04 7.172462158203125000e+02
2.501536999999999898e+04 7.172563476562500000e+02
2.501545300000000134e+04 7.172590332031250000e+02
2.501553600000000006e+04 7.172366333007812500e+02
2.501561899999999878e+04 7.171869506835937500e+02
2.501570200000000114e+04 7.171683959960937500e+02
2.501578499999999985e+04 7.171758422851562500e+02
2.501586799999999857e+04 7.171839599609375000e+02
2.501595100000000093e+04 7.171918945312500000e+02
2.501603399999999965e+04 7.172003784179687500e+02
2.501611699999999837e+04 7.172090454101562500e+02
2.501620000000000073e+04 7.172185668945312500e+02
2.501628299999999945e+04 7.172294311523437500e+02
2.501636600000000180e+04 7.172396240234375000e+02
2.501644900000000052e+04 7.172423095703125000e+02
2.501653199999999924e+04 7.172200927734375000e+02
2.501661500000000160e+04 7.171704101562500000e+02
2.501669800000000032e+04 7.171437377929687500e+02
2.501678099999999904e+04 7.171507568359375000e+02
2.501686400000000140e+04 7.171589965820312500e+02
2.501694700000000012e+04 7.171668090820312500e+02
2.501702999999999884e+04 7.171751708984375000e+02
2.501711300000000119e+04 7.171838378906250000e+02
2.501719599999999991e+04 7.171934814453125000e+02
2.501727899999999863e+04 7.172042236328125000e+02
2.501736200000000099e+04 7.172143554687500000e+02
2.501744499999999971e+04 7.172197875976562500e+02
2.501752799999999843e+04 7.172083740234375000e+02
2.501761100000000079e+04 7.171537475585937500e+02
2.501769399999999951e+04 7.171269531250000000e+02
2.501777699999999822e+04 7.171339721679687500e+02
2.501786000000000058e+04 7.171420288085937500e+02
2.501794299999999930e+04 7.171495971679687500e+02
2.501802600000000166e+04 7.171580810546875000e+02
2.501810900000000038e+04 7.171666870117187500e+02
2.501819199999999910e+04 7.171759643554687500e+02
2.501827500000000146e+04 7.171867065429687500e+02
2.501835800000000017e+04 7.171973876953125000e+02
2.501844099999999889e+04 7.172029418945312500e+02
2.501852400000000125e+04 7.171920776367187500e+02
2.501860699999999997e+04 7.171375122070312500e+02
2.501868999999999869e+04 7.171106567382812500e+02
2.501877300000000105e+04 7.171175537109375000e+02
2.501885599999999977e+04 7.171258544921875000e+02
2.501893899999999849e+04 7.171336669921875000e+02
2.501902200000000084e+04 7.171419677734375000e+02
2.501910499999999956e+04 7.171506347656250000e+02
2.501918799999999828e+04 7.171599121093750000e+02
2.501927100000000064e+04 7.171706542968750000e+02
2.501935399999999936e+04 7.171813354492187500e+02
2.501943700000000172e+04 7.171867675781250000e+02
2.501952000000000044e+04 7.171760253906250000e+02
2.501960299999999916e+04 7.171212768554687500e+02
2.501968600000000151e+04 7.170944213867187500e+02
2.501976900000000023e+04 7.171011352539062500e+02
2.501985199999999895e+04 7.171094360351562500e+02
2.501993500000000131e+04 7.171171875000000000e+02
