2.500009800000000178e+04 9.846095085144042969e+00
2.500018100000000049e+04 9.670026779174804688e+00
2.500026399999999921e+04 9.525809288024902344e+00
2.500034700000000157e+04 9.377982139587402344e+00
2.500043000000000029e+04 9.372974395751953125e+00
2.500051299999999901e+04 9.776779174804687500e+00
2.500059600000000137e+04 1.074378967285156250e+01
2.500067900000000009e+04 1.230735397338867188e+01
2.500076199999999881e+04 1.162582206726074219e+01
2.500084500000000116e+04 1.066941642761230469e+01
2.500092799999999988e+04 1.034054470062255859e+01
2.500101099999999860e+04 1.006194114685058594e+01
2.500109400000000096e+04 9.839049339294433594e+00
2.500117699999999968e+04 9.658422470092773438e+00
2.500125999999999840e+04 9.527999877929687500e+00
2.500134300000000076e+04 9.396703720092773438e+00
2.500142599999999948e+04 9.237196922302246094e+00
2.500150899999999820e+04 9.673725128173828125e+00
2.500159200000000055e+04 1.051770401000976562e+01
2.500167499999999927e+04 1.217074680328369141e+01
2.500175800000000163e+04 1.160468101501464844e+01
2.500184100000000035e+04 1.069404602050781250e+01
2.500192399999999907e+04 1.034498882293701172e+01
2.500200700000000143e+04 1.007143688201904297e+01
2.500209000000000015e+04 9.842875480651855469e+00
2.500217299999999886e+04 9.703878402709960938e+00
2.500225600000000122e+04 9.518501281738281250e+00
2.500233899999999994e+04 9.387248039245605469e+00
2.500242199999999866e+04 9.268412590026855469e+00
2.500250500000000102e+04 9.652619361877441406e+00
2.500258799999999974e+04 1.052258014678955078e+01
2.500267099999999846e+04 1.218062019348144531e+01
2.500275400000000081e+04 1.164798927307128906e+01
2.500283699999999953e+04 1.068277359008789062e+01
2.500291999999999825e+04 1.032371234893798828e+01
2.500300300000000061e+04 1.006023120880126953e+01
2.500308599999999933e+04 9.867143630981445312e+00
2.500316900000000169e+04 9.664472579956054688e+00
2.500325200000000041e+04 9.546237945556640625e+00
2.500333499999999913e+04 9.378738403320312500e+00
2.500341800000000148e+04 9.262336730957031250e+00
2.500350100000000020e+04 9.685662269592285156e+00
2.500358399999999892e+04 1.053524971008300781e+01
2.500366700000000128e+04 1.217301177978515625e+01
2.500375000000000000e+04 1.162317943572998047e+01
2.500383299999999872e+04 1.066180610656738281e+01
2.500391600000000108e+04 1.038731288909912109e+01
2.500399899999999980e+04 1.007117652893066406e+01
2.500408199999999852e+04 9.850658416748046875e+00
2.500416500000000087e+04 9.677013397216796875e+00
2.500424799999999959e+04 9.532004356384277344e+00
2.500433099999999831e+04 9.370771408081054688e+00
2.500441400000000067e+04 9.277351379394531250e+00
2.500449699999999939e+04 9.672273635864257812e+00
2.500458000000000175e+04 1.053745555877685547e+01
2.500466300000000047e+04 1.213498306274414062e+01
2.500474599999999919e+04 1.187990093231201172e+01
2.500482900000000154e+04 1.074193668365478516e+01
2.500491200000000026e+04 1.039880180358886719e+01
2.500499499999999898e+04 1.010684394836425781e+01
2.500507800000000134e+04 9.877326965332031250e+00
2.500516100000000006e+04 9.708783149719238281e+00
2.500524399999999878e+04 9.507586479187011719e+00
2.500532700000000114e+04 9.376120567321777344e+00
2.500540999999999985e+04 9.251819610595703125e+00
2.500549299999999857e+04 9.553361892700195312e+00
2.500557600000000093e+04 1.059129047393798828e+01
2.500565899999999965e+04 1.196485042572021484e+01
2.500574199999999837e+04 1.189311027526855469e+01
2.500582500000000073e+04 1.069613552093505859e+01
2.500590799999999945e+04 1.035933113098144531e+01
2.500599100000000180e+04 1.007953548431396484e+01
2.500607400000000052e+04 9.874293327331542969e+00
2.500615699999999924e+04 9.671135902404785156e+00
2.500624000000000160e+04 9.524301528930664062e+00
2.500632300000000032e+04 9.368920326232910156e+00
2.500640599999999904e+04 9.260737419128417969e+00
2.500648900000000140e+04 9.563467025756835938e+00
2.500657200000000012e+04 1.054890727996826172e+01
2.500665499999999884e+04 1.198623657226562500e+01
2.500673800000000119e+04 1.188034915924072266e+01
2.500682099999999991e+04 1.079965782165527344e+01
2.500690399999999863e+04 1.039079189300537109e+01
2.500698700000000099e+04 1.008499813079833984e+01
2.500706999999999971e+04 9.890532493591308594e+00
2.500715299999999843e+04 9.698022842407226562e+00
2.500723600000000079e+04 9.539209365844726562e+00
2.500731899999999951e+04 9.373616218566894531e+00
2.500740199999999822e+04 9.254383087158203125e+00
2.500748500000000058e+04 9.562672615051269531e+00
2.500756799999999930e+04 1.059239959716796875e+01
2.500765100000000166e+04 1.195667743682861328e+01
2.500773400000000038e+04 1.189089775085449219e+01
2.500781699999999910e+04 1.072895622253417969e+01
2.500790000000000146e+04 1.035195350646972656e+01
2.500798300000000017e+04 1.011174678802490234e+01
2.500806599999999889e+04 9.872940063476562500e+00
2.500814900000000125e+04 9.701893806457519531e+00
2.500823199999999997e+04 9.525426864624023438e+00
2.500831499999999869e+04 9.410834312438964844e+00
2.500839800000000105e+04 9.271254539489746094e+00
2.500848099999999977e+04 9.570523262023925781e+00
2.500856399999999849e+04 1.057097911834716797e+01
2.500864700000000084e+04 1.195116519927978516e+01
2.500872999999999956e+04 1.211164474487304688e+01
2.500881299999999828e+04 1.086210918426513672e+01
2.500889600000000064e+04 1.047889804840087891e+01
2.500897899999999936e+04 1.022403049468994141e+01
2.500906200000000172e+04 9.987828254699707031e+00
2.500914500000000044e+04 9.785329818725585938e+00
2.500922799999999916e+04 9.648531913757324219e+00
2.500931100000000151e+04 9.504733085632324219e+00
2.500939400000000023e+04 9.343792915344238281e+00
2.500947699999999895e+04 9.535223960876464844e+00
2.500956000000000131e+04 1.051756763458251953e+01
2.500964300000000003e+04 1.155768775939941406e+01
2.500972599999999875e+04 1.210824298858642578e+01
2.500980900000000111e+04 1.075953960418701172e+01
2.500989199999999983e+04 1.049965190887451172e+01
2.500997499999999854e+04 1.024414539337158203e+01
2.501005800000000090e+04 9.984839439392089844e+00
2.501014099999999962e+04 9.790709495544433594e+00
2.501022399999999834e+04 9.620284080505371094e+00
2.501030700000000070e+04 9.486093521118164062e+00
2.501038999999999942e+04 9.350084304809570312e+00
2.501047300000000178e+04 9.521104812622070312e+00
2.501055600000000049e+04 1.051920223236083984e+01
2.501063899999999921e+04 1.153909587860107422e+01
2.501072200000000157e+04 1.202985858917236328e+01
2.501080500000000029e+04 1.083864021301269531e+01
2.501088799999999901e+04 1.047568321228027344e+01
2.501097100000000137e+04 1.022304344177246094e+01
2.501105400000000009e+04 9.982935905456542969e+00
2.501113699999999881e+04 9.793066024780273438e+00
2.501122000000000116e+04 9.637016296386718750e+00
2.501130299999999988e+04 9.480185508728027344e+00
2.501138599999999860e+04 9.341401100158691406e+00
2.501146900000000096e+04 9.537327766418457031e+00
2.501155199999999968e+04 1.050928211212158203e+01
2.501163499999999840e+04 1.157368850708007812e+01
2.501171800000000076e+04 1.204211616516113281e+01
2.501180099999999948e+04 1.085501098632812500e+01
2.501188399999999820e+04 1.049323177337646484e+01
2.501196700000000055e+04 1.022436428070068359e+01
2.501204999999999927e+04 9.998712539672851562e+00
2.501213300000000163e+04 9.796506881713867188e+00
2.501221600000000035e+04 9.639049530029296875e+00
2.501229899999999907e+04 9.488420486450195312e+00
2.501238200000000143e+04 9.343282699584960938e+00
2.501246500000000015e+04 9.541032791137695312e+00
2.501254799999999886e+04 1.059245014190673828e+01
2.501263100000000122e+04 1.164389610290527344e+01
2.501271399999999994e+04 1.201810455322265625e+01
2.501279699999999866e+04 1.094263935089111328e+01
2.501288000000000102e+04 1.058559226989746094e+01
2.501296299999999974e+04 1.034937477111816406e+01
2.501304599999999846e+04 1.005722427368164062e+01
2.501312900000000081e+04 9.874272346496582031e+00
2.501321199999999953e+04 9.697254180908203125e+00
2.501329499999999825e+04 9.552514076232910156e+00
2.501337800000000061e+04 9.414587020874023438e+00
2.501346099999999933e+04 9.485140800476074219e+00
2.501354400000000169e+04 1.053751277923583984e+01
2.501362700000000041e+04 1.122882366180419922e+01
2.501370999999999913e+04 1.211891460418701172e+01
2.501379300000000148e+04 1.098708152770996094e+01
2.501387600000000020e+04 1.056691265106201172e+01
2.501395899999999892e+04 1.032194805145263672e+01
2.501404200000000128e+04 1.008290767669677734e+01
2.501412500000000000e+04 9.859298706054687500e+00
2.501420799999999872e+04 9.688985824584960938e+00
2.501429100000000108e+04 9.547105789184570312e+00
2.501437399999999980e+04 9.407651901245117188e+00
2.501445699999999852e+04 9.487590789794921875e+00
2.501454000000000087e+04 1.053273487091064453e+01
2.501462299999999959e+04 1.121948623657226562e+01
2.501470599999999831e+04 1.217673110961914062e+01
2.501478900000000067e+04 1.094798755645751953e+01
2.501487199999999939e+04 1.060222625732421875e+01
2.501495500000000175e+04 1.033631134033203125e+01
2.501503800000000047e+04 1.007826614379882812e+01
2.501512099999999919e+04 9.866280555725097656e+00
2.501520400000000154e+04 9.701489448547363281e+00
2.501528700000000026e+04 9.534769058227539062e+00
2.501536999999999898e+04 9.428049087524414062e+00
2.501545300000000134e+04 9.512918472290039062e+00
2.501553600000000006e+04 1.053102397918701172e+01
2.501561899999999878e+04 1.120291805267333984e+01
2.501570200000000114e+04 1.222552585601806641e+01
2.501578499999999985e+04 1.093855571746826172e+01
2.501586799999999857e+04 1.061201095581054688e+01
2.501595100000000093e+04 1.032562541961669922e+01
2.501603399999999965e+04 1.008934116363525391e+01
2.501611699999999837e+04 9.882234573364257812e+00
2.501620000000000073e+04 9.728537559509277344e+00
2.501628299999999945e+04 9.549736022949218750e+00
2.501636600000000180e+04 9.426764488220214844e+00
2.501644900000000052e+04 9.501976966857910156e+00
2.501653199999999924e+04 1.051125144958496094e+01
2.501661500000000160e+04 1.127334880828857422e+01
2.501669800000000032e+04 1.218996143341064453e+01
2.501678099999999904e+04 1.139805221557617188e+01
2.501686400000000140e+04 1.073140144348144531e+01
2.501694700000000012e+04 1.036640644073486328e+01
2.501702999999999884e+04 1.011636257171630859e+01
2.501711300000000119e+04 9.910624504089355469e+00
2.501719599999999991e+04 9.735548973083496094e+00
2.501727899999999863e+04 9.597016334533691406e+00
2.501736200000000099e+04 9.439387321472167969e+00
2.501744499999999971e+04 9.545178413391113281e+00
2.501752799999999843e+04 1.041718959808349609e+01
2.501761100000000079e+04 1.083874797821044922e+01
2.501769399999999951e+04 1.226587009429931641e+01
2.501777699999999822e+04 1.136077690124511719e+01
2.501786000000000058e+04 1.073163223266601562e+01
2.501794299999999930e+04 1.039731407165527344e+01
2.501802600000000166e+04 1.013083457946777344e+01
2.501810900000000038e+04 9.911721229553222656e+00
2.501819199999999910e+04 9.734532356262207031e+00
2.501827500000000146e+04 9.580908775329589844e+00
2.501835800000000017e+04 9.453008651733398438e+00
2.501844099999999889e+04 9.446854591369628906e+00
2.501852400000000125e+04 1.033201408386230469e+01
2.501860699999999997e+04 1.081300640106201172e+01
2.501868999999999869e+04 1.220254898071289062e+01
2.501877300000000105e+04 1.144064140319824219e+01
2.501885599999999977e+04 1.075422573089599609e+01
2.501893899999999849e+04 1.040313243865966797e+01
2.501902200000000084e+04 1.012970924377441406e+01
2.501910499999999956e+04 9.932756423950195312e+00
2.501918799999999828e+04 9.731368064880371094e+00
2.501927100000000064e+04 9.604142189025878906e+00
2.501935399999999936e+04 9.453884124755859375e+00
2.501943700000000172e+04 9.434170722961425781e+00
2.501952000000000044e+04 1.035899066925048828e+01
2.501960299999999916e+04 1.082931041717529297e+01
2.501968600000000151e+04 1.226033020019531250e+01
2.501976900000000023e+04 1.141838359832763672e+01
2.501985199999999895e+04 1.074091529846191406e+01
2.501993500000000131e+04 1.040717506408691406e+01
