2.500009800000000178e+04 1.174624538421630859e+01
2.500018100000000049e+04 1.149614810943603516e+01
2.500026399999999921e+04 1.130902290344238281e+01
2.500034700000000157e+04 1.110308647155761719e+01
2.500043000000000029e+04 1.113635063171386719e+01
2.500051299999999901e+04 1.169560241699218750e+01
2.500059600000000137e+04 1.281408786773681641e+01
2.500067900000000009e+04 1.294262313842773438e+01
2.500076199999999881e+04 1.290509510040283203e+01
2.500084500000000116e+04 1.280704784393310547e+01
2.500092799999999988e+04 1.243278217315673828e+01
2.500101099999999860e+04 1.201311683654785156e+01
2.500109400000000096e+04 1.174561119079589844e+01
2.500117699999999968e+04 1.150884342193603516e+01
2.500125999999999840e+04 1.126869964599609375e+01
2.500134300000000076e+04 1.111492443084716797e+01
2.500142599999999948e+04 1.092574882507324219e+01
2.500150899999999820e+04 1.156912994384765625e+01
2.500159200000000055e+04 1.277687072753906250e+01
2.500167499999999927e+04 1.292237758636474609e+01
2.500175800000000163e+04 1.293948173522949219e+01
2.500184100000000035e+04 1.285156059265136719e+01
2.500192399999999907e+04 1.243051052093505859e+01
2.500200700000000143e+04 1.204204177856445312e+01
2.500209000000000015e+04 1.175306320190429688e+01
2.500217299999999886e+04 1.150006675720214844e+01
2.500225600000000122e+04 1.127412605285644531e+01
2.500233899999999994e+04 1.110232257843017578e+01
2.500242199999999866e+04 1.093171405792236328e+01
2.500250500000000102e+04 1.153124237060546875e+01
2.500258799999999974e+04 1.271989917755126953e+01
2.500267099999999846e+04 1.294712829589843750e+01
2.500275400000000081e+04 1.294097042083740234e+01
2.500283699999999953e+04 1.283480453491210938e+01
2.500291999999999825e+04 1.241711235046386719e+01
2.500300300000000061e+04 1.206376266479492188e+01
2.500308599999999933e+04 1.174088954925537109e+01
2.500316900000000169e+04 1.149447822570800781e+01
2.500325200000000041e+04 1.134113502502441406e+01
2.500333499999999913e+04 1.112943363189697266e+01
2.500341800000000148e+04 1.093767070770263672e+01
2.500350100000000020e+04 1.156087589263916016e+01
2.500358399999999892e+04 1.272465705871582031e+01
2.500366700000000128e+04 1.291067981719970703e+01
2.500375000000000000e+04 1.289587020874023438e+01
2.500383299999999872e+04 1.278874969482421875e+01
2.500391600000000108e+04 1.249799919128417969e+01
2.500399899999999980e+04 1.204312324523925781e+01
2.500408199999999852e+04 1.174249076843261719e+01
2.500416500000000087e+04 1.147181510925292969e+01
2.500424799999999959e+04 1.129791069030761719e+01
2.500433099999999831e+04 1.111092758178710938e+01
2.500441400000000067e+04 1.095828914642333984e+01
2.500449699999999939e+04 1.155890941619873047e+01
2.500458000000000175e+04 1.275528049468994141e+01
2.500466300000000047e+04 1.289627647399902344e+01
2.500474599999999919e+04 1.295922470092773438e+01
2.500482900000000154e+04 1.290013504028320312e+01
2.500491200000000026e+04 1.248878860473632812e+01
2.500499499999999898e+04 1.207971858978271484e+01
2.500507800000000134e+04 1.175607013702392578e+01
2.500516100000000006e+04 1.152893257141113281e+01
2.500524399999999878e+04 1.126367473602294922e+01
2.500532700000000114e+04 1.107827377319335938e+01
2.500540999999999985e+04 1.093562793731689453e+01
2.500549299999999857e+04 1.143300914764404297e+01
2.500557600000000093e+04 1.287070655822753906e+01
2.500565899999999965e+04 1.295132732391357422e+01
2.500574199999999837e+04 1.297094917297363281e+01
2.500582500000000073e+04 1.291111087799072266e+01
2.500590799999999945e+04 1.247968673706054688e+01
2.500599100000000180e+04 1.206024360656738281e+01
2.500607400000000052e+04 1.177801990509033203e+01
2.500615699999999924e+04 1.151136398315429688e+01
2.500624000000000160e+04 1.128947162628173828e+01
2.500632300000000032e+04 1.110755157470703125e+01
2.500640599999999904e+04 1.091950321197509766e+01
2.500648900000000140e+04 1.137185096740722656e+01
2.500657200000000012e+04 1.279954910278320312e+01
2.500665499999999884e+04 1.295432853698730469e+01
2.500673800000000119e+04 1.291987800598144531e+01
2.500682099999999991e+04 1.286830043792724609e+01
2.500690399999999863e+04 1.245598697662353516e+01
2.500698700000000099e+04 1.207448005676269531e+01
2.500706999999999971e+04 1.180405044555664062e+01
2.500715299999999843e+04 1.150961875915527344e+01
2.500723600000000079e+04 1.129077243804931641e+01
2.500731899999999951e+04 1.109801864624023438e+01
2.500740199999999822e+04 1.093209266662597656e+01
2.500748500000000058e+04 1.140348434448242188e+01
2.500756799999999930e+04 1.279124259948730469e+01
2.500765100000000166e+04 1.293477058410644531e+01
2.500773400000000038e+04 1.293912601470947266e+01
2.500781699999999910e+04 1.290242481231689453e+01
2.500790000000000146e+04 1.246266555786132812e+01
2.500798300000000017e+04 1.208706855773925781e+01
2.500806599999999889e+04 1.175563049316406250e+01
2.500814900000000125e+04 1.151813507080078125e+01
2.500823199999999997e+04 1.129765701293945312e+01
2.500831499999999869e+04 1.110971260070800781e+01
2.500839800000000105e+04 1.099711894989013672e+01
2.500848099999999977e+04 1.138481903076171875e+01
2.500856399999999849e+04 1.282390022277832031e+01
2.500864700000000084e+04 1.299294948577880859e+01
2.500872999999999956e+04 1.341436576843261719e+01
2.500881299999999828e+04 1.327445125579833984e+01
2.500889600000000064e+04 1.278839874267578125e+01
2.500897899999999936e+04 1.230189228057861328e+01
2.500906200000000172e+04 1.193268871307373047e+01
2.500914500000000044e+04 1.165881252288818359e+01
2.500922799999999916e+04 1.143211460113525391e+01
2.500931100000000151e+04 1.122454738616943359e+01
2.500939400000000023e+04 1.103133296966552734e+01
2.500947699999999895e+04 1.130775356292724609e+01
2.500956000000000131e+04 1.270703411102294922e+01
2.500964300000000003e+04 1.296082496643066406e+01
2.500972599999999875e+04 1.302055740356445312e+01
2.500980900000000111e+04 1.294439792633056641e+01
2.500989199999999983e+04 1.264883422851562500e+01
2.500997499999999854e+04 1.228456687927246094e+01
2.501005800000000090e+04 1.190748786926269531e+01
2.501014099999999962e+04 1.166506576538085938e+01
2.501022399999999834e+04 1.139939212799072266e+01
2.501030700000000070e+04 1.121846008300781250e+01
2.501038999999999942e+04 1.106984615325927734e+01
2.501047300000000178e+04 1.131123161315917969e+01
2.501055600000000049e+04 1.270120143890380859e+01
2.501063899999999921e+04 1.298392295837402344e+01
2.501072200000000157e+04 1.321259593963623047e+01
2.501080500000000029e+04 1.305947971343994141e+01
2.501088799999999901e+04 1.269424057006835938e+01
2.501097100000000137e+04 1.229354667663574219e+01
2.501105400000000009e+04 1.196073722839355469e+01
2.501113699999999881e+04 1.164961910247802734e+01
2.501122000000000116e+04 1.144987010955810547e+01
2.501130299999999988e+04 1.122461032867431641e+01
2.501138599999999860e+04 1.104997539520263672e+01
2.501146900000000096e+04 1.133495426177978516e+01
2.501155199999999968e+04 1.272411060333251953e+01
2.501163499999999840e+04 1.296428108215332031e+01
2.501171800000000076e+04 1.299995613098144531e+01
2.501180099999999948e+04 1.289677047729492188e+01
2.501188399999999820e+04 1.263403511047363281e+01
2.501196700000000055e+04 1.230593109130859375e+01
2.501204999999999927e+04 1.197134590148925781e+01
2.501213300000000163e+04 1.164167976379394531e+01
2.501221600000000035e+04 1.142443180084228516e+01
2.501229899999999907e+04 1.123376464843750000e+01
2.501238200000000143e+04 1.108784389495849609e+01
2.501246500000000015e+04 1.138407230377197266e+01
2.501254799999999886e+04 1.278019523620605469e+01
2.501263100000000122e+04 1.301418972015380859e+01
2.501271399999999994e+04 1.297720527648925781e+01
2.501279699999999866e+04 1.290857601165771484e+01
2.501288000000000102e+04 1.276389884948730469e+01
2.501296299999999974e+04 1.242403030395507812e+01
2.501304599999999846e+04 1.202479648590087891e+01
2.501312900000000081e+04 1.175952911376953125e+01
2.501321199999999953e+04 1.148060512542724609e+01
2.501329499999999825e+04 1.130544185638427734e+01
2.501337800000000061e+04 1.112775611877441406e+01
2.501346099999999933e+04 1.123687744140625000e+01
2.501354400000000169e+04 1.277260780334472656e+01
2.501362700000000041e+04 1.300723743438720703e+01
2.501370999999999913e+04 1.307275199890136719e+01
2.501379300000000148e+04 1.314934825897216797e+01
2.501387600000000020e+04 1.275558853149414062e+01
2.501395899999999892e+04 1.242661571502685547e+01
2.501404200000000128e+04 1.201950645446777344e+01
2.501412500000000000e+04 1.171728610992431641e+01
2.501420799999999872e+04 1.150076103210449219e+01
2.501429100000000108e+04 1.130739593505859375e+01
2.501437399999999980e+04 1.114477062225341797e+01
2.501445699999999852e+04 1.126434707641601562e+01
2.501454000000000087e+04 1.280323886871337891e+01
2.501462299999999959e+04 1.294640922546386719e+01
2.501470599999999831e+04 1.300038528442382812e+01
2.501478900000000067e+04 1.294454765319824219e+01
2.501487199999999939e+04 1.277671051025390625e+01
2.501495500000000175e+04 1.241550922393798828e+01
2.501503800000000047e+04 1.201976299285888672e+01
2.501512099999999919e+04 1.175759220123291016e+01
2.501520400000000154e+04 1.154320049285888672e+01
2.501528700000000026e+04 1.131603908538818359e+01
2.501536999999999898e+04 1.115380573272705078e+01
2.501545300000000134e+04 1.125576019287109375e+01
2.501553600000000006e+04 1.278091526031494141e+01
2.501561899999999878e+04 1.292637920379638672e+01
2.501570200000000114e+04 1.304028129577636719e+01
2.501578499999999985e+04 1.296523094177246094e+01
2.501586799999999857e+04 1.278006362915039062e+01
2.501595100000000093e+04 1.238786983489990234e+01
2.501603399999999965e+04 1.204543590545654297e+01
2.501611699999999837e+04 1.173102474212646484e+01
2.501620000000000073e+04 1.154592227935791016e+01
2.501628299999999945e+04 1.130569458007812500e+01
2.501636600000000180e+04 1.113753700256347656e+01
2.501644900000000052e+04 1.126641845703125000e+01
2.501653199999999924e+04 1.268099212646484375e+01
2.501661500000000160e+04 1.293855094909667969e+01
2.501669800000000032e+04 1.297844314575195312e+01
2.501678099999999904e+04 1.298769855499267578e+01
2.501686400000000140e+04 1.286318588256835938e+01
2.501694700000000012e+04 1.242298221588134766e+01
2.501702999999999884e+04 1.213206291198730469e+01
2.501711300000000119e+04 1.177019691467285156e+01
2.501719599999999991e+04 1.154483890533447266e+01
2.501727899999999863e+04 1.134224700927734375e+01
2.501736200000000099e+04 1.118016529083251953e+01
2.501744499999999971e+04 1.130530452728271484e+01
2.501752799999999843e+04 1.256504154205322266e+01
2.501761100000000079e+04 1.290240573883056641e+01
2.501769399999999951e+04 1.300798606872558594e+01
2.501777699999999822e+04 1.296842288970947266e+01
2.501786000000000058e+04 1.290391254425048828e+01
2.501794299999999930e+04 1.254179191589355469e+01
2.501802600000000166e+04 1.210082530975341797e+01
2.501810900000000038e+04 1.181970405578613281e+01
2.501819199999999910e+04 1.155132865905761719e+01
2.501827500000000146e+04 1.136871528625488281e+01
2.501835800000000017e+04 1.120387554168701172e+01
2.501844099999999889e+04 1.117058658599853516e+01
2.501852400000000125e+04 1.243700122833251953e+01
2.501860699999999997e+04 1.289129352569580078e+01
2.501868999999999869e+04 1.303387737274169922e+01
2.501877300000000105e+04 1.300625514984130859e+01
2.501885599999999977e+04 1.285886096954345703e+01
2.501893899999999849e+04 1.248416805267333984e+01
2.501902200000000084e+04 1.215869808197021484e+01
2.501910499999999956e+04 1.180248641967773438e+01
2.501918799999999828e+04 1.156558227539062500e+01
2.501927100000000064e+04 1.136904430389404297e+01
2.501935399999999936e+04 1.118691349029541016e+01
2.501943700000000172e+04 1.119558906555175781e+01
2.501952000000000044e+04 1.244787025451660156e+01
2.501960299999999916e+04 1.292141151428222656e+01
2.501968600000000151e+04 1.303614234924316406e+01
2.501976900000000023e+04 1.303997707366943359e+01
2.501985199999999895e+04 1.285884094238281250e+01
2.501993500000000131e+04 1.251922130584716797e+01
