2.500009800000000178e+04 6.892824707031250000e+02
2.500018100000000049e+04 6.892879638671875000e+02
2.500026399999999921e+04 6.892948608398437500e+02
2.500034700000000157e+04 6.893018188476562500e+02
2.500043000000000029e+04 6.893065185546875000e+02
2.500051299999999901e+04 6.892949218750000000e+02
2.500059600000000137e+04 6.892832031250000000e+02
2.500067900000000009e+04 6.892409667968750000e+02
2.500076199999999881e+04 6.892944946289062500e+02
2.500084500000000116e+04 6.892990722656250000e+02
2.500092799999999988e+04 6.893026123046875000e+02
2.500101099999999860e+04 6.893070068359375000e+02
2.500109400000000096e+04 6.893115844726562500e+02
2.500117699999999968e+04 6.893167114257812500e+02
2.500125999999999840e+04 6.893234863281250000e+02
2.500134300000000076e+04 6.893309936523437500e+02
2.500142599999999948e+04 6.893357543945312500e+02
2.500150899999999820e+04 6.893265991210937500e+02
2.500159200000000055e+04 6.893054199218750000e+02
2.500167499999999927e+04 6.892628784179687500e+02
2.500175800000000163e+04 6.892955322265625000e+02
2.500184100000000035e+04 6.893000488281250000e+02
2.500192399999999907e+04 6.893036499023437500e+02
2.500200700000000143e+04 6.893080444335937500e+02
2.500209000000000015e+04 6.893126220703125000e+02
2.500217299999999886e+04 6.893177490234375000e+02
2.500225600000000122e+04 6.893245239257812500e+02
2.500233899999999994e+04 6.893320312500000000e+02
2.500242199999999866e+04 6.893367919921875000e+02
2.500250500000000102e+04 6.893276367187500000e+02
2.500258799999999974e+04 6.893063964843750000e+02
2.500267099999999846e+04 6.892639770507812500e+02
2.500275400000000081e+04 6.892968139648437500e+02
2.500283699999999953e+04 6.893013916015625000e+02
2.500291999999999825e+04 6.893049316406250000e+02
2.500300300000000061e+04 6.893093872070312500e+02
2.500308599999999933e+04 6.893139648437500000e+02
2.500316900000000169e+04 6.893190917968750000e+02
2.500325200000000041e+04 6.893258666992187500e+02
2.500333499999999913e+04 6.893333740234375000e+02
2.500341800000000148e+04 6.893381347656250000e+02
2.500350100000000020e+04 6.893289184570312500e+02
2.500358399999999892e+04 6.893069458007812500e+02
2.500366700000000128e+04 6.892644042968750000e+02
2.500375000000000000e+04 6.892958374023437500e+02
2.500383299999999872e+04 6.893003540039062500e+02
2.500391600000000108e+04 6.893038940429687500e+02
2.500399899999999980e+04 6.893083496093750000e+02
2.500408199999999852e+04 6.893129272460937500e+02
2.500416500000000087e+04 6.893179931640625000e+02
2.500424799999999959e+04 6.893247680664062500e+02
2.500433099999999831e+04 6.893322753906250000e+02
2.500441400000000067e+04 6.893370361328125000e+02
2.500449699999999939e+04 6.893278198242187500e+02
2.500458000000000175e+04 6.893064575195312500e+02
2.500466300000000047e+04 6.892590332031250000e+02
2.500474599999999919e+04 6.892856445312500000e+02
2.500482900000000154e+04 6.892896118164062500e+02
2.500491200000000026e+04 6.892933349609375000e+02
2.500499499999999898e+04 6.892976684570312500e+02
2.500507800000000134e+04 6.893021850585937500e+02
2.500516100000000006e+04 6.893071899414062500e+02
2.500524399999999878e+04 6.893135986328125000e+02
2.500532700000000114e+04 6.893209838867187500e+02
2.500540999999999985e+04 6.893262329101562500e+02
2.500549299999999857e+04 6.893198242187500000e+02
2.500557600000000093e+04 6.892954101562500000e+02
2.500565899999999965e+04 6.892478027343750000e+02
2.500574199999999837e+04 6.892614746093750000e+02
2.500582500000000073e+04 6.892651977539062500e+02
2.500590799999999945e+04 6.892689819335937500e+02
2.500599100000000180e+04 6.892732543945312500e+02
2.500607400000000052e+04 6.892777709960937500e+02
2.500615699999999924e+04 6.892827758789062500e+02
2.500624000000000160e+04 6.892891845703125000e+02
2.500632300000000032e+04 6.892965698242187500e+02
2.500640599999999904e+04 6.893018188476562500e+02
2.500648900000000140e+04 6.892954101562500000e+02
2.500657200000000012e+04 6.892716064453125000e+02
2.500665499999999884e+04 6.892239990234375000e+02
2.500673800000000119e+04 6.892382202148437500e+02
2.500682099999999991e+04 6.892420043945312500e+02
2.500690399999999863e+04 6.892457885742187500e+02
2.500698700000000099e+04 6.892499389648437500e+02
2.500706999999999971e+04 6.892543945312500000e+02
2.500715299999999843e+04 6.892593994140625000e+02
2.500723600000000079e+04 6.892658081054687500e+02
2.500731899999999951e+04 6.892731933593750000e+02
2.500740199999999822e+04 6.892784423828125000e+02
2.500748500000000058e+04 6.892719726562500000e+02
2.500756799999999930e+04 6.892480468750000000e+02
2.500765100000000166e+04 6.892005004882812500e+02
2.500773400000000038e+04 6.892147827148437500e+02
2.500781699999999910e+04 6.892185668945312500e+02
2.500790000000000146e+04 6.892222900390625000e+02
2.500798300000000017e+04 6.892265014648437500e+02
2.500806599999999889e+04 6.892310180664062500e+02
2.500814900000000125e+04 6.892359619140625000e+02
2.500823199999999997e+04 6.892423706054687500e+02
2.500831499999999869e+04 6.892497558593750000e+02
2.500839800000000105e+04 6.892550048828125000e+02
2.500848099999999977e+04 6.892485961914062500e+02
2.500856399999999849e+04 6.892245483398437500e+02
2.500864700000000084e+04 6.891719970703125000e+02
2.500872999999999956e+04 6.891792602539062500e+02
2.500881299999999828e+04 6.891813354492187500e+02
2.500889600000000064e+04 6.891851196289062500e+02
2.500897899999999936e+04 6.891891479492187500e+02
2.500906200000000172e+04 6.891936035156250000e+02
2.500914500000000044e+04 6.891985473632812500e+02
2.500922799999999916e+04 6.892046508789062500e+02
2.500931100000000151e+04 6.892118530273437500e+02
2.500939400000000023e+04 6.892176513671875000e+02
2.500947699999999895e+04 6.892140502929687500e+02
2.500956000000000131e+04 6.891909790039062500e+02
2.500964300000000003e+04 6.891392211914062500e+02
2.500972599999999875e+04 6.891362304687500000e+02
2.500980900000000111e+04 6.891389160156250000e+02
2.500989199999999983e+04 6.891428222656250000e+02
2.500997499999999854e+04 6.891469116210937500e+02
2.501005800000000090e+04 6.891513671875000000e+02
2.501014099999999962e+04 6.891562500000000000e+02
2.501022399999999834e+04 6.891623535156250000e+02
2.501030700000000070e+04 6.891696166992187500e+02
2.501038999999999942e+04 6.891754150390625000e+02
2.501047300000000178e+04 6.891718139648437500e+02
2.501055600000000049e+04 6.891491699218750000e+02
2.501063899999999921e+04 6.890973510742187500e+02
2.501072200000000157e+04 6.890948486328125000e+02
2.501080500000000029e+04 6.890974731445312500e+02
2.501088799999999901e+04 6.891014404296875000e+02
2.501097100000000137e+04 6.891054687500000000e+02
2.501105400000000009e+04 6.891099853515625000e+02
2.501113699999999881e+04 6.891148681640625000e+02
2.501122000000000116e+04 6.891209716796875000e+02
2.501130299999999988e+04 6.891281738281250000e+02
2.501138599999999860e+04 6.891340332031250000e+02
2.501146900000000096e+04 6.891303710937500000e+02
2.501155199999999968e+04 6.891077270507812500e+02
2.501163499999999840e+04 6.890559082031250000e+02
2.501171800000000076e+04 6.890533447265625000e+02
2.501180099999999948e+04 6.890560302734375000e+02
2.501188399999999820e+04 6.890599975585937500e+02
2.501196700000000055e+04 6.890640258789062500e+02
2.501204999999999927e+04 6.890685424804687500e+02
2.501213300000000163e+04 6.890733032226562500e+02
2.501221600000000035e+04 6.890794067382812500e+02
2.501229899999999907e+04 6.890866699218750000e+02
2.501238200000000143e+04 6.890924682617187500e+02
2.501246500000000015e+04 6.890888671875000000e+02
2.501254799999999886e+04 6.890661010742187500e+02
2.501263100000000122e+04 6.890143432617187500e+02
2.501271399999999994e+04 6.890034790039062500e+02
2.501279699999999866e+04 6.890053100585937500e+02
2.501288000000000102e+04 6.890092163085937500e+02
2.501296299999999974e+04 6.890131225585937500e+02
2.501304599999999846e+04 6.890175781250000000e+02
2.501312900000000081e+04 6.890223999023437500e+02
2.501321199999999953e+04 6.890285644531250000e+02
2.501329499999999825e+04 6.890356445312500000e+02
2.501337800000000061e+04 6.890420532226562500e+02
2.501346099999999933e+04 6.890411376953125000e+02
2.501354400000000169e+04 6.890181274414062500e+02
2.501362700000000041e+04 6.889656982421875000e+02
2.501370999999999913e+04 6.889395751953125000e+02
2.501379300000000148e+04 6.889460449218750000e+02
2.501387600000000020e+04 6.889502563476562500e+02
2.501395899999999892e+04 6.889541015625000000e+02
2.501404200000000128e+04 6.889586181640625000e+02
2.501412500000000000e+04 6.889634399414062500e+02
2.501420799999999872e+04 6.889692382812500000e+02
2.501429100000000108e+04 6.889763183593750000e+02
2.501437399999999980e+04 6.889827270507812500e+02
2.501445699999999852e+04 6.889818725585937500e+02
2.501454000000000087e+04 6.889586791992187500e+02
2.501462299999999959e+04 6.889062500000000000e+02
2.501470599999999831e+04 6.888803100585937500e+02
2.501478900000000067e+04 6.888869628906250000e+02
2.501487199999999939e+04 6.888911743164062500e+02
2.501495500000000175e+04 6.888950805664062500e+02
2.501503800000000047e+04 6.888995971679687500e+02
2.501512099999999919e+04 6.889044189453125000e+02
2.501520400000000154e+04 6.889102783203125000e+02
2.501528700000000026e+04 6.889173583984375000e+02
2.501536999999999898e+04 6.889237670898437500e+02
2.501545300000000134e+04 6.889229125976562500e+02
2.501553600000000006e+04 6.888998413085937500e+02
2.501561899999999878e+04 6.888464965820312500e+02
2.501570200000000114e+04 6.888212890625000000e+02
2.501578499999999985e+04 6.888274536132812500e+02
2.501586799999999857e+04 6.888316650390625000e+02
2.501595100000000093e+04 6.888355712890625000e+02
2.501603399999999965e+04 6.888400878906250000e+02
2.501611699999999837e+04 6.888447875976562500e+02
2.501620000000000073e+04 6.888506469726562500e+02
2.501628299999999945e+04 6.888577270507812500e+02
2.501636600000000180e+04 6.888641967773437500e+02
2.501644900000000052e+04 6.888634033203125000e+02
2.501653199999999924e+04 6.888401489257812500e+02
2.501661500000000160e+04 6.887872314453125000e+02
2.501669800000000032e+04 6.887535400390625000e+02
2.501678099999999904e+04 6.887600708007812500e+02
2.501686400000000140e+04 6.887644653320312500e+02
2.501694700000000012e+04 6.887682495117187500e+02
2.501702999999999884e+04 6.887727661132812500e+02
2.501711300000000119e+04 6.887775268554687500e+02
2.501719599999999991e+04 6.887834472656250000e+02
2.501727899999999863e+04 6.887904663085937500e+02
2.501736200000000099e+04 6.887969970703125000e+02
2.501744499999999971e+04 6.887989501953125000e+02
2.501752799999999843e+04 6.887720947265625000e+02
2.501761100000000079e+04 6.888081665039062500e+02
2.501769399999999951e+04 6.887605590820312500e+02
2.501777699999999822e+04 6.888328247070312500e+02
2.501786000000000058e+04 6.888372802734375000e+02
2.501794299999999930e+04 6.888410644531250000e+02
2.501802600000000166e+04 6.888455810546875000e+02
2.501810900000000038e+04 6.888502807617187500e+02
2.501819199999999910e+04 6.888558349609375000e+02
2.501827500000000146e+04 6.888627929687500000e+02
2.501835800000000017e+04 6.888698730468750000e+02
2.501844099999999889e+04 6.888718261718750000e+02
2.501852400000000125e+04 6.888502197265625000e+02
2.501860699999999997e+04 6.888808593750000000e+02
2.501868999999999869e+04 6.888419189453125000e+02
2.501877300000000105e+04 6.889113769531250000e+02
2.501885599999999977e+04 6.889158325195312500e+02
2.501893899999999849e+04 6.889196166992187500e+02
2.501902200000000084e+04 6.889240722656250000e+02
2.501910499999999956e+04 6.889288330078125000e+02
2.501918799999999828e+04 6.889343261718750000e+02
2.501927100000000064e+04 6.889413452148437500e+02
2.501935399999999936e+04 6.889483642578125000e+02
2.501943700000000172e+04 6.889503173828125000e+02
2.501952000000000044e+04 6.889290161132812500e+02
2.501960299999999916e+04 6.889593505859375000e+02
2.501968600000000151e+04 6.889208984375000000e+02
2.501976900000000023e+04 6.889896850585937500e+02
2.501985199999999895e+04 6.889940795898437500e+02
2.501993500000000131e+04 6.889978637695312500e+02
