2.500009800000000178e+04 1.293866515159606934e+00
2.500018100000000049e+04 1.287163972854614258e+00
2.500026399999999921e+04 1.280908465385437012e+00
2.500034700000000157e+04 1.274942040443420410e+00
2.500043000000000029e+04 1.275010466575622559e+00
2.500051299999999901e+04 1.290630936622619629e+00
2.500059600000000137e+04 7.532175445556640625e+01
2.500067900000000009e+04 2.347835540771484375e+00
2.500076199999999881e+04 5.993537521362304688e+01
2.500084500000000116e+04 1.327061176300048828e+00
2.500092799999999988e+04 1.312423944473266602e+00
2.500101099999999860e+04 1.303279042243957520e+00
2.500109400000000096e+04 1.294636130332946777e+00
2.500117699999999968e+04 1.286530494689941406e+00
2.500125999999999840e+04 1.279998660087585449e+00
2.500134300000000076e+04 1.273940920829772949e+00
2.500142599999999948e+04 1.269857525825500488e+00
2.500150899999999820e+04 1.285306096076965332e+00
2.500159200000000055e+04 6.394474411010742188e+01
2.500167499999999927e+04 2.623363018035888672e+00
2.500175800000000163e+04 4.957128906250000000e+01
2.500184100000000035e+04 1.344453573226928711e+00
2.500192399999999907e+04 1.312578678131103516e+00
2.500200700000000143e+04 1.303218960762023926e+00
2.500209000000000015e+04 1.294377326965332031e+00
2.500217299999999886e+04 1.287147164344787598e+00
2.500225600000000122e+04 1.280365586280822754e+00
2.500233899999999994e+04 1.274027943611145020e+00
2.500242199999999866e+04 1.270122647285461426e+00
2.500250500000000102e+04 1.284609079360961914e+00
2.500258799999999974e+04 6.405563354492187500e+01
2.500267099999999846e+04 2.603245019912719727e+00
2.500275400000000081e+04 5.001828002929687500e+01
2.500283699999999953e+04 1.333187341690063477e+00
2.500291999999999825e+04 1.312330603599548340e+00
2.500300300000000061e+04 1.303823232650756836e+00
2.500308599999999933e+04 1.293921470642089844e+00
2.500316900000000169e+04 1.287051200866699219e+00
2.500325200000000041e+04 1.280653834342956543e+00
2.500333499999999913e+04 1.274145007133483887e+00
2.500341800000000148e+04 1.270105004310607910e+00
2.500350100000000020e+04 1.285552382469177246e+00
2.500358399999999892e+04 6.277637100219726562e+01
2.500366700000000128e+04 2.689437866210937500e+00
2.500375000000000000e+04 4.860904693603515625e+01
2.500383299999999872e+04 1.344618678092956543e+00
2.500391600000000108e+04 1.312947750091552734e+00
2.500399899999999980e+04 1.303139328956604004e+00
2.500408199999999852e+04 1.294674634933471680e+00
2.500416500000000087e+04 1.286946773529052734e+00
2.500424799999999959e+04 1.280568838119506836e+00
2.500433099999999831e+04 1.274586915969848633e+00
2.500441400000000067e+04 1.270287990570068359e+00
2.500449699999999939e+04 1.284901499748229980e+00
2.500458000000000175e+04 6.406928253173828125e+01
2.500466300000000047e+04 2.623880386352539062e+00
2.500474599999999919e+04 5.288227081298828125e+01
2.500482900000000154e+04 1.332311987876892090e+00
2.500491200000000026e+04 1.317123055458068848e+00
2.500499499999999898e+04 1.308127641677856445e+00
2.500507800000000134e+04 1.300342321395874023e+00
2.500516100000000006e+04 1.292781472206115723e+00
2.500524399999999878e+04 1.285933136940002441e+00
2.500532700000000114e+04 1.279566287994384766e+00
2.500540999999999985e+04 1.275100946426391602e+00
2.500549299999999857e+04 1.285321950912475586e+00
2.500557600000000093e+04 5.113498687744140625e+01
2.500565899999999965e+04 2.932738780975341797e+00
2.500574199999999837e+04 4.337491989135742188e+01
2.500582500000000073e+04 1.415051102638244629e+00
2.500590799999999945e+04 1.316900014877319336e+00
2.500599100000000180e+04 1.308063268661499023e+00
2.500607400000000052e+04 1.299869894981384277e+00
2.500615699999999924e+04 1.292703390121459961e+00
2.500624000000000160e+04 1.285656571388244629e+00
2.500632300000000032e+04 1.279642105102539062e+00
2.500640599999999904e+04 1.274849295616149902e+00
2.500648900000000140e+04 1.285048842430114746e+00
2.500657200000000012e+04 5.219749069213867188e+01
2.500665499999999884e+04 2.880520582199096680e+00
2.500673800000000119e+04 4.404128646850585938e+01
2.500682099999999991e+04 1.406455993652343750e+00
2.500690399999999863e+04 1.317504048347473145e+00
2.500698700000000099e+04 1.309863328933715820e+00
2.500706999999999971e+04 1.302059888839721680e+00
2.500715299999999843e+04 1.293371438980102539e+00
2.500723600000000079e+04 1.286281704902648926e+00
2.500731899999999951e+04 1.279860258102416992e+00
2.500740199999999822e+04 1.275308609008789062e+00
2.500748500000000058e+04 1.286307334899902344e+00
2.500756799999999930e+04 5.205199050903320312e+01
2.500765100000000166e+04 2.866536378860473633e+00
2.500773400000000038e+04 4.426131820678710938e+01
2.500781699999999910e+04 1.401830911636352539e+00
2.500790000000000146e+04 1.317741632461547852e+00
2.500798300000000017e+04 1.309139132499694824e+00
2.500806599999999889e+04 1.300931453704833984e+00
2.500814900000000125e+04 1.292645812034606934e+00
2.500823199999999997e+04 1.285871744155883789e+00
2.500831499999999869e+04 1.279894948005676270e+00
2.500839800000000105e+04 1.275400638580322266e+00
2.500848099999999977e+04 1.286399126052856445e+00
2.500856399999999849e+04 5.203614044189453125e+01
2.500864700000000084e+04 2.872094392776489258e+00
2.500872999999999956e+04 4.657907104492187500e+01
2.500881299999999828e+04 1.800669908523559570e+00
2.500889600000000064e+04 1.606942176818847656e+00
2.500897899999999936e+04 1.322672843933105469e+00
2.500906200000000172e+04 1.303921341896057129e+00
2.500914500000000044e+04 1.294620990753173828e+00
2.500922799999999916e+04 1.286908864974975586e+00
2.500931100000000151e+04 1.280765056610107422e+00
2.500939400000000023e+04 1.276061892509460449e+00
2.500947699999999895e+04 1.282699465751647949e+00
2.500956000000000131e+04 3.665058898925781250e+01
2.500964300000000003e+04 3.453341007232666016e+00
2.500972599999999875e+04 3.559554672241210938e+01
2.500980900000000111e+04 2.113344192504882812e+00
2.500989199999999983e+04 1.317803978919982910e+00
2.500997499999999854e+04 1.309275746345520020e+00
2.501005800000000090e+04 1.301814079284667969e+00
2.501014099999999962e+04 1.291783332824707031e+00
2.501022399999999834e+04 1.284466981887817383e+00
2.501030700000000070e+04 1.278416275978088379e+00
2.501038999999999942e+04 1.273763298988342285e+00
2.501047300000000178e+04 1.280373930931091309e+00
2.501055600000000049e+04 3.774521255493164062e+01
2.501063899999999921e+04 3.355244636535644531e+00
2.501072200000000157e+04 3.633472824096679688e+01
2.501080500000000029e+04 2.086392402648925781e+00
2.501088799999999901e+04 1.317306280136108398e+00
2.501097100000000137e+04 1.308830499649047852e+00
2.501105400000000009e+04 1.300680279731750488e+00
2.501113699999999881e+04 1.292227625846862793e+00
2.501122000000000116e+04 1.285129904747009277e+00
2.501130299999999988e+04 1.278460860252380371e+00
2.501138599999999860e+04 1.273661136627197266e+00
2.501146900000000096e+04 1.280346155166625977e+00
2.501155199999999968e+04 3.773540878295898438e+01
2.501163499999999840e+04 3.358942747116088867e+00
2.501171800000000076e+04 3.632116699218750000e+01
2.501180099999999948e+04 2.076775312423706055e+00
2.501188399999999820e+04 1.317261338233947754e+00
2.501196700000000055e+04 1.308948159217834473e+00
2.501204999999999927e+04 1.300685405731201172e+00
2.501213300000000163e+04 1.292591810226440430e+00
2.501221600000000035e+04 1.284863471984863281e+00
2.501229899999999907e+04 1.278425574302673340e+00
2.501238200000000143e+04 1.273630142211914062e+00
2.501246500000000015e+04 1.280287265777587891e+00
2.501254799999999886e+04 3.775427246093750000e+01
2.501263100000000122e+04 3.362194538116455078e+00
2.501271399999999994e+04 3.637702560424804688e+01
2.501279699999999866e+04 2.665254354476928711e+00
2.501288000000000102e+04 1.323020458221435547e+00
2.501296299999999974e+04 1.312275528907775879e+00
2.501304599999999846e+04 1.302230596542358398e+00
2.501312900000000081e+04 1.294229745864868164e+00
2.501321199999999953e+04 1.287080168724060059e+00
2.501329499999999825e+04 1.281078696250915527e+00
2.501337800000000061e+04 1.275594472885131836e+00
2.501346099999999933e+04 1.279152154922485352e+00
2.501354400000000169e+04 2.245208358764648438e+01
2.501362700000000041e+04 5.782294750213623047e+00
2.501370999999999913e+04 2.463434028625488281e+01
2.501379300000000148e+04 4.923706054687500000e+00
2.501387600000000020e+04 1.326840281486511230e+00
2.501395899999999892e+04 1.318179011344909668e+00
2.501404200000000128e+04 1.308696985244750977e+00
2.501412500000000000e+04 1.300788521766662598e+00
2.501420799999999872e+04 1.292756438255310059e+00
2.501429100000000108e+04 1.286306858062744141e+00
2.501437399999999980e+04 1.281019210815429688e+00
2.501445699999999852e+04 1.284827470779418945e+00
2.501454000000000087e+04 2.242339324951171875e+01
2.501462299999999959e+04 5.844627857208251953e+00
2.501470599999999831e+04 2.446934509277343750e+01
2.501478900000000067e+04 4.988054752349853516e+00
2.501487199999999939e+04 1.332397580146789551e+00
2.501495500000000175e+04 1.323039889335632324e+00
2.501503800000000047e+04 1.314936757087707520e+00
2.501512099999999919e+04 1.305401444435119629e+00
2.501520400000000154e+04 1.298848748207092285e+00
2.501528700000000026e+04 1.292176842689514160e+00
2.501536999999999898e+04 1.286702513694763184e+00
2.501545300000000134e+04 1.290924906730651855e+00
2.501553600000000006e+04 2.235143280029296875e+01
2.501561899999999878e+04 5.934709548950195312e+00
2.501570200000000114e+04 2.425280570983886719e+01
2.501578499999999985e+04 5.059344768524169922e+00
2.501586799999999857e+04 1.338389277458190918e+00
2.501595100000000093e+04 1.329418063163757324e+00
2.501603399999999965e+04 1.321565270423889160e+00
2.501611699999999837e+04 1.313372850418090820e+00
2.501620000000000073e+04 1.304783463478088379e+00
2.501628299999999945e+04 1.298003435134887695e+00
2.501636600000000180e+04 1.292329549789428711e+00
2.501644900000000052e+04 1.296235322952270508e+00
2.501653199999999924e+04 2.241646385192871094e+01
2.501661500000000160e+04 5.940346717834472656e+00
2.501669800000000032e+04 2.438643836975097656e+01
2.501678099999999904e+04 6.688917636871337891e+00
2.501686400000000140e+04 1.346093654632568359e+00
2.501694700000000012e+04 1.336719274520874023e+00
2.501702999999999884e+04 1.327725887298583984e+00
2.501711300000000119e+04 1.318920493125915527e+00
2.501719599999999991e+04 1.311208605766296387e+00
2.501727899999999863e+04 1.304153919219970703e+00
2.501736200000000099e+04 1.298265099525451660e+00
2.501744499999999971e+04 1.302256703376770020e+00
2.501752799999999843e+04 1.022174263000488281e+01
2.501761100000000079e+04 1.556807327270507812e+01
2.501769399999999951e+04 1.002848720550537109e+01
2.501777699999999822e+04 1.853335189819335938e+01
2.501786000000000058e+04 1.358126163482666016e+00
2.501794299999999930e+04 1.345392346382141113e+00
2.501802600000000166e+04 1.337114453315734863e+00
2.501810900000000038e+04 1.328453540802001953e+00
2.501819199999999910e+04 1.320735931396484375e+00
2.501827500000000146e+04 1.313151836395263672e+00
2.501835800000000017e+04 1.307317018508911133e+00
2.501844099999999889e+04 1.307394981384277344e+00
2.501852400000000125e+04 1.408854484558105469e+00
2.501860699999999997e+04 6.908469390869140625e+01
2.501868999999999869e+04 2.599689245223999023e+00
2.501877300000000105e+04 5.277688217163085938e+01
2.501885599999999977e+04 1.360931277275085449e+00
2.501893899999999849e+04 1.347806930541992188e+00
2.501902200000000084e+04 1.338575959205627441e+00
2.501910499999999956e+04 1.329833626747131348e+00
2.501918799999999828e+04 1.321716189384460449e+00
2.501927100000000064e+04 1.315157651901245117e+00
2.501935399999999936e+04 1.309090614318847656e+00
2.501943700000000172e+04 1.309125304222106934e+00
2.501952000000000044e+04 1.406086683273315430e+00
2.501960299999999916e+04 7.003022003173828125e+01
2.501968600000000151e+04 2.567305564880371094e+00
2.501976900000000023e+04 5.328765869140625000e+01
2.501985199999999895e+04 1.361061453819274902e+00
2.501993500000000131e+04 1.348752498626708984e+00
