2.500009800000000178e+04 6.295598983764648438e+00
2.500018100000000049e+04 6.172741889953613281e+00
2.500026399999999921e+04 6.065363883972167969e+00
2.500034700000000157e+04 5.947520732879638672e+00
2.500043000000000029e+04 5.921515464782714844e+00
2.500051299999999901e+04 6.180708408355712891e+00
2.500059600000000137e+04 4.187078094482421875e+01
2.500067900000000009e+04 1.096302795410156250e+01
2.500076199999999881e+04 4.316495132446289062e+01
2.500084500000000116e+04 6.799449920654296875e+00
2.500092799999999988e+04 6.600917816162109375e+00
2.500101099999999860e+04 6.439988136291503906e+00
2.500109400000000096e+04 6.297230243682861328e+00
2.500117699999999968e+04 6.150769710540771484e+00
2.500125999999999840e+04 6.041740417480468750e+00
2.500134300000000076e+04 5.927259445190429688e+00
2.500142599999999948e+04 5.825920104980468750e+00
2.500150899999999820e+04 6.095509052276611328e+00
2.500159200000000055e+04 2.289351463317871094e+01
2.500167499999999927e+04 2.585252571105957031e+01
2.500175800000000163e+04 1.357124233245849609e+01
2.500184100000000035e+04 6.814003944396972656e+00
2.500192399999999907e+04 6.599807262420654297e+00
2.500200700000000143e+04 6.443867683410644531e+00
2.500209000000000015e+04 6.292447566986083984e+00
2.500217299999999886e+04 6.159579277038574219e+00
2.500225600000000122e+04 6.046231269836425781e+00
2.500233899999999994e+04 5.926487922668457031e+00
2.500242199999999866e+04 5.838101863861083984e+00
2.500250500000000102e+04 6.083392143249511719e+00
2.500258799999999974e+04 2.150117492675781250e+01
2.500267099999999846e+04 2.727449989318847656e+01
2.500275400000000081e+04 1.308008670806884766e+01
2.500283699999999953e+04 6.800683975219726562e+00
2.500291999999999825e+04 6.592624664306640625e+00
2.500300300000000061e+04 6.434307098388671875e+00
2.500308599999999933e+04 6.280591964721679688e+00
2.500316900000000169e+04 6.154184818267822266e+00
2.500325200000000041e+04 6.040718555450439453e+00
2.500333499999999913e+04 5.916026592254638672e+00
2.500341800000000148e+04 5.823503494262695312e+00
2.500350100000000020e+04 6.092239856719970703e+00
2.500358399999999892e+04 2.104887008666992188e+01
2.500366700000000128e+04 2.847701644897460938e+01
2.500375000000000000e+04 1.222333145141601562e+01
2.500383299999999872e+04 6.816863536834716797e+00
2.500391600000000108e+04 6.595859527587890625e+00
2.500399899999999980e+04 6.434978008270263672e+00
2.500408199999999852e+04 6.288353919982910156e+00
2.500416500000000087e+04 6.153952121734619141e+00
2.500424799999999959e+04 6.040512084960937500e+00
2.500433099999999831e+04 5.933717250823974609e+00
2.500441400000000067e+04 5.833180904388427734e+00
2.500449699999999939e+04 6.082776546478271484e+00
2.500458000000000175e+04 2.151548385620117188e+01
2.500466300000000047e+04 2.754416084289550781e+01
2.500474599999999919e+04 1.439923000335693359e+01
2.500482900000000154e+04 9.760319709777832031e+00
2.500491200000000026e+04 6.701580047607421875e+00
2.500499499999999898e+04 6.533607959747314453e+00
2.500507800000000134e+04 6.393777370452880859e+00
2.500516100000000006e+04 6.252336025238037109e+00
2.500524399999999878e+04 6.132254600524902344e+00
2.500532700000000114e+04 6.018955707550048828e+00
2.500540999999999985e+04 5.912109851837158203e+00
2.500549299999999857e+04 6.083363056182861328e+00
2.500557600000000093e+04 1.777964973449707031e+01
2.500565899999999965e+04 3.059744644165039062e+01
2.500574199999999837e+04 1.270555686950683594e+01
2.500582500000000073e+04 1.121946620941162109e+01
2.500590799999999945e+04 6.650396823883056641e+00
2.500599100000000180e+04 6.480587005615234375e+00
2.500607400000000052e+04 6.340101242065429688e+00
2.500615699999999924e+04 6.212631702423095703e+00
2.500624000000000160e+04 6.080642223358154297e+00
2.500632300000000032e+04 5.972224712371826172e+00
2.500640599999999904e+04 5.864006519317626953e+00
2.500648900000000140e+04 6.026408195495605469e+00
2.500657200000000012e+04 1.800190353393554688e+01
2.500665499999999884e+04 3.023488616943359375e+01
2.500673800000000119e+04 1.287764072418212891e+01
2.500682099999999991e+04 1.110528850555419922e+01
2.500690399999999863e+04 6.649073600769042969e+00
2.500698700000000099e+04 6.489336967468261719e+00
2.500706999999999971e+04 6.349353790283203125e+00
2.500715299999999843e+04 6.213942527770996094e+00
2.500723600000000079e+04 6.091814041137695312e+00
2.500731899999999951e+04 5.975380420684814453e+00
2.500740199999999822e+04 5.868260383605957031e+00
2.500748500000000058e+04 6.047618389129638672e+00
2.500756799999999930e+04 1.796074104309082031e+01
2.500765100000000166e+04 3.047357940673828125e+01
2.500773400000000038e+04 1.278509426116943359e+01
2.500781699999999910e+04 1.116670036315917969e+01
2.500790000000000146e+04 6.664125919342041016e+00
2.500798300000000017e+04 6.491455554962158203e+00
2.500806599999999889e+04 6.352276802062988281e+00
2.500814900000000125e+04 6.214810371398925781e+00
2.500823199999999997e+04 6.086670398712158203e+00
2.500831499999999869e+04 5.977177619934082031e+00
2.500839800000000105e+04 5.886567592620849609e+00
2.500848099999999977e+04 6.059776306152343750e+00
2.500856399999999849e+04 1.794053077697753906e+01
2.500864700000000084e+04 3.059403228759765625e+01
2.500872999999999956e+04 1.420265197753906250e+01
2.500881299999999828e+04 1.657859420776367188e+01
2.500889600000000064e+04 6.775377273559570312e+00
2.500897899999999936e+04 6.607793807983398438e+00
2.500906200000000172e+04 6.457661151885986328e+00
2.500914500000000044e+04 6.316557407379150391e+00
2.500922799999999916e+04 6.184928894042968750e+00
2.500931100000000151e+04 6.071436405181884766e+00
2.500939400000000023e+04 5.967848300933837891e+00
2.500947699999999895e+04 6.077456474304199219e+00
2.500956000000000131e+04 1.429252147674560547e+01
2.500964300000000003e+04 3.201517486572265625e+01
2.500972599999999875e+04 1.303143405914306641e+01
2.500980900000000111e+04 1.795579528808593750e+01
2.500989199999999983e+04 6.793042182922363281e+00
2.500997499999999854e+04 6.626057624816894531e+00
2.501005800000000090e+04 6.479431629180908203e+00
2.501014099999999962e+04 6.300583839416503906e+00
2.501022399999999834e+04 6.176522254943847656e+00
2.501030700000000070e+04 6.069005489349365234e+00
2.501038999999999942e+04 5.962058067321777344e+00
2.501047300000000178e+04 6.059288978576660156e+00
2.501055600000000049e+04 1.443616771697998047e+01
2.501063899999999921e+04 3.161405181884765625e+01
2.501072200000000157e+04 1.320233440399169922e+01
2.501080500000000029e+04 1.765389442443847656e+01
2.501088799999999901e+04 6.779682636260986328e+00
2.501097100000000137e+04 6.614316463470458984e+00
2.501105400000000009e+04 6.460988998413085938e+00
2.501113699999999881e+04 6.317467212677001953e+00
2.501122000000000116e+04 6.195238113403320312e+00
2.501130299999999988e+04 6.068321228027343750e+00
2.501138599999999860e+04 5.966413021087646484e+00
2.501146900000000096e+04 6.079141616821289062e+00
2.501155199999999968e+04 1.440326023101806641e+01
2.501163499999999840e+04 3.173778343200683594e+01
2.501171800000000076e+04 1.316684436798095703e+01
2.501180099999999948e+04 1.776555442810058594e+01
2.501188399999999820e+04 6.786674499511718750e+00
2.501196700000000055e+04 6.615410327911376953e+00
2.501204999999999927e+04 6.465962409973144531e+00
2.501213300000000163e+04 6.333516597747802734e+00
2.501221600000000035e+04 6.200998783111572266e+00
2.501229899999999907e+04 6.085729122161865234e+00
2.501238200000000143e+04 5.985392093658447266e+00
2.501246500000000015e+04 6.079779148101806641e+00
2.501254799999999886e+04 1.444395065307617188e+01
2.501263100000000122e+04 3.177447128295898438e+01
2.501271399999999994e+04 1.319213104248046875e+01
2.501279699999999866e+04 2.593564414978027344e+01
2.501288000000000102e+04 6.842053413391113281e+00
2.501296299999999974e+04 6.679031848907470703e+00
2.501304599999999846e+04 6.515408039093017578e+00
2.501312900000000081e+04 6.374066352844238281e+00
2.501321199999999953e+04 6.243850708007812500e+00
2.501329499999999825e+04 6.135327339172363281e+00
2.501337800000000061e+04 6.022646903991699219e+00
2.501346099999999933e+04 6.066769123077392578e+00
2.501354400000000169e+04 8.882215499877929688e+00
2.501362700000000041e+04 4.412311553955078125e+01
2.501370999999999913e+04 9.557250022888183594e+00
2.501379300000000148e+04 3.690453720092773438e+01
2.501387600000000020e+04 6.861021041870117188e+00
2.501395899999999892e+04 6.687941074371337891e+00
2.501404200000000128e+04 6.526040554046630859e+00
2.501412500000000000e+04 6.394828796386718750e+00
2.501420799999999872e+04 6.245705127716064453e+00
2.501429100000000108e+04 6.129127979278564453e+00
2.501437399999999980e+04 6.029256820678710938e+00
2.501445699999999852e+04 6.070400238037109375e+00
2.501454000000000087e+04 8.901268959045410156e+00
2.501462299999999959e+04 4.427703857421875000e+01
2.501470599999999831e+04 9.590182304382324219e+00
2.501478900000000067e+04 3.682493972778320312e+01
2.501487199999999939e+04 6.872877120971679688e+00
2.501495500000000175e+04 6.689358711242675781e+00
2.501503800000000047e+04 6.545729160308837891e+00
2.501512099999999919e+04 6.382218837738037109e+00
2.501520400000000154e+04 6.261381149291992188e+00
2.501528700000000026e+04 6.143993377685546875e+00
2.501536999999999898e+04 6.033897876739501953e+00
2.501545300000000134e+04 6.083217620849609375e+00
2.501553600000000006e+04 8.904177665710449219e+00
2.501561899999999878e+04 4.431372451782226562e+01
2.501570200000000114e+04 9.548370361328125000e+00
2.501578499999999985e+04 3.711555099487304688e+01
2.501586799999999857e+04 6.887340068817138672e+00
2.501595100000000093e+04 6.707017421722412109e+00
2.501603399999999965e+04 6.553440570831298828e+00
2.501611699999999837e+04 6.413587093353271484e+00
2.501620000000000073e+04 6.277700901031494141e+00
2.501628299999999945e+04 6.160284519195556641e+00
2.501636600000000180e+04 6.046317100524902344e+00
2.501644900000000052e+04 6.086407184600830078e+00
2.501653199999999924e+04 8.910562515258789062e+00
2.501661500000000160e+04 4.444824218750000000e+01
2.501669800000000032e+04 9.583647727966308594e+00
2.501678099999999904e+04 4.813780212402343750e+01
2.501686400000000140e+04 6.900595188140869141e+00
2.501694700000000012e+04 6.726820945739746094e+00
2.501702999999999884e+04 6.565834522247314453e+00
2.501711300000000119e+04 6.414860725402832031e+00
2.501719599999999991e+04 6.287022590637207031e+00
2.501727899999999863e+04 6.163250923156738281e+00
2.501736200000000099e+04 6.049173355102539062e+00
2.501744499999999971e+04 6.100426197052001953e+00
2.501752799999999843e+04 6.755950450897216797e+00
2.501761100000000079e+04 4.142209625244140625e+01
2.501769399999999951e+04 1.092193222045898438e+01
2.501777699999999822e+04 3.776130676269531250e+01
2.501786000000000058e+04 6.913268089294433594e+00
2.501794299999999930e+04 6.718452453613281250e+00
2.501802600000000166e+04 6.564023971557617188e+00
2.501810900000000038e+04 6.417744159698486328e+00
2.501819199999999910e+04 6.295274734497070312e+00
2.501827500000000146e+04 6.154809474945068359e+00
2.501835800000000017e+04 6.041583538055419922e+00
2.501844099999999889e+04 6.025683403015136719e+00
2.501852400000000125e+04 6.682832717895507812e+00
2.501860699999999997e+04 4.089387130737304688e+01
2.501868999999999869e+04 1.112147903442382812e+01
2.501877300000000105e+04 3.628499221801757812e+01
2.501885599999999977e+04 6.914438724517822266e+00
2.501893899999999849e+04 6.724938392639160156e+00
2.501902200000000084e+04 6.565831184387207031e+00
2.501910499999999956e+04 6.408281326293945312e+00
2.501918799999999828e+04 6.280880451202392578e+00
2.501927100000000064e+04 6.167669773101806641e+00
2.501935399999999936e+04 6.057832717895507812e+00
2.501943700000000172e+04 6.022091865539550781e+00
2.501952000000000044e+04 6.660687923431396484e+00
2.501960299999999916e+04 4.126366043090820312e+01
2.501968600000000151e+04 1.098810768127441406e+01
2.501976900000000023e+04 3.681055450439453125e+01
2.501985199999999895e+04 6.908840656280517578e+00
2.501993500000000131e+04 6.720570087432861328e+00
