2.500009800000000178e+04 1.458691528320312500e+03
2.500018100000000049e+04 1.458705322265625000e+03
2.500026399999999921e+04 1.458719848632812500e+03
2.500034700000000157e+04 1.458734863281250000e+03
2.500043000000000029e+04 1.458749755859375000e+03
2.500051299999999901e+04 1.458765014648437500e+03
2.500059600000000137e+04 1.458780029296875000e+03
2.500067900000000009e+04 1.458794311523437500e+03
2.500076199999999881e+04 1.458807617187500000e+03
2.500084500000000116e+04 1.458820068359375000e+03
2.500092799999999988e+04 1.458831787109375000e+03
2.500101099999999860e+04 1.458843750000000000e+03
2.500109400000000096e+04 1.458855712890625000e+03
2.500117699999999968e+04 1.458867797851562500e+03
2.500125999999999840e+04 1.458880859375000000e+03
2.500134300000000076e+04 1.458894409179687500e+03
2.500142599999999948e+04 1.458908081054687500e+03
2.500150899999999820e+04 1.458921875000000000e+03
2.500159200000000055e+04 1.458935791015625000e+03
2.500167499999999927e+04 1.458948730468750000e+03
2.500175800000000163e+04 1.458960815429687500e+03
2.500184100000000035e+04 1.458972167968750000e+03
2.500192399999999907e+04 1.458982788085937500e+03
2.500200700000000143e+04 1.458993652343750000e+03
2.500209000000000015e+04 1.459004394531250000e+03
2.500217299999999886e+04 1.459015502929687500e+03
2.500225600000000122e+04 1.459027587890625000e+03
2.500233899999999994e+04 1.459040039062500000e+03
2.500242199999999866e+04 1.459052734375000000e+03
2.500250500000000102e+04 1.459065673828125000e+03
2.500258799999999974e+04 1.459078613281250000e+03
2.500267099999999846e+04 1.459090698242187500e+03
2.500275400000000081e+04 1.459101928710937500e+03
2.500283699999999953e+04 1.459112426757812500e+03
2.500291999999999825e+04 1.459122070312500000e+03
2.500300300000000061e+04 1.459132080078125000e+03
2.500308599999999933e+04 1.459142089843750000e+03
2.500316900000000169e+04 1.459152343750000000e+03
2.500325200000000041e+04 1.459163696289062500e+03
2.500333499999999913e+04 1.459175415039062500e+03
2.500341800000000148e+04 1.459187377929687500e+03
2.500350100000000020e+04 1.459199584960937500e+03
2.500358399999999892e+04 1.459211669921875000e+03
2.500366700000000128e+04 1.459223144531250000e+03
2.500375000000000000e+04 1.459233642578125000e+03
2.500383299999999872e+04 1.459243408203125000e+03
2.500391600000000108e+04 1.459252441406250000e+03
2.500399899999999980e+04 1.459261840820312500e+03
2.500408199999999852e+04 1.459271240234375000e+03
2.500416500000000087e+04 1.459280761718750000e+03
2.500424799999999959e+04 1.459291381835937500e+03
2.500433099999999831e+04 1.459302612304687500e+03
2.500441400000000067e+04 1.459313964843750000e+03
2.500449699999999939e+04 1.459325561523437500e+03
2.500458000000000175e+04 1.459337158203125000e+03
2.500466300000000047e+04 1.459348144531250000e+03
2.500474599999999919e+04 1.459358276367187500e+03
2.500482900000000154e+04 1.459367675781250000e+03
2.500491200000000026e+04 1.459376342773437500e+03
2.500499499999999898e+04 1.459385131835937500e+03
2.500507800000000134e+04 1.459393920898437500e+03
2.500516100000000006e+04 1.459402954101562500e+03
2.500524399999999878e+04 1.459412963867187500e+03
2.500532700000000114e+04 1.459423461914062500e+03
2.500540999999999985e+04 1.459434326171875000e+03
2.500549299999999857e+04 1.459445312500000000e+03
2.500557600000000093e+04 1.459456420898437500e+03
2.500565899999999965e+04 1.459467041015625000e+03
2.500574199999999837e+04 1.459476684570312500e+03
2.500582500000000073e+04 1.459485595703125000e+03
2.500590799999999945e+04 1.459493896484375000e+03
2.500599100000000180e+04 1.459502197265625000e+03
2.500607400000000052e+04 1.459510620117187500e+03
2.500615699999999924e+04 1.459519287109375000e+03
2.500624000000000160e+04 1.459528808593750000e+03
2.500632300000000032e+04 1.459538940429687500e+03
2.500640599999999904e+04 1.459549438476562500e+03
2.500648900000000140e+04 1.459560058593750000e+03
2.500657200000000012e+04 1.459570800781250000e+03
2.500665499999999884e+04 1.459580932617187500e+03
2.500673800000000119e+04 1.459590209960937500e+03
2.500682099999999991e+04 1.459598876953125000e+03
2.500690399999999863e+04 1.459606689453125000e+03
2.500698700000000099e+04 1.459614746093750000e+03
2.500706999999999971e+04 1.459622802734375000e+03
2.500715299999999843e+04 1.459631103515625000e+03
2.500723600000000079e+04 1.459640258789062500e+03
2.500731899999999951e+04 1.459650146484375000e+03
2.500740199999999822e+04 1.459660156250000000e+03
2.500748500000000058e+04 1.459670532226562500e+03
2.500756799999999930e+04 1.459680908203125000e+03
2.500765100000000166e+04 1.459690795898437500e+03
2.500773400000000038e+04 1.459699829101562500e+03
2.500781699999999910e+04 1.459708007812500000e+03
2.500790000000000146e+04 1.459715576171875000e+03
2.500798300000000017e+04 1.459723266601562500e+03
2.500806599999999889e+04 1.459731079101562500e+03
2.500814900000000125e+04 1.459739013671875000e+03
2.500823199999999997e+04 1.459747924804687500e+03
2.500831499999999869e+04 1.459757446289062500e+03
2.500839800000000105e+04 1.459767211914062500e+03
2.500848099999999977e+04 1.459777343750000000e+03
2.500856399999999849e+04 1.459787475585937500e+03
2.500864700000000084e+04 1.459797241210937500e+03
2.500872999999999956e+04 1.459806152343750000e+03
2.500881299999999828e+04 1.459814208984375000e+03
2.500889600000000064e+04 1.459821655273437500e+03
2.500897899999999936e+04 1.459829101562500000e+03
2.500906200000000172e+04 1.459836547851562500e+03
2.500914500000000044e+04 1.459844238281250000e+03
2.500922799999999916e+04 1.459852783203125000e+03
2.500931100000000151e+04 1.459861938476562500e+03
2.500939400000000023e+04 1.459871459960937500e+03
2.500947699999999895e+04 1.459881225585937500e+03
2.500956000000000131e+04 1.459891113281250000e+03
2.500964300000000003e+04 1.459900634765625000e+03
2.500972599999999875e+04 1.459909301757812500e+03
2.500980900000000111e+04 1.459917236328125000e+03
2.500989199999999983e+04 1.459924438476562500e+03
2.500997499999999854e+04 1.459931518554687500e+03
2.501005800000000090e+04 1.459938842773437500e+03
2.501014099999999962e+04 1.459946411132812500e+03
2.501022399999999834e+04 1.459954589843750000e+03
2.501030700000000070e+04 1.459963623046875000e+03
2.501038999999999942e+04 1.459972900390625000e+03
2.501047300000000178e+04 1.459982543945312500e+03
2.501055600000000049e+04 1.459992187500000000e+03
2.501063899999999921e+04 1.460001464843750000e+03
2.501072200000000157e+04 1.460010009765625000e+03
2.501080500000000029e+04 1.460017700195312500e+03
2.501088799999999901e+04 1.460024658203125000e+03
2.501097100000000137e+04 1.460031738281250000e+03
2.501105400000000009e+04 1.460038818359375000e+03
2.501113699999999881e+04 1.460046142578125000e+03
2.501122000000000116e+04 1.460054199218750000e+03
2.501130299999999988e+04 1.460062988281250000e+03
2.501138599999999860e+04 1.460072143554687500e+03
2.501146900000000096e+04 1.460081542968750000e+03
2.501155199999999968e+04 1.460091064453125000e+03
2.501163499999999840e+04 1.460100219726562500e+03
2.501171800000000076e+04 1.460108520507812500e+03
2.501180099999999948e+04 1.460116088867187500e+03
2.501188399999999820e+04 1.460122924804687500e+03
2.501196700000000055e+04 1.460129760742187500e+03
2.501204999999999927e+04 1.460136718750000000e+03
2.501213300000000163e+04 1.460143798828125000e+03
2.501221600000000035e+04 1.460151611328125000e+03
2.501229899999999907e+04 1.460160278320312500e+03
2.501238200000000143e+04 1.460169311523437500e+03
2.501246500000000015e+04 1.460178588867187500e+03
2.501254799999999886e+04 1.460187988281250000e+03
2.501263100000000122e+04 1.460196899414062500e+03
2.501271399999999994e+04 1.460205200195312500e+03
2.501279699999999866e+04 1.460212768554687500e+03
2.501288000000000102e+04 1.460219604492187500e+03
2.501296299999999974e+04 1.460226196289062500e+03
2.501304599999999846e+04 1.460233032226562500e+03
2.501312900000000081e+04 1.460239990234375000e+03
2.501321199999999953e+04 1.460247802734375000e+03
2.501329499999999825e+04 1.460256103515625000e+03
2.501337800000000061e+04 1.460265014648437500e+03
2.501346099999999933e+04 1.460274047851562500e+03
2.501354400000000169e+04 1.460283325195312500e+03
2.501362700000000041e+04 1.460292236328125000e+03
2.501370999999999913e+04 1.460300415039062500e+03
2.501379300000000148e+04 1.460307861328125000e+03
2.501387600000000020e+04 1.460314575195312500e+03
2.501395899999999892e+04 1.460321044921875000e+03
2.501404200000000128e+04 1.460327758789062500e+03
2.501412500000000000e+04 1.460334594726562500e+03
2.501420799999999872e+04 1.460342041015625000e+03
2.501429100000000108e+04 1.460350341796875000e+03
2.501437399999999980e+04 1.460359008789062500e+03
2.501445699999999852e+04 1.460367919921875000e+03
2.501454000000000087e+04 1.460377075195312500e+03
2.501462299999999959e+04 1.460385864257812500e+03
2.501470599999999831e+04 1.460394042968750000e+03
2.501478900000000067e+04 1.460401367187500000e+03
2.501487199999999939e+04 1.460407958984375000e+03
2.501495500000000175e+04 1.460414306640625000e+03
2.501503800000000047e+04 1.460420898437500000e+03
2.501512099999999919e+04 1.460427612304687500e+03
2.501520400000000154e+04 1.460434936523437500e+03
2.501528700000000026e+04 1.460443115234375000e+03
2.501536999999999898e+04 1.460451660156250000e+03
2.501545300000000134e+04 1.460460571289062500e+03
2.501553600000000006e+04 1.460469604492187500e+03
2.501561899999999878e+04 1.460478271484375000e+03
2.501570200000000114e+04 1.460486328125000000e+03
2.501578499999999985e+04 1.460493530273437500e+03
2.501586799999999857e+04 1.460500000000000000e+03
2.501595100000000093e+04 1.460506225585937500e+03
2.501603399999999965e+04 1.460512817382812500e+03
2.501611699999999837e+04 1.460519287109375000e+03
2.501620000000000073e+04 1.460526611328125000e+03
2.501628299999999945e+04 1.460534667968750000e+03
2.501636600000000180e+04 1.460543090820312500e+03
2.501644900000000052e+04 1.460551879882812500e+03
2.501653199999999924e+04 1.460560791015625000e+03
2.501661500000000160e+04 1.460569458007812500e+03
2.501669800000000032e+04 1.460577514648437500e+03
2.501678099999999904e+04 1.460584838867187500e+03
2.501686400000000140e+04 1.460591430664062500e+03
2.501694700000000012e+04 1.460597412109375000e+03
2.501702999999999884e+04 1.460603881835937500e+03
2.501711300000000119e+04 1.460610351562500000e+03
2.501719599999999991e+04 1.460617431640625000e+03
2.501727899999999863e+04 1.460625366210937500e+03
2.501736200000000099e+04 1.460633789062500000e+03
2.501744499999999971e+04 1.460642333984375000e+03
2.501752799999999843e+04 1.460651245117187500e+03
2.501761100000000079e+04 1.460659912109375000e+03
2.501769399999999951e+04 1.460667968750000000e+03
2.501777699999999822e+04 1.460675170898437500e+03
2.501786000000000058e+04 1.460681640625000000e+03
2.501794299999999930e+04 1.460687622070312500e+03
2.501802600000000166e+04 1.460693969726562500e+03
2.501810900000000038e+04 1.460700317382812500e+03
2.501819199999999910e+04 1.460707153320312500e+03
2.501827500000000146e+04 1.460714965820312500e+03
2.501835800000000017e+04 1.460723266601562500e+03
2.501844099999999889e+04 1.460731811523437500e+03
2.501852400000000125e+04 1.460740600585937500e+03
2.501860699999999997e+04 1.460749267578125000e+03
2.501868999999999869e+04 1.460757202148437500e+03
2.501877300000000105e+04 1.460764282226562500e+03
2.501885599999999977e+04 1.460770751953125000e+03
2.501893899999999849e+04 1.460776611328125000e+03
2.501902200000000084e+04 1.460782836914062500e+03
2.501910499999999956e+04 1.460789184570312500e+03
2.501918799999999828e+04 1.460796020507812500e+03
2.501927100000000064e+04 1.460803710937500000e+03
2.501935399999999936e+04 1.460812011718750000e+03
2.501943700000000172e+04 1.460820434570312500e+03
2.501952000000000044e+04 1.460829101562500000e+03
2.501960299999999916e+04 1.460837768554687500e+03
2.501968600000000151e+04 1.460845581054687500e+03
2.501976900000000023e+04 1.460852661132812500e+03
2.501985199999999895e+04 1.460859008789062500e+03
2.501993500000000131e+04 1.460864868164062500e+03
