2.500009800000000178e+04 1.462854980468750000e+03
2.500018100000000049e+04 1.462868652343750000e+03
2.500026399999999921e+04 1.462883178710937500e+03
2.500034700000000157e+04 1.462897949218750000e+03
2.500043000000000029e+04 1.462912841796875000e+03
2.500051299999999901e+04 1.462927978515625000e+03
2.500059600000000137e+04 1.462942993164062500e+03
2.500067900000000009e+04 1.462957153320312500e+03
2.500076199999999881e+04 1.462970336914062500e+03
2.500084500000000116e+04 1.462982788085937500e+03
2.500092799999999988e+04 1.462994384765625000e+03
2.500101099999999860e+04 1.463006347656250000e+03
2.500109400000000096e+04 1.463018188476562500e+03
2.500117699999999968e+04 1.463030151367187500e+03
2.500125999999999840e+04 1.463043212890625000e+03
2.500134300000000076e+04 1.463056640625000000e+03
2.500142599999999948e+04 1.463070190429687500e+03
2.500150899999999820e+04 1.463084106445312500e+03
2.500159200000000055e+04 1.463097778320312500e+03
2.500167499999999927e+04 1.463110717773437500e+03
2.500175800000000163e+04 1.463122802734375000e+03
2.500184100000000035e+04 1.463134033203125000e+03
2.500192399999999907e+04 1.463144531250000000e+03
2.500200700000000143e+04 1.463155395507812500e+03
2.500209000000000015e+04 1.463166137695312500e+03
2.500217299999999886e+04 1.463177124023437500e+03
2.500225600000000122e+04 1.463189086914062500e+03
2.500233899999999994e+04 1.463201538085937500e+03
2.500242199999999866e+04 1.463214111328125000e+03
2.500250500000000102e+04 1.463227050781250000e+03
2.500258799999999974e+04 1.463239868164062500e+03
2.500267099999999846e+04 1.463251831054687500e+03
2.500275400000000081e+04 1.463263061523437500e+03
2.500283699999999953e+04 1.463273437500000000e+03
2.500291999999999825e+04 1.463283081054687500e+03
2.500300300000000061e+04 1.463293090820312500e+03
2.500308599999999933e+04 1.463302978515625000e+03
2.500316900000000169e+04 1.463313232421875000e+03
2.500325200000000041e+04 1.463324462890625000e+03
2.500333499999999913e+04 1.463336181640625000e+03
2.500341800000000148e+04 1.463348022460937500e+03
2.500350100000000020e+04 1.463360107421875000e+03
2.500358399999999892e+04 1.463372192382812500e+03
2.500366700000000128e+04 1.463383544921875000e+03
2.500375000000000000e+04 1.463394042968750000e+03
2.500383299999999872e+04 1.463403808593750000e+03
2.500391600000000108e+04 1.463412719726562500e+03
2.500399899999999980e+04 1.463422119140625000e+03
2.500408199999999852e+04 1.463431396484375000e+03
2.500416500000000087e+04 1.463440917968750000e+03
2.500424799999999959e+04 1.463451538085937500e+03
2.500433099999999831e+04 1.463462646484375000e+03
2.500441400000000067e+04 1.463473876953125000e+03
2.500449699999999939e+04 1.463485473632812500e+03
2.500458000000000175e+04 1.463496948242187500e+03
2.500466300000000047e+04 1.463507934570312500e+03
2.500474599999999919e+04 1.463517944335937500e+03
2.500482900000000154e+04 1.463527343750000000e+03
2.500491200000000026e+04 1.463535888671875000e+03
2.500499499999999898e+04 1.463544677734375000e+03
2.500507800000000134e+04 1.463553466796875000e+03
2.500516100000000006e+04 1.463562500000000000e+03
2.500524399999999878e+04 1.463572387695312500e+03
2.500532700000000114e+04 1.463582885742187500e+03
2.500540999999999985e+04 1.463593627929687500e+03
2.500549299999999857e+04 1.463604614257812500e+03
2.500557600000000093e+04 1.463615722656250000e+03
2.500565899999999965e+04 1.463626098632812500e+03
2.500574199999999837e+04 1.463635742187500000e+03
2.500582500000000073e+04 1.463644653320312500e+03
2.500590799999999945e+04 1.463652832031250000e+03
2.500599100000000180e+04 1.463661132812500000e+03
2.500607400000000052e+04 1.463669555664062500e+03
2.500615699999999924e+04 1.463678100585937500e+03
2.500624000000000160e+04 1.463687622070312500e+03
2.500632300000000032e+04 1.463697753906250000e+03
2.500640599999999904e+04 1.463708129882812500e+03
2.500648900000000140e+04 1.463718750000000000e+03
2.500657200000000012e+04 1.463729370117187500e+03
2.500665499999999884e+04 1.463739501953125000e+03
2.500673800000000119e+04 1.463748779296875000e+03
2.500682099999999991e+04 1.463757324218750000e+03
2.500690399999999863e+04 1.463765136718750000e+03
2.500698700000000099e+04 1.463773071289062500e+03
2.500706999999999971e+04 1.463781127929687500e+03
2.500715299999999843e+04 1.463789306640625000e+03
2.500723600000000079e+04 1.463798461914062500e+03
2.500731899999999951e+04 1.463808227539062500e+03
2.500740199999999822e+04 1.463818359375000000e+03
2.500748500000000058e+04 1.463828613281250000e+03
2.500756799999999930e+04 1.463838989257812500e+03
2.500765100000000166e+04 1.463848754882812500e+03
2.500773400000000038e+04 1.463857666015625000e+03
2.500781699999999910e+04 1.463865966796875000e+03
2.500790000000000146e+04 1.463873413085937500e+03
2.500798300000000017e+04 1.463881103515625000e+03
2.500806599999999889e+04 1.463888793945312500e+03
2.500814900000000125e+04 1.463896728515625000e+03
2.500823199999999997e+04 1.463905639648437500e+03
2.500831499999999869e+04 1.463915161132812500e+03
2.500839800000000105e+04 1.463924926757812500e+03
2.500848099999999977e+04 1.463934936523437500e+03
2.500856399999999849e+04 1.463944946289062500e+03
2.500864700000000084e+04 1.463954711914062500e+03
2.500872999999999956e+04 1.463963500976562500e+03
2.500881299999999828e+04 1.463971679687500000e+03
2.500889600000000064e+04 1.463979003906250000e+03
2.500897899999999936e+04 1.463986328125000000e+03
2.500906200000000172e+04 1.463993774414062500e+03
2.500914500000000044e+04 1.464001464843750000e+03
2.500922799999999916e+04 1.464009887695312500e+03
2.500931100000000151e+04 1.464019042968750000e+03
2.500939400000000023e+04 1.464028564453125000e+03
2.500947699999999895e+04 1.464038208007812500e+03
2.500956000000000131e+04 1.464048095703125000e+03
2.500964300000000003e+04 1.464057495117187500e+03
2.500972599999999875e+04 1.464066162109375000e+03
2.500980900000000111e+04 1.464074096679687500e+03
2.500989199999999983e+04 1.464081176757812500e+03
2.500997499999999854e+04 1.464088378906250000e+03
2.501005800000000090e+04 1.464095581054687500e+03
2.501014099999999962e+04 1.464103027343750000e+03
2.501022399999999834e+04 1.464111206054687500e+03
2.501030700000000070e+04 1.464120239257812500e+03
2.501038999999999942e+04 1.464129516601562500e+03
2.501047300000000178e+04 1.464139038085937500e+03
2.501055600000000049e+04 1.464148681640625000e+03
2.501063899999999921e+04 1.464157958984375000e+03
2.501072200000000157e+04 1.464166381835937500e+03
2.501080500000000029e+04 1.464174072265625000e+03
2.501088799999999901e+04 1.464181030273437500e+03
2.501097100000000137e+04 1.464187988281250000e+03
2.501105400000000009e+04 1.464195068359375000e+03
2.501113699999999881e+04 1.464202270507812500e+03
2.501122000000000116e+04 1.464210327148437500e+03
2.501130299999999988e+04 1.464219116210937500e+03
2.501138599999999860e+04 1.464224609375000000e+03
2.501146900000000096e+04 1.464230346679687500e+03
2.501155199999999968e+04 1.464249877929687500e+03
2.501163499999999840e+04 1.464255371093750000e+03
2.501171800000000076e+04 1.464270507812500000e+03
2.501180099999999948e+04 1.464278076171875000e+03
2.501188399999999820e+04 1.464281372070312500e+03
2.501196700000000055e+04 1.464284667968750000e+03
2.501204999999999927e+04 1.464288085937500000e+03
2.501213300000000163e+04 1.464291625976562500e+03
2.501221600000000035e+04 1.464296020507812500e+03
2.501229899999999907e+04 1.464301147460937500e+03
2.501238200000000143e+04 1.464306640625000000e+03
2.501246500000000015e+04 1.464312500000000000e+03
2.501254799999999886e+04 1.464347900390625000e+03
2.501263100000000122e+04 1.464353393554687500e+03
2.501271399999999994e+04 1.464368652343750000e+03
2.501279699999999866e+04 1.464376342773437500e+03
2.501288000000000102e+04 1.464379760742187500e+03
2.501296299999999974e+04 1.464382934570312500e+03
2.501304599999999846e+04 1.464386352539062500e+03
2.501312900000000081e+04 1.464389892578125000e+03
2.501321199999999953e+04 1.464394287109375000e+03
2.501329499999999825e+04 1.464399414062500000e+03
2.501337800000000061e+04 1.464404785156250000e+03
2.501346099999999933e+04 1.464410522460937500e+03
2.501354400000000169e+04 1.464445434570312500e+03
2.501362700000000041e+04 1.464451049804687500e+03
2.501370999999999913e+04 1.464466064453125000e+03
2.501379300000000148e+04 1.464473632812500000e+03
2.501387600000000020e+04 1.464480468750000000e+03
2.501395899999999892e+04 1.464483642578125000e+03
2.501404200000000128e+04 1.464487060546875000e+03
2.501412500000000000e+04 1.464490600585937500e+03
2.501420799999999872e+04 1.464494750976562500e+03
2.501429100000000108e+04 1.464499877929687500e+03
2.501437399999999980e+04 1.464505249023437500e+03
2.501445699999999852e+04 1.464510986328125000e+03
2.501454000000000087e+04 1.464542846679687500e+03
2.501462299999999959e+04 1.464548461914062500e+03
2.501470599999999831e+04 1.464563232421875000e+03
2.501478900000000067e+04 1.464570678710937500e+03
2.501487199999999939e+04 1.464577392578125000e+03
2.501495500000000175e+04 1.464580566406250000e+03
2.501503800000000047e+04 1.464583984375000000e+03
2.501512099999999919e+04 1.464587524414062500e+03
2.501520400000000154e+04 1.464591796875000000e+03
2.501528700000000026e+04 1.464596801757812500e+03
2.501536999999999898e+04 1.464602294921875000e+03
2.501545300000000134e+04 1.464608032226562500e+03
2.501553600000000006e+04 1.464639160156250000e+03
2.501561899999999878e+04 1.464644775390625000e+03
2.501570200000000114e+04 1.464659301757812500e+03
2.501578499999999985e+04 1.464666625976562500e+03
2.501586799999999857e+04 1.464673339843750000e+03
2.501595100000000093e+04 1.464676513671875000e+03
2.501603399999999965e+04 1.464679931640625000e+03
2.501611699999999837e+04 1.464683349609375000e+03
2.501620000000000073e+04 1.464687622070312500e+03
2.501628299999999945e+04 1.464692626953125000e+03
2.501636600000000180e+04 1.464698120117187500e+03
2.501644900000000052e+04 1.464703857421875000e+03
2.501653199999999924e+04 1.464734375000000000e+03
2.501661500000000160e+04 1.464739990234375000e+03
2.501669800000000032e+04 1.464754394531250000e+03
2.501678099999999904e+04 1.464761840820312500e+03
2.501686400000000140e+04 1.464768554687500000e+03
2.501694700000000012e+04 1.464771728515625000e+03
2.501702999999999884e+04 1.464775146484375000e+03
2.501711300000000119e+04 1.464778564453125000e+03
2.501719599999999991e+04 1.464782836914062500e+03
2.501727899999999863e+04 1.464787719726562500e+03
2.501736200000000099e+04 1.464793212890625000e+03
2.501744499999999971e+04 1.464798828125000000e+03
2.501752799999999843e+04 1.464828857421875000e+03
2.501761100000000079e+04 1.464834594726562500e+03
2.501769399999999951e+04 1.464848876953125000e+03
2.501777699999999822e+04 1.464856201171875000e+03
2.501786000000000058e+04 1.464862915039062500e+03
2.501794299999999930e+04 1.464869018554687500e+03
2.501802600000000166e+04 1.464872436523437500e+03
2.501810900000000038e+04 1.464875976562500000e+03
2.501819199999999910e+04 1.464880004882812500e+03
2.501827500000000146e+04 1.464884887695312500e+03
2.501835800000000017e+04 1.464890258789062500e+03
2.501844099999999889e+04 1.464895996093750000e+03
2.501852400000000125e+04 1.464923217773437500e+03
2.501860699999999997e+04 1.464928955078125000e+03
2.501868999999999869e+04 1.464942871093750000e+03
2.501877300000000105e+04 1.464950195312500000e+03
2.501885599999999977e+04 1.464956787109375000e+03
2.501893899999999849e+04 1.464962890625000000e+03
2.501902200000000084e+04 1.464966308593750000e+03
2.501910499999999956e+04 1.464969848632812500e+03
2.501918799999999828e+04 1.464973754882812500e+03
2.501927100000000064e+04 1.464978759765625000e+03
2.501935399999999936e+04 1.464984130859375000e+03
2.501943700000000172e+04 1.464989746093750000e+03
2.501952000000000044e+04 1.465016479492187500e+03
2.501960299999999916e+04 1.465022338867187500e+03
2.501968600000000151e+04 1.465036132812500000e+03
2.501976900000000023e+04 1.465043334960937500e+03
2.501985199999999895e+04 1.465049804687500000e+03
2.501993500000000131e+04 1.465055908203125000e+03
