2.500009800000000178e+04 7.304381103515625000e+02
2.500018100000000049e+04 7.304453125000000000e+02
2.500026399999999921e+04 7.304539794921875000e+02
2.500034700000000157e+04 7.304628295898437500e+02
2.500043000000000029e+04 7.304695434570312500e+02
2.500051299999999901e+04 7.304602661132812500e+02
2.500059600000000137e+04 7.304018554687500000e+02
2.500067900000000009e+04 7.303659057617187500e+02
2.500076199999999881e+04 7.303710327148437500e+02
2.500084500000000116e+04 7.303778076171875000e+02
2.500092799999999988e+04 7.303834228515625000e+02
2.500101099999999860e+04 7.303897094726562500e+02
2.500109400000000096e+04 7.303960571289062500e+02
2.500117699999999968e+04 7.304028930664062500e+02
2.500125999999999840e+04 7.304114379882812500e+02
2.500134300000000076e+04 7.304207763671875000e+02
2.500142599999999948e+04 7.304274902343750000e+02
2.500150899999999820e+04 7.304205322265625000e+02
2.500159200000000055e+04 7.303665161132812500e+02
2.500167499999999927e+04 7.303305053710937500e+02
2.500175800000000163e+04 7.303356323242187500e+02
2.500184100000000035e+04 7.303424072265625000e+02
2.500192399999999907e+04 7.303479614257812500e+02
2.500200700000000143e+04 7.303543090820312500e+02
2.500209000000000015e+04 7.303605957031250000e+02
2.500217299999999886e+04 7.303674926757812500e+02
2.500225600000000122e+04 7.303759765625000000e+02
2.500233899999999994e+04 7.303853149414062500e+02
2.500242199999999866e+04 7.303920288085937500e+02
2.500250500000000102e+04 7.303850708007812500e+02
2.500258799999999974e+04 7.303310546875000000e+02
2.500267099999999846e+04 7.302950439453125000e+02
2.500275400000000081e+04 7.303001708984375000e+02
2.500283699999999953e+04 7.303068847656250000e+02
2.500291999999999825e+04 7.303125000000000000e+02
2.500300300000000061e+04 7.303187866210937500e+02
2.500308599999999933e+04 7.303251342773437500e+02
2.500316900000000169e+04 7.303319702148437500e+02
2.500325200000000041e+04 7.303405151367187500e+02
2.500333499999999913e+04 7.303498535156250000e+02
2.500341800000000148e+04 7.303565673828125000e+02
2.500350100000000020e+04 7.303496093750000000e+02
2.500358399999999892e+04 7.302955322265625000e+02
2.500366700000000128e+04 7.302594604492187500e+02
2.500375000000000000e+04 7.302645874023437500e+02
2.500383299999999872e+04 7.302713623046875000e+02
2.500391600000000108e+04 7.302769165039062500e+02
2.500399899999999980e+04 7.302832641601562500e+02
2.500408199999999852e+04 7.302895507812500000e+02
2.500416500000000087e+04 7.302963256835937500e+02
2.500424799999999959e+04 7.303048706054687500e+02
2.500433099999999831e+04 7.303142089843750000e+02
2.500441400000000067e+04 7.303209228515625000e+02
2.500449699999999939e+04 7.303139038085937500e+02
2.500458000000000175e+04 7.302597656250000000e+02
2.500466300000000047e+04 7.302187500000000000e+02
2.500474599999999919e+04 7.302157592773437500e+02
2.500482900000000154e+04 7.302227172851562500e+02
2.500491200000000026e+04 7.302285766601562500e+02
2.500499499999999898e+04 7.302348022460937500e+02
2.500507800000000134e+04 7.302411499023437500e+02
2.500516100000000006e+04 7.302479248046875000e+02
2.500524399999999878e+04 7.302561645507812500e+02
2.500532700000000114e+04 7.302653808593750000e+02
2.500540999999999985e+04 7.302726440429687500e+02
2.500549299999999857e+04 7.302684326171875000e+02
2.500557600000000093e+04 7.302221069335937500e+02
2.500565899999999965e+04 7.301810913085937500e+02
2.500574199999999837e+04 7.301781005859375000e+02
2.500582500000000073e+04 7.301849975585937500e+02
2.500590799999999945e+04 7.301909179687500000e+02
2.500599100000000180e+04 7.301971435546875000e+02
2.500607400000000052e+04 7.302034912109375000e+02
2.500615699999999924e+04 7.302102661132812500e+02
2.500624000000000160e+04 7.302185058593750000e+02
2.500632300000000032e+04 7.302277221679687500e+02
2.500640599999999904e+04 7.302349853515625000e+02
2.500648900000000140e+04 7.302307739257812500e+02
2.500657200000000012e+04 7.301843872070312500e+02
2.500665499999999884e+04 7.301434326171875000e+02
2.500673800000000119e+04 7.301404418945312500e+02
2.500682099999999991e+04 7.301473999023437500e+02
2.500690399999999863e+04 7.301532592773437500e+02
2.500698700000000099e+04 7.301594848632812500e+02
2.500706999999999971e+04 7.301658325195312500e+02
2.500715299999999843e+04 7.301726684570312500e+02
2.500723600000000079e+04 7.301808471679687500e+02
2.500731899999999951e+04 7.301900634765625000e+02
2.500740199999999822e+04 7.301973266601562500e+02
2.500748500000000058e+04 7.301931152343750000e+02
2.500756799999999930e+04 7.301467285156250000e+02
2.500765100000000166e+04 7.301057128906250000e+02
2.500773400000000038e+04 7.301027221679687500e+02
2.500781699999999910e+04 7.301096801757812500e+02
2.500790000000000146e+04 7.301155395507812500e+02
2.500798300000000017e+04 7.301217651367187500e+02
2.500806599999999889e+04 7.301281738281250000e+02
2.500814900000000125e+04 7.301348266601562500e+02
2.500823199999999997e+04 7.301430664062500000e+02
2.500831499999999869e+04 7.301522827148437500e+02
2.500839800000000105e+04 7.301595458984375000e+02
2.500848099999999977e+04 7.301553344726562500e+02
2.500856399999999849e+04 7.301088256835937500e+02
2.500864700000000084e+04 7.300628051757812500e+02
2.500872999999999956e+04 7.300515747070312500e+02
2.500881299999999828e+04 7.300580444335937500e+02
2.500889600000000064e+04 7.300641479492187500e+02
2.500897899999999936e+04 7.300701904296875000e+02
2.500906200000000172e+04 7.300765380859375000e+02
2.500914500000000044e+04 7.300832519531250000e+02
2.500922799999999916e+04 7.300911254882812500e+02
2.500931100000000151e+04 7.301001586914062500e+02
2.500939400000000023e+04 7.301079101562500000e+02
2.500947699999999895e+04 7.301064453125000000e+02
2.500956000000000131e+04 7.300715942382812500e+02
2.500964300000000003e+04 7.300255737304687500e+02
2.500972599999999875e+04 7.300144653320312500e+02
2.500980900000000111e+04 7.300209960937500000e+02
2.500989199999999983e+04 7.300271606445312500e+02
2.500997499999999854e+04 7.300332641601562500e+02
2.501005800000000090e+04 7.301474609375000000e+02
2.501014099999999962e+04 7.301541748046875000e+02
2.501022399999999834e+04 7.301621093750000000e+02
2.501030700000000070e+04 7.301711425781250000e+02
2.501038999999999942e+04 7.301789550781250000e+02
2.501047300000000178e+04 7.301774291992187500e+02
2.501055600000000049e+04 7.301425781250000000e+02
2.501063899999999921e+04 7.300965576171875000e+02
2.501072200000000157e+04 7.300853881835937500e+02
2.501080500000000029e+04 7.300919799804687500e+02
2.501088799999999901e+04 7.300981445312500000e+02
2.501097100000000137e+04 7.301042480468750000e+02
2.501105400000000009e+04 7.301106567382812500e+02
2.501113699999999881e+04 7.301173706054687500e+02
2.501122000000000116e+04 7.301252441406250000e+02
2.501130299999999988e+04 7.301342773437500000e+02
2.501138599999999860e+04 7.301420898437500000e+02
2.501146900000000096e+04 7.301406250000000000e+02
2.501155199999999968e+04 7.301057128906250000e+02
2.501163499999999840e+04 7.300596923828125000e+02
2.501171800000000076e+04 7.300484008789062500e+02
2.501180099999999948e+04 7.300548706054687500e+02
2.501188399999999820e+04 7.300610351562500000e+02
2.501196700000000055e+04 7.300670776367187500e+02
2.501204999999999927e+04 7.300734252929687500e+02
2.501213300000000163e+04 7.300800170898437500e+02
2.501221600000000035e+04 7.300878906250000000e+02
2.501229899999999907e+04 7.300969238281250000e+02
2.501238200000000143e+04 7.301047363281250000e+02
2.501246500000000015e+04 7.301032104492187500e+02
2.501254799999999886e+04 7.300682373046875000e+02
2.501263100000000122e+04 7.300221557617187500e+02
2.501271399999999994e+04 7.300026245117187500e+02
2.501279699999999866e+04 7.300086669921875000e+02
2.501288000000000102e+04 7.300150146484375000e+02
2.501296299999999974e+04 7.300209350585937500e+02
2.501304599999999846e+04 7.300272827148437500e+02
2.501312900000000081e+04 7.300338134765625000e+02
2.501321199999999953e+04 7.300416870117187500e+02
2.501329499999999825e+04 7.300505981445312500e+02
2.501337800000000061e+04 7.300588989257812500e+02
2.501346099999999933e+04 7.300601196289062500e+02
2.501354400000000169e+04 7.300364990234375000e+02
2.501362700000000041e+04 7.299854736328125000e+02
2.501370999999999913e+04 7.299659423828125000e+02
2.501379300000000148e+04 7.299720458984375000e+02
2.501387600000000020e+04 7.299783935546875000e+02
2.501395899999999892e+04 7.299843750000000000e+02
2.501404200000000128e+04 7.299907226562500000e+02
2.501412500000000000e+04 7.299972534179687500e+02
2.501420799999999872e+04 7.300048217773437500e+02
2.501429100000000108e+04 7.300137329101562500e+02
2.501437399999999980e+04 7.300220336914062500e+02
2.501445699999999852e+04 7.300232543945312500e+02
2.501454000000000087e+04 7.299993896484375000e+02
2.501462299999999959e+04 7.299483032226562500e+02
2.501470599999999831e+04 7.299287719726562500e+02
2.501478900000000067e+04 7.299348754882812500e+02
2.501487199999999939e+04 7.299412841796875000e+02
2.501495500000000175e+04 7.299472045898437500e+02
2.501503800000000047e+04 7.299535522460937500e+02
2.501512099999999919e+04 7.299601440429687500e+02
2.501520400000000154e+04 7.299677124023437500e+02
2.501528700000000026e+04 7.299765625000000000e+02
2.501536999999999898e+04 7.299848632812500000e+02
2.501545300000000134e+04 7.299860839843750000e+02
2.501553600000000006e+04 7.299622192382812500e+02
2.501561899999999878e+04 7.299111328125000000e+02
2.501570200000000114e+04 7.298916015625000000e+02
2.501578499999999985e+04 7.298977050781250000e+02
2.501586799999999857e+04 7.299040527343750000e+02
2.501595100000000093e+04 7.299099731445312500e+02
2.501603399999999965e+04 7.299163208007812500e+02
2.501611699999999837e+04 7.299227905273437500e+02
2.501620000000000073e+04 7.299303588867187500e+02
2.501628299999999945e+04 7.299392700195312500e+02
2.501636600000000180e+04 7.299475708007812500e+02
2.501644900000000052e+04 7.299487915039062500e+02
2.501653199999999924e+04 7.299248046875000000e+02
2.501661500000000160e+04 7.298736572265625000e+02
2.501669800000000032e+04 7.298458862304687500e+02
2.501678099999999904e+04 7.298515014648437500e+02
2.501686400000000140e+04 7.298580932617187500e+02
2.501694700000000012e+04 7.298638916015625000e+02
2.501702999999999884e+04 7.298702392578125000e+02
2.501711300000000119e+04 7.298767089843750000e+02
2.501719599999999991e+04 7.298842163085937500e+02
2.501727899999999863e+04 7.298929443359375000e+02
2.501736200000000099e+04 7.299012451171875000e+02
2.501744499999999971e+04 7.299052124023437500e+02
2.501752799999999843e+04 7.298922119140625000e+02
2.501761100000000079e+04 7.298361206054687500e+02
2.501769399999999951e+04 7.298081665039062500e+02
2.501777699999999822e+04 7.298137207031250000e+02
2.501786000000000058e+04 7.298202514648437500e+02
2.501794299999999930e+04 7.298260498046875000e+02
2.501802600000000166e+04 7.298323364257812500e+02
2.501810900000000038e+04 7.298388061523437500e+02
2.501819199999999910e+04 7.298460083007812500e+02
2.501827500000000146e+04 7.298546752929687500e+02
2.501835800000000017e+04 7.298635253906250000e+02
2.501844099999999889e+04 7.298674316406250000e+02
2.501852400000000125e+04 7.298551025390625000e+02
2.501860699999999997e+04 7.297990112304687500e+02
2.501868999999999869e+04 7.297710571289062500e+02
2.501877300000000105e+04 7.297766113281250000e+02
2.501885599999999977e+04 7.297831420898437500e+02
2.501893899999999849e+04 7.297888793945312500e+02
2.501902200000000084e+04 7.297952270507812500e+02
2.501910499999999956e+04 7.298016967773437500e+02
2.501918799999999828e+04 7.298088989257812500e+02
2.501927100000000064e+04 7.298175659179687500e+02
2.501935399999999936e+04 7.298264160156250000e+02
2.501943700000000172e+04 7.298303833007812500e+02
2.501952000000000044e+04 7.298179931640625000e+02
2.501960299999999916e+04 7.297619018554687500e+02
2.501968600000000151e+04 7.297338867187500000e+02
2.501976900000000023e+04 7.297394409179687500e+02
2.501985199999999895e+04 7.297459716796875000e+02
2.501993500000000131e+04 7.297517700195312500e+02
