2.500009800000000178e+04 6.743377075195312500e+02
2.500018100000000049e+04 6.743526611328125000e+02
2.500026399999999921e+04 6.743689575195312500e+02
2.500034700000000157e+04 6.743851928710937500e+02
2.500043000000000029e+04 6.743991088867187500e+02
2.500051299999999901e+04 6.743967895507812500e+02
2.500059600000000137e+04 6.743470458984375000e+02
2.500067900000000009e+04 6.743189697265625000e+02
2.500076199999999881e+04 6.743323364257812500e+02
2.500084500000000116e+04 6.743473510742187500e+02
2.500092799999999988e+04 6.743613281250000000e+02
2.500101099999999860e+04 6.743759155273437500e+02
2.500109400000000096e+04 6.743903808593750000e+02
2.500117699999999968e+04 6.744050903320312500e+02
2.500125999999999840e+04 6.744212646484375000e+02
2.500134300000000076e+04 6.744380493164062500e+02
2.500142599999999948e+04 6.744520263671875000e+02
2.500150899999999820e+04 6.744520874023437500e+02
2.500159200000000055e+04 6.744061889648437500e+02
2.500167499999999927e+04 6.743777465820312500e+02
2.500175800000000163e+04 6.743908691406250000e+02
2.500184100000000035e+04 6.744055175781250000e+02
2.500192399999999907e+04 6.744192504882812500e+02
2.500200700000000143e+04 6.744337158203125000e+02
2.500209000000000015e+04 6.744479370117187500e+02
2.500217299999999886e+04 6.744625244140625000e+02
2.500225600000000122e+04 6.744785766601562500e+02
2.500233899999999994e+04 6.744952392578125000e+02
2.500242199999999866e+04 6.745090942382812500e+02
2.500250500000000102e+04 6.745089721679687500e+02
2.500258799999999974e+04 6.744635009765625000e+02
2.500267099999999846e+04 6.744348754882812500e+02
2.500275400000000081e+04 6.744478759765625000e+02
2.500283699999999953e+04 6.744625244140625000e+02
2.500291999999999825e+04 6.744761962890625000e+02
2.500300300000000061e+04 6.744904785156250000e+02
2.500308599999999933e+04 6.745046386718750000e+02
2.500316900000000169e+04 6.745191040039062500e+02
2.500325200000000041e+04 6.745350341796875000e+02
2.500333499999999913e+04 6.745516357421875000e+02
2.500341800000000148e+04 6.745653686523437500e+02
2.500350100000000020e+04 6.745651855468750000e+02
2.500358399999999892e+04 6.745195312500000000e+02
2.500366700000000128e+04 6.744907226562500000e+02
2.500375000000000000e+04 6.745034790039062500e+02
2.500383299999999872e+04 6.745179443359375000e+02
2.500391600000000108e+04 6.745314331054687500e+02
2.500399899999999980e+04 6.745455932617187500e+02
2.500408199999999852e+04 6.745596313476562500e+02
2.500416500000000087e+04 6.745739135742187500e+02
2.500424799999999959e+04 6.745897216796875000e+02
2.500433099999999831e+04 6.746062011718750000e+02
2.500441400000000067e+04 6.746198730468750000e+02
2.500449699999999939e+04 6.746195068359375000e+02
2.500458000000000175e+04 6.745736083984375000e+02
2.500466300000000047e+04 6.745397338867187500e+02
2.500474599999999919e+04 6.745441284179687500e+02
2.500482900000000154e+04 6.745582275390625000e+02
2.500491200000000026e+04 6.745720825195312500e+02
2.500499499999999898e+04 6.745863647460937500e+02
2.500507800000000134e+04 6.746007080078125000e+02
2.500516100000000006e+04 6.746151733398437500e+02
2.500524399999999878e+04 6.746309204101562500e+02
2.500532700000000114e+04 6.746475219726562500e+02
2.500540999999999985e+04 6.746619262695312500e+02
2.500549299999999857e+04 6.746646118164062500e+02
2.500557600000000093e+04 6.746261596679687500e+02
2.500565899999999965e+04 6.745923461914062500e+02
2.500574199999999837e+04 6.745966796875000000e+02
2.500582500000000073e+04 6.746105957031250000e+02
2.500590799999999945e+04 6.746243286132812500e+02
2.500599100000000180e+04 6.746384887695312500e+02
2.500607400000000052e+04 6.746527099609375000e+02
2.500615699999999924e+04 6.746671142578125000e+02
2.500624000000000160e+04 6.746828002929687500e+02
2.500632300000000032e+04 6.746992797851562500e+02
2.500640599999999904e+04 6.747135620117187500e+02
2.500648900000000140e+04 6.747161254882812500e+02
2.500657200000000012e+04 6.746775512695312500e+02
2.500665499999999884e+04 6.746434326171875000e+02
2.500673800000000119e+04 6.746475219726562500e+02
2.500682099999999991e+04 6.746611328125000000e+02
2.500690399999999863e+04 6.746745605468750000e+02
2.500698700000000099e+04 6.746885375976562500e+02
2.500706999999999971e+04 6.747025756835937500e+02
2.500715299999999843e+04 6.747169189453125000e+02
2.500723600000000079e+04 6.747324829101562500e+02
2.500731899999999951e+04 6.747488403320312500e+02
2.500740199999999822e+04 6.747630004882812500e+02
2.500748500000000058e+04 6.747654418945312500e+02
2.500756799999999930e+04 6.747266845703125000e+02
2.500765100000000166e+04 6.746923828125000000e+02
2.500773400000000038e+04 6.746964721679687500e+02
2.500781699999999910e+04 6.747100830078125000e+02
2.500790000000000146e+04 6.747235107421875000e+02
2.500798300000000017e+04 6.747373657226562500e+02
2.500806599999999889e+04 6.747512817382812500e+02
2.500814900000000125e+04 6.747653198242187500e+02
2.500823199999999997e+04 6.747807617187500000e+02
2.500831499999999869e+04 6.747969970703125000e+02
2.500839800000000105e+04 6.748111572265625000e+02
2.500848099999999977e+04 6.748134765625000000e+02
2.500856399999999849e+04 6.747744750976562500e+02
2.500864700000000084e+04 6.747353515625000000e+02
2.500872999999999956e+04 6.747311401367187500e+02
2.500881299999999828e+04 6.747449340820312500e+02
2.500889600000000064e+04 6.747584228515625000e+02
2.500897899999999936e+04 6.747720336914062500e+02
2.500906200000000172e+04 6.747858276367187500e+02
2.500914500000000044e+04 6.747998046875000000e+02
2.500922799999999916e+04 6.748147583007812500e+02
2.500931100000000151e+04 6.748307495117187500e+02
2.500939400000000023e+04 6.748452758789062500e+02
2.500947699999999895e+04 6.748502807617187500e+02
2.500956000000000131e+04 6.748228149414062500e+02
2.500964300000000003e+04 6.747830810546875000e+02
2.500972599999999875e+04 6.747788085937500000e+02
2.500980900000000111e+04 6.747925415039062500e+02
2.500989199999999983e+04 6.748060302734375000e+02
2.500997499999999854e+04 6.748195800781250000e+02
2.501005800000000090e+04 6.746920166015625000e+02
2.501014099999999962e+04 6.747059326171875000e+02
2.501022399999999834e+04 6.747209472656250000e+02
2.501030700000000070e+04 6.747369384765625000e+02
2.501038999999999942e+04 6.747515869140625000e+02
2.501047300000000178e+04 6.747566528320312500e+02
2.501055600000000049e+04 6.747293701171875000e+02
2.501063899999999921e+04 6.746898193359375000e+02
2.501072200000000157e+04 6.746856689453125000e+02
2.501080500000000029e+04 6.746994018554687500e+02
2.501088799999999901e+04 6.747128906250000000e+02
2.501097100000000137e+04 6.747265625000000000e+02
2.501105400000000009e+04 6.747404785156250000e+02
2.501113699999999881e+04 6.747544555664062500e+02
2.501122000000000116e+04 6.747695312500000000e+02
2.501130299999999988e+04 6.747855834960937500e+02
2.501138599999999860e+04 6.748001098632812500e+02
2.501146900000000096e+04 6.748051147460937500e+02
2.501155199999999968e+04 6.747777099609375000e+02
2.501163499999999840e+04 6.747380371093750000e+02
2.501171800000000076e+04 6.747334594726562500e+02
2.501180099999999948e+04 6.747469482421875000e+02
2.501188399999999820e+04 6.747603149414062500e+02
2.501196700000000055e+04 6.747738037109375000e+02
2.501204999999999927e+04 6.747875366210937500e+02
2.501213300000000163e+04 6.748012695312500000e+02
2.501221600000000035e+04 6.748161621093750000e+02
2.501229899999999907e+04 6.748320312500000000e+02
2.501238200000000143e+04 6.748464355468750000e+02
2.501246500000000015e+04 6.748513793945312500e+02
2.501254799999999886e+04 6.748236694335937500e+02
2.501263100000000122e+04 6.747839355468750000e+02
2.501271399999999994e+04 6.747709350585937500e+02
2.501279699999999866e+04 6.747838745117187500e+02
2.501288000000000102e+04 6.747972412109375000e+02
2.501296299999999974e+04 6.748104248046875000e+02
2.501304599999999846e+04 6.748240356445312500e+02
2.501312900000000081e+04 6.748376464843750000e+02
2.501321199999999953e+04 6.748524169921875000e+02
2.501329499999999825e+04 6.748679809570312500e+02
2.501337800000000061e+04 6.748828125000000000e+02
2.501346099999999933e+04 6.748902587890625000e+02
2.501354400000000169e+04 6.748743896484375000e+02
2.501362700000000041e+04 6.748292846679687500e+02
2.501370999999999913e+04 6.748162841796875000e+02
2.501379300000000148e+04 6.748291625976562500e+02
2.501387600000000020e+04 6.748425903320312500e+02
2.501395899999999892e+04 6.748557128906250000e+02
2.501404200000000128e+04 6.748692016601562500e+02
2.501412500000000000e+04 6.748828125000000000e+02
2.501420799999999872e+04 6.748972167968750000e+02
2.501429100000000108e+04 6.749127197265625000e+02
2.501437399999999980e+04 6.749274291992187500e+02
2.501445699999999852e+04 6.749348754882812500e+02
2.501454000000000087e+04 6.749186401367187500e+02
2.501462299999999959e+04 6.748734130859375000e+02
2.501470599999999831e+04 6.748604125976562500e+02
2.501478900000000067e+04 6.748732910156250000e+02
2.501487199999999939e+04 6.748865966796875000e+02
2.501495500000000175e+04 6.748996582031250000e+02
2.501503800000000047e+04 6.749130859375000000e+02
2.501512099999999919e+04 6.749265747070312500e+02
2.501520400000000154e+04 6.749408569335937500e+02
2.501528700000000026e+04 6.749562377929687500e+02
2.501536999999999898e+04 6.749708862304687500e+02
2.501545300000000134e+04 6.749781494140625000e+02
2.501553600000000006e+04 6.749617309570312500e+02
2.501561899999999878e+04 6.749163818359375000e+02
2.501570200000000114e+04 6.749033203125000000e+02
2.501578499999999985e+04 6.749161376953125000e+02
2.501586799999999857e+04 6.749293212890625000e+02
2.501595100000000093e+04 6.749421997070312500e+02
2.501603399999999965e+04 6.749555053710937500e+02
2.501611699999999837e+04 6.749687500000000000e+02
2.501620000000000073e+04 6.749829101562500000e+02
2.501628299999999945e+04 6.749982299804687500e+02
2.501636600000000180e+04 6.750127563476562500e+02
2.501644900000000052e+04 6.750199584960937500e+02
2.501653199999999924e+04 6.750033569335937500e+02
2.501661500000000160e+04 6.749578247070312500e+02
2.501669800000000032e+04 6.749363403320312500e+02
2.501678099999999904e+04 6.749485473632812500e+02
2.501686400000000140e+04 6.749617919921875000e+02
2.501694700000000012e+04 6.749744873046875000e+02
2.501702999999999884e+04 6.749876708984375000e+02
2.501711300000000119e+04 6.750008544921875000e+02
2.501719599999999991e+04 6.750148925781250000e+02
2.501727899999999863e+04 6.750299072265625000e+02
2.501736200000000099e+04 6.750442504882812500e+02
2.501744499999999971e+04 6.750540771484375000e+02
2.501752799999999843e+04 6.750484008789062500e+02
2.501761100000000079e+04 6.749978027343750000e+02
2.501769399999999951e+04 6.749760742187500000e+02
2.501777699999999822e+04 6.749880981445312500e+02
2.501786000000000058e+04 6.750010986328125000e+02
2.501794299999999930e+04 6.750136718750000000e+02
2.501802600000000166e+04 6.750267333984375000e+02
2.501810900000000038e+04 6.750397949218750000e+02
2.501819199999999910e+04 6.750534057617187500e+02
2.501827500000000146e+04 6.750682983398437500e+02
2.501835800000000017e+04 6.750831298828125000e+02
2.501844099999999889e+04 6.750928955078125000e+02
2.501852400000000125e+04 6.750878295898437500e+02
2.501860699999999997e+04 6.750371093750000000e+02
2.501868999999999869e+04 6.750151977539062500e+02
2.501877300000000105e+04 6.750270996093750000e+02
2.501885599999999977e+04 6.750401000976562500e+02
2.501893899999999849e+04 6.750524902343750000e+02
2.501902200000000084e+04 6.750653686523437500e+02
2.501910499999999956e+04 6.750782470703125000e+02
2.501918799999999828e+04 6.750916748046875000e+02
2.501927100000000064e+04 6.751065063476562500e+02
2.501935399999999936e+04 6.751212158203125000e+02
2.501943700000000172e+04 6.751308593750000000e+02
2.501952000000000044e+04 6.751256103515625000e+02
2.501960299999999916e+04 6.750747070312500000e+02
2.501968600000000151e+04 6.750526123046875000e+02
2.501976900000000023e+04 6.750644531250000000e+02
2.501985199999999895e+04 6.750773315429687500e+02
2.501993500000000131e+04 6.750896606445312500e+02
