2.500009800000000178e+04 1.464043521881103516e+01
2.500018100000000049e+04 1.441967964172363281e+01
2.500026399999999921e+04 1.416692543029785156e+01
2.500034700000000157e+04 1.389771461486816406e+01
2.500043000000000029e+04 1.364446640014648438e+01
2.500051299999999901e+04 1.346759605407714844e+01
2.500059600000000137e+04 1.375231075286865234e+01
2.500067900000000009e+04 1.479522800445556641e+01
2.500076199999999881e+04 1.515187549591064453e+01
2.500084500000000116e+04 1.529802703857421875e+01
2.500092799999999988e+04 1.522558116912841797e+01
2.500101099999999860e+04 1.487747573852539062e+01
2.500109400000000096e+04 1.464426136016845703e+01
2.500117699999999968e+04 1.436505889892578125e+01
2.500125999999999840e+04 1.407416057586669922e+01
2.500134300000000076e+04 1.377521896362304688e+01
2.500142599999999948e+04 1.347908687591552734e+01
2.500150899999999820e+04 1.327547168731689453e+01
2.500159200000000055e+04 1.348042488098144531e+01
2.500167499999999927e+04 1.453914260864257812e+01
2.500175800000000163e+04 1.494942951202392578e+01
2.500184100000000035e+04 1.513964080810546875e+01
2.500192399999999907e+04 1.510129928588867188e+01
2.500200700000000143e+04 1.479397583007812500e+01
2.500209000000000015e+04 1.457861995697021484e+01
2.500217299999999886e+04 1.430790996551513672e+01
2.500225600000000122e+04 1.401189231872558594e+01
2.500233899999999994e+04 1.371673011779785156e+01
2.500242199999999866e+04 1.342552566528320312e+01
2.500250500000000102e+04 1.322902011871337891e+01
2.500258799999999974e+04 1.343759536743164062e+01
2.500267099999999846e+04 1.450324249267578125e+01
2.500275400000000081e+04 1.489531707763671875e+01
2.500283699999999953e+04 1.507119941711425781e+01
2.500291999999999825e+04 1.503244876861572266e+01
2.500300300000000061e+04 1.474362850189208984e+01
2.500308599999999933e+04 1.452774333953857422e+01
2.500316900000000169e+04 1.425752735137939453e+01
2.500325200000000041e+04 1.396496582031250000e+01
2.500333499999999913e+04 1.366249561309814453e+01
2.500341800000000148e+04 1.337268447875976562e+01
2.500350100000000020e+04 1.317946338653564453e+01
2.500358399999999892e+04 1.339412307739257812e+01
2.500366700000000128e+04 1.446102428436279297e+01
2.500375000000000000e+04 1.485247611999511719e+01
2.500383299999999872e+04 1.502442455291748047e+01
2.500391600000000108e+04 1.499750614166259766e+01
2.500399899999999980e+04 1.470396900177001953e+01
2.500408199999999852e+04 1.448749446868896484e+01
2.500416500000000087e+04 1.421668624877929688e+01
2.500424799999999959e+04 1.391664886474609375e+01
2.500433099999999831e+04 1.361416816711425781e+01
2.500441400000000067e+04 1.332776737213134766e+01
2.500449699999999939e+04 1.314070701599121094e+01
2.500458000000000175e+04 1.336352539062500000e+01
2.500466300000000047e+04 1.442951393127441406e+01
2.500474599999999919e+04 1.481230735778808594e+01
2.500482900000000154e+04 1.506692028045654297e+01
2.500491200000000026e+04 1.508636188507080078e+01
2.500499499999999898e+04 1.485155487060546875e+01
2.500507800000000134e+04 1.464631175994873047e+01
2.500516100000000006e+04 1.438643836975097656e+01
2.500524399999999878e+04 1.409742450714111328e+01
2.500532700000000114e+04 1.379014205932617188e+01
2.500540999999999985e+04 1.349664211273193359e+01
2.500549299999999857e+04 1.328783321380615234e+01
2.500557600000000093e+04 1.340226745605468750e+01
2.500565899999999965e+04 1.434872055053710938e+01
2.500574199999999837e+04 1.474077129364013672e+01
2.500582500000000073e+04 1.500866317749023438e+01
2.500590799999999945e+04 1.503659534454345703e+01
2.500599100000000180e+04 1.480304050445556641e+01
2.500607400000000052e+04 1.460038185119628906e+01
2.500615699999999924e+04 1.433243083953857422e+01
2.500624000000000160e+04 1.403972244262695312e+01
2.500632300000000032e+04 1.374136924743652344e+01
2.500640599999999904e+04 1.345360755920410156e+01
2.500648900000000140e+04 1.324270629882812500e+01
2.500657200000000012e+04 1.335620498657226562e+01
2.500665499999999884e+04 1.389334011077880859e+01
2.500673800000000119e+04 1.437585353851318359e+01
2.500682099999999991e+04 1.472754955291748047e+01
2.500690399999999863e+04 1.480968189239501953e+01
2.500698700000000099e+04 1.470513057708740234e+01
2.500706999999999971e+04 1.452249431610107422e+01
2.500715299999999843e+04 1.426342487335205078e+01
2.500723600000000079e+04 1.398009586334228516e+01
2.500731899999999951e+04 1.368679046630859375e+01
2.500740199999999822e+04 1.340198707580566406e+01
2.500748500000000058e+04 1.319403266906738281e+01
2.500756799999999930e+04 1.331899166107177734e+01
2.500765100000000166e+04 1.385131931304931641e+01
2.500773400000000038e+04 1.432188224792480469e+01
2.500781699999999910e+04 1.466381549835205078e+01
2.500790000000000146e+04 1.474877262115478516e+01
2.500798300000000017e+04 1.466437339782714844e+01
2.500806599999999889e+04 1.447384643554687500e+01
2.500814900000000125e+04 1.422043895721435547e+01
2.500823199999999997e+04 1.393877983093261719e+01
2.500831499999999869e+04 1.364532184600830078e+01
2.500839800000000105e+04 1.335563755035400391e+01
2.500848099999999977e+04 1.314909076690673828e+01
2.500856399999999849e+04 1.326952743530273438e+01
2.500864700000000084e+04 1.420588588714599609e+01
2.500872999999999956e+04 1.460168266296386719e+01
2.500881299999999828e+04 1.487100124359130859e+01
2.500889600000000064e+04 1.489087581634521484e+01
2.500897899999999936e+04 1.476363754272460938e+01
2.500906200000000172e+04 1.453518676757812500e+01
2.500914500000000044e+04 1.424333763122558594e+01
2.500922799999999916e+04 1.393070888519287109e+01
2.500931100000000151e+04 1.361714649200439453e+01
2.500939400000000023e+04 1.330979537963867188e+01
2.500947699999999895e+04 1.306544971466064453e+01
2.500956000000000131e+04 1.310391807556152344e+01
2.500964300000000003e+04 1.362715530395507812e+01
2.500972599999999875e+04 1.453201580047607422e+01
2.500980900000000111e+04 1.480048751831054688e+01
2.500989199999999983e+04 1.481134510040283203e+01
2.500997499999999854e+04 1.467685604095458984e+01
2.501005800000000090e+04 1.445949935913085938e+01
2.501014099999999962e+04 1.404515171051025391e+01
2.501022399999999834e+04 1.381246280670166016e+01
2.501030700000000070e+04 1.354751300811767578e+01
2.501038999999999942e+04 1.327461051940917969e+01
2.501047300000000178e+04 1.305742359161376953e+01
2.501055600000000049e+04 1.310865974426269531e+01
2.501063899999999921e+04 1.363991165161132812e+01
2.501072200000000157e+04 1.460923862457275391e+01
2.501080500000000029e+04 1.491131210327148438e+01
2.501088799999999901e+04 1.493708705902099609e+01
2.501097100000000137e+04 1.477774143218994141e+01
2.501105400000000009e+04 1.453862571716308594e+01
2.501113699999999881e+04 1.427457714080810547e+01
2.501122000000000116e+04 1.396498775482177734e+01
2.501130299999999988e+04 1.365931987762451172e+01
2.501138599999999860e+04 1.335723495483398438e+01
2.501146900000000096e+04 1.310727500915527344e+01
2.501155199999999968e+04 1.313455867767333984e+01
2.501163499999999840e+04 1.364906215667724609e+01
2.501171800000000076e+04 1.417318725585937500e+01
2.501180099999999948e+04 1.454707336425781250e+01
2.501188399999999820e+04 1.463831329345703125e+01
2.501196700000000055e+04 1.456038856506347656e+01
2.501204999999999927e+04 1.437868690490722656e+01
2.501213300000000163e+04 1.413047885894775391e+01
2.501221600000000035e+04 1.384946060180664062e+01
2.501229899999999907e+04 1.356235599517822266e+01
2.501238200000000143e+04 1.327512454986572266e+01
2.501246500000000015e+04 1.304116725921630859e+01
2.501254799999999886e+04 1.307443332672119141e+01
2.501263100000000122e+04 1.358656024932861328e+01
2.501271399999999994e+04 1.410660076141357422e+01
2.501279699999999866e+04 1.449809551239013672e+01
2.501288000000000102e+04 1.463242626190185547e+01
2.501296299999999974e+04 1.456726264953613281e+01
2.501304599999999846e+04 1.439997768402099609e+01
2.501312900000000081e+04 1.416131591796875000e+01
2.501321199999999953e+04 1.387966728210449219e+01
2.501329499999999825e+04 1.358652591705322266e+01
2.501337800000000061e+04 1.328910827636718750e+01
2.501346099999999933e+04 1.304479980468750000e+01
2.501354400000000169e+04 1.300501918792724609e+01
2.501362700000000041e+04 1.346354961395263672e+01
2.501370999999999913e+04 1.443845367431640625e+01
2.501379300000000148e+04 1.473882389068603516e+01
2.501387600000000020e+04 1.477877902984619141e+01
2.501395899999999892e+04 1.467998790740966797e+01
2.501404200000000128e+04 1.446962356567382812e+01
2.501412500000000000e+04 1.418709850311279297e+01
2.501420799999999872e+04 1.389063072204589844e+01
2.501429100000000108e+04 1.358055591583251953e+01
2.501437399999999980e+04 1.327900981903076172e+01
2.501445699999999852e+04 1.302204036712646484e+01
2.501454000000000087e+04 1.297409629821777344e+01
2.501462299999999959e+04 1.343118095397949219e+01
2.501470599999999831e+04 1.436981678009033203e+01
2.501478900000000067e+04 1.467792320251464844e+01
2.501487199999999939e+04 1.474178028106689453e+01
2.501495500000000175e+04 1.462791252136230469e+01
2.501503800000000047e+04 1.441814708709716797e+01
2.501512099999999919e+04 1.414913272857666016e+01
2.501520400000000154e+04 1.384864425659179688e+01
2.501528700000000026e+04 1.353966617584228516e+01
2.501536999999999898e+04 1.324061679840087891e+01
2.501545300000000134e+04 1.299047660827636719e+01
2.501553600000000006e+04 1.294376373291015625e+01
2.501561899999999878e+04 1.338943004608154297e+01
2.501570200000000114e+04 1.431538200378417969e+01
2.501578499999999985e+04 1.462004756927490234e+01
2.501586799999999857e+04 1.469380664825439453e+01
2.501595100000000093e+04 1.459393978118896484e+01
2.501603399999999965e+04 1.438159179687500000e+01
2.501611699999999837e+04 1.410563182830810547e+01
2.501620000000000073e+04 1.380093193054199219e+01
2.501628299999999945e+04 1.349621582031250000e+01
2.501636600000000180e+04 1.319473838806152344e+01
2.501644900000000052e+04 1.294003295898437500e+01
2.501653199999999924e+04 1.289899444580078125e+01
2.501661500000000160e+04 1.335588169097900391e+01
2.501669800000000032e+04 1.428438186645507812e+01
2.501678099999999904e+04 1.460932731628417969e+01
2.501686400000000140e+04 1.470634555816650391e+01
2.501694700000000012e+04 1.458500099182128906e+01
2.501702999999999884e+04 1.438628768920898438e+01
2.501711300000000119e+04 1.412174797058105469e+01
2.501719599999999991e+04 1.382550430297851562e+01
2.501727899999999863e+04 1.352260303497314453e+01
2.501736200000000099e+04 1.321892356872558594e+01
2.501744499999999971e+04 1.296237945556640625e+01
2.501752799999999843e+04 1.283842658996582031e+01
2.501761100000000079e+04 1.314986610412597656e+01
2.501769399999999951e+04 1.414194774627685547e+01
2.501777699999999822e+04 1.448921203613281250e+01
2.501786000000000058e+04 1.460846042633056641e+01
2.501794299999999930e+04 1.447192573547363281e+01
2.501802600000000166e+04 1.428648376464843750e+01
2.501810900000000038e+04 1.403530788421630859e+01
2.501819199999999910e+04 1.375068473815917969e+01
2.501827500000000146e+04 1.345763587951660156e+01
2.501835800000000017e+04 1.316008377075195312e+01
2.501844099999999889e+04 1.288334560394287109e+01
2.501852400000000125e+04 1.275476074218750000e+01
2.501860699999999997e+04 1.305709648132324219e+01
2.501868999999999869e+04 1.407436943054199219e+01
2.501877300000000105e+04 1.442280960083007812e+01
2.501885599999999977e+04 1.453609275817871094e+01
2.501893899999999849e+04 1.445857620239257812e+01
2.501902200000000084e+04 1.414172172546386719e+01
2.501910499999999956e+04 1.391833114624023438e+01
2.501918799999999828e+04 1.365066909790039062e+01
2.501927100000000064e+04 1.336654186248779297e+01
2.501935399999999936e+04 1.308339595794677734e+01
2.501943700000000172e+04 1.281326198577880859e+01
2.501952000000000044e+04 1.270896434783935547e+01
2.501960299999999916e+04 1.301676940917968750e+01
2.501968600000000151e+04 1.401715946197509766e+01
2.501976900000000023e+04 1.434782218933105469e+01
2.501985199999999895e+04 1.446616077423095703e+01
2.501993500000000131e+04 1.439420986175537109e+01
