2.500009800000000178e+04 8.774337172508239746e-01
2.500018100000000049e+04 8.803919553756713867e-01
2.500026399999999921e+04 8.804484009742736816e-01
2.500034700000000157e+04 8.805209398269653320e-01
2.500043000000000029e+04 8.831205368041992188e-01
2.500051299999999901e+04 1.618408584594726562e+01
2.500059600000000137e+04 6.267681598663330078e+00
2.500067900000000009e+04 7.335372447967529297e+00
2.500076199999999881e+04 7.464016914367675781e+00
2.500084500000000116e+04 4.109188556671142578e+00
2.500092799999999988e+04 8.888351321220397949e-01
2.500101099999999860e+04 8.890314698219299316e-01
2.500109400000000096e+04 8.892724514007568359e-01
2.500117699999999968e+04 8.895068168640136719e-01
2.500125999999999840e+04 8.897337913513183594e-01
2.500134300000000076e+04 8.899629116058349609e-01
2.500142599999999948e+04 8.902496695518493652e-01
2.500150899999999820e+04 1.626605606079101562e+01
2.500159200000000055e+04 6.610707283020019531e+00
2.500167499999999927e+04 7.314307212829589844e+00
2.500175800000000163e+04 7.501223087310791016e+00
2.500184100000000035e+04 4.226124763488769531e+00
2.500192399999999907e+04 8.996201753616333008e-01
2.500200700000000143e+04 8.997852206230163574e-01
2.500209000000000015e+04 9.001504182815551758e-01
2.500217299999999886e+04 9.005054831504821777e-01
2.500225600000000122e+04 9.008490443229675293e-01
2.500233899999999994e+04 9.011906981468200684e-01
2.500242199999999866e+04 9.015849232673645020e-01
2.500250500000000102e+04 1.633639717102050781e+01
2.500258799999999974e+04 6.108189105987548828e+00
2.500267099999999846e+04 7.410887241363525391e+00
2.500275400000000081e+04 7.492272853851318359e+00
2.500283699999999953e+04 4.267232894897460938e+00
2.500291999999999825e+04 9.110406637191772461e-01
2.500300300000000061e+04 9.113259315490722656e-01
2.500308599999999933e+04 9.117480516433715820e-01
2.500316900000000169e+04 9.121579527854919434e-01
2.500325200000000041e+04 9.125540852546691895e-01
2.500333499999999913e+04 9.129462838172912598e-01
2.500341800000000148e+04 9.133881330490112305e-01
2.500350100000000020e+04 1.651542663574218750e+01
2.500358399999999892e+04 6.102022171020507812e+00
2.500366700000000128e+04 7.421702384948730469e+00
2.500375000000000000e+04 7.504600048065185547e+00
2.500383299999999872e+04 4.325593471527099609e+00
2.500391600000000108e+04 9.222121238708496094e-01
2.500399899999999980e+04 9.226120710372924805e-01
2.500408199999999852e+04 9.230515360832214355e-01
2.500416500000000087e+04 9.234775304794311523e-01
2.500424799999999959e+04 9.238908886909484863e-01
2.500433099999999831e+04 9.242965579032897949e-01
2.500441400000000067e+04 9.247515797615051270e-01
2.500449699999999939e+04 1.631254196166992188e+01
2.500458000000000175e+04 6.155118465423583984e+00
2.500466300000000047e+04 7.427724361419677734e+00
2.500474599999999919e+04 7.413084030151367188e+00
2.500482900000000154e+04 7.224168777465820312e+00
2.500491200000000026e+04 1.824236750602722168e+00
2.500499499999999898e+04 9.338477253913879395e-01
2.500507800000000134e+04 9.342404603958129883e-01
2.500516100000000006e+04 9.346688985824584961e-01
2.500524399999999878e+04 9.350822567939758301e-01
2.500532700000000114e+04 9.354883432388305664e-01
2.500540999999999985e+04 9.359306097030639648e-01
2.500549299999999857e+04 1.722289848327636719e+01
2.500557600000000093e+04 5.822258472442626953e+00
2.500565899999999965e+04 7.610538005828857422e+00
2.500574199999999837e+04 7.411937713623046875e+00
2.500582500000000073e+04 7.248453617095947266e+00
2.500590799999999945e+04 1.864733934402465820e+00
2.500599100000000180e+04 9.440539479255676270e-01
2.500607400000000052e+04 9.443777203559875488e-01
2.500615699999999924e+04 9.447887539863586426e-01
2.500624000000000160e+04 9.451849460601806641e-01
2.500632300000000032e+04 9.455739259719848633e-01
2.500640599999999904e+04 9.459989070892333984e-01
2.500648900000000140e+04 1.701466941833496094e+01
2.500657200000000012e+04 5.878308773040771484e+00
2.500665499999999884e+04 7.612099170684814453e+00
2.500673800000000119e+04 7.423354625701904297e+00
2.500682099999999991e+04 7.265818595886230469e+00
2.500690399999999863e+04 1.903548598289489746e+00
2.500698700000000099e+04 9.537334442138671875e-01
2.500706999999999971e+04 9.539276957511901855e-01
2.500715299999999843e+04 9.543156623840332031e-01
2.500723600000000079e+04 9.546889066696166992e-01
2.500731899999999951e+04 9.550553560256958008e-01
2.500740199999999822e+04 9.554578065872192383e-01
2.500748500000000058e+04 1.702434158325195312e+01
2.500756799999999930e+04 5.878841876983642578e+00
2.500765100000000166e+04 7.627352714538574219e+00
2.500773400000000038e+04 7.431107044219970703e+00
2.500781699999999910e+04 7.283413410186767578e+00
2.500790000000000146e+04 1.937664628028869629e+00
2.500798300000000017e+04 9.627302289009094238e-01
2.500806599999999889e+04 9.628961682319641113e-01
2.500814900000000125e+04 9.632577896118164062e-01
2.500823199999999997e+04 9.636074304580688477e-01
2.500831499999999869e+04 9.639474153518676758e-01
2.500839800000000105e+04 9.643251299858093262e-01
2.500848099999999977e+04 1.706375122070312500e+01
2.500856399999999849e+04 5.754286289215087891e+00
2.500864700000000084e+04 7.687946319580078125e+00
2.500872999999999956e+04 7.323898315429687500e+00
2.500881299999999828e+04 7.758981704711914062e+00
2.500889600000000064e+04 2.740292787551879883e+00
2.500897899999999936e+04 9.713116288185119629e-01
2.500906200000000172e+04 9.714078307151794434e-01
2.500914500000000044e+04 9.717428684234619141e-01
2.500922799999999916e+04 9.720664024353027344e-01
2.500931100000000151e+04 9.723819494247436523e-01
2.500939400000000023e+04 9.727235436439514160e-01
2.500947699999999895e+04 1.792638969421386719e+01
2.500956000000000131e+04 5.463308811187744141e+00
2.500964300000000003e+04 7.889347076416015625e+00
2.500972599999999875e+04 7.373054981231689453e+00
2.500980900000000111e+04 7.746304988861083984e+00
2.500989199999999983e+04 2.777200460433959961e+00
2.500997499999999854e+04 9.792051911354064941e-01
2.501005800000000090e+04 9.792716503143310547e-01
2.501014099999999962e+04 9.789901375770568848e-01
2.501022399999999834e+04 9.792879223823547363e-01
2.501030700000000070e+04 9.795778989791870117e-01
2.501038999999999942e+04 9.798945188522338867e-01
2.501047300000000178e+04 1.829495048522949219e+01
2.501055600000000049e+04 5.421098232269287109e+00
2.501063899999999921e+04 7.904000282287597656e+00
2.501072200000000157e+04 7.377705097198486328e+00
2.501080500000000029e+04 7.754299163818359375e+00
2.501088799999999901e+04 2.803407907485961914e+00
2.501097100000000137e+04 9.858857393264770508e-01
2.501105400000000009e+04 9.860558509826660156e-01
2.501113699999999881e+04 9.863417744636535645e-01
2.501122000000000116e+04 9.866147637367248535e-01
2.501130299999999988e+04 9.868806004524230957e-01
2.501138599999999860e+04 9.871729016304016113e-01
2.501146900000000096e+04 1.763977050781250000e+01
2.501155199999999968e+04 5.523580074310302734e+00
2.501163499999999840e+04 7.893727302551269531e+00
2.501171800000000076e+04 7.388014793395996094e+00
2.501180099999999948e+04 7.763116359710693359e+00
2.501188399999999820e+04 2.828273296356201172e+00
2.501196700000000055e+04 9.928170442581176758e-01
2.501204999999999927e+04 9.930008649826049805e-01
2.501213300000000163e+04 9.932624101638793945e-01
2.501221600000000035e+04 9.935133457183837891e-01
2.501229899999999907e+04 9.937548041343688965e-01
2.501238200000000143e+04 9.940246343612670898e-01
2.501246500000000015e+04 1.829724884033203125e+01
2.501254799999999886e+04 5.441197872161865234e+00
2.501263100000000122e+04 7.917729377746582031e+00
2.501271399999999994e+04 7.391766071319580078e+00
2.501279699999999866e+04 7.780851364135742188e+00
2.501288000000000102e+04 3.539384126663208008e+00
2.501296299999999974e+04 9.995404481887817383e-01
2.501304599999999846e+04 9.995929002761840820e-01
2.501312900000000081e+04 9.998337030410766602e-01
2.501321199999999953e+04 1.000063538551330566e+00
2.501329499999999825e+04 1.000283002853393555e+00
2.501337800000000061e+04 1.000523090362548828e+00
2.501346099999999933e+04 1.915121078491210938e+01
2.501354400000000169e+04 4.828648090362548828e+00
2.501362700000000041e+04 8.213366508483886719e+00
2.501370999999999913e+04 7.345029354095458984e+00
2.501379300000000148e+04 7.800778388977050781e+00
2.501387600000000020e+04 3.576906919479370117e+00
2.501395899999999892e+04 1.005692362785339355e+00
2.501404200000000128e+04 1.005722522735595703e+00
2.501412500000000000e+04 1.005943059921264648e+00
2.501420799999999872e+04 1.006152272224426270e+00
2.501429100000000108e+04 1.006353378295898438e+00
2.501437399999999980e+04 1.006571531295776367e+00
2.501445699999999852e+04 1.977947425842285156e+01
2.501454000000000087e+04 4.760013580322265625e+00
2.501462299999999959e+04 8.235020637512207031e+00
2.501470599999999831e+04 7.346881866455078125e+00
2.501478900000000067e+04 7.808699131011962891e+00
2.501487199999999939e+04 3.594296216964721680e+00
2.501495500000000175e+04 1.011494755744934082e+00
2.501503800000000047e+04 1.011506199836730957e+00
2.501512099999999919e+04 1.011706829071044922e+00
2.501520400000000154e+04 1.011896610260009766e+00
2.501528700000000026e+04 1.012078762054443359e+00
2.501536999999999898e+04 1.012278914451599121e+00
2.501545300000000134e+04 1.914781570434570312e+01
2.501553600000000006e+04 4.848272323608398438e+00
2.501561899999999878e+04 8.223993301391601562e+00
2.501570200000000114e+04 7.355302810668945312e+00
2.501578499999999985e+04 7.814975261688232422e+00
2.501586799999999857e+04 3.610583543777465820e+00
2.501595100000000093e+04 1.016997218132019043e+00
2.501603399999999965e+04 1.016988873481750488e+00
2.501611699999999837e+04 1.017172336578369141e+00
2.501620000000000073e+04 1.017346501350402832e+00
2.501628299999999945e+04 1.017510056495666504e+00
2.501636600000000180e+04 1.017693758010864258e+00
2.501644900000000052e+04 1.914745521545410156e+01
2.501653199999999924e+04 4.858514785766601562e+00
2.501661500000000160e+04 8.229304313659667969e+00
2.501669800000000032e+04 7.360533714294433594e+00
2.501678099999999904e+04 7.725424289703369141e+00
2.501686400000000140e+04 4.185875892639160156e+00
2.501694700000000012e+04 1.022375226020812988e+00
2.501702999999999884e+04 1.022249221801757812e+00
2.501711300000000119e+04 1.022417902946472168e+00
2.501719599999999991e+04 1.022576570510864258e+00
2.501727899999999863e+04 1.022723913192749023e+00
2.501736200000000099e+04 1.022882580757141113e+00
2.501744499999999971e+04 1.914831352233886719e+01
2.501752799999999843e+04 4.034613609313964844e+00
2.501761100000000079e+04 8.602754592895507812e+00
2.501769399999999951e+04 7.318389892578125000e+00
2.501777699999999822e+04 7.747649192810058594e+00
2.501786000000000058e+04 4.208262920379638672e+00
2.501794299999999930e+04 1.027319312095642090e+00
2.501802600000000166e+04 1.027176976203918457e+00
2.501810900000000038e+04 1.027330875396728516e+00
2.501819199999999910e+04 1.027474045753479004e+00
2.501827500000000146e+04 1.027607917785644531e+00
2.501835800000000017e+04 1.027750253677368164e+00
2.501844099999999889e+04 1.991831588745117188e+01
2.501852400000000125e+04 4.369547367095947266e+00
2.501860699999999997e+04 8.391036033630371094e+00
2.501868999999999869e+04 7.372056961059570312e+00
2.501877300000000105e+04 7.736009120941162109e+00
2.501885599999999977e+04 4.222836017608642578e+00
2.501893899999999849e+04 1.031336903572082520e+00
2.501902200000000084e+04 1.031180500984191895e+00
2.501910499999999956e+04 1.031320095062255859e+00
2.501918799999999828e+04 1.031450033187866211e+00
2.501927100000000064e+04 1.031570911407470703e+00
2.501935399999999936e+04 1.031699895858764648e+00
2.501943700000000172e+04 1.991619491577148438e+01
2.501952000000000044e+04 4.375820159912109375e+00
2.501960299999999916e+04 8.390909194946289062e+00
2.501968600000000151e+04 7.373902797698974609e+00
2.501976900000000023e+04 7.738955497741699219e+00
2.501985199999999895e+04 4.231562137603759766e+00
2.501993500000000131e+04 1.035137891769409180e+00
