2.500009800000000178e+04 6.271015625000000000e+02
2.500018100000000049e+04 6.271089477539062500e+02
2.500026399999999921e+04 6.271177368164062500e+02
2.500034700000000157e+04 6.271267089843750000e+02
2.500043000000000029e+04 6.271332397460937500e+02
2.500051299999999901e+04 6.271230468750000000e+02
2.500059600000000137e+04 6.270648193359375000e+02
2.500067900000000009e+04 6.270280151367187500e+02
2.500076199999999881e+04 6.270324096679687500e+02
2.500084500000000116e+04 6.270383300781250000e+02
2.500092799999999988e+04 6.270436401367187500e+02
2.500101099999999860e+04 6.270499267578125000e+02
2.500109400000000096e+04 6.270563964843750000e+02
2.500117699999999968e+04 6.270634155273437500e+02
2.500125999999999840e+04 6.270721435546875000e+02
2.500134300000000076e+04 6.270816040039062500e+02
2.500142599999999948e+04 6.270883178710937500e+02
2.500150899999999820e+04 6.270806274414062500e+02
2.500159200000000055e+04 6.270267944335937500e+02
2.500167499999999927e+04 6.269900512695312500e+02
2.500175800000000163e+04 6.269943847656250000e+02
2.500184100000000035e+04 6.270002441406250000e+02
2.500192399999999907e+04 6.270054321289062500e+02
2.500200700000000143e+04 6.270117797851562500e+02
2.500209000000000015e+04 6.270183105468750000e+02
2.500217299999999886e+04 6.270253906250000000e+02
2.500225600000000122e+04 6.270341186523437500e+02
2.500233899999999994e+04 6.270435791015625000e+02
2.500242199999999866e+04 6.270502319335937500e+02
2.500250500000000102e+04 6.270425415039062500e+02
2.500258799999999974e+04 6.269886474609375000e+02
2.500267099999999846e+04 6.269518432617187500e+02
2.500275400000000081e+04 6.269561767578125000e+02
2.500283699999999953e+04 6.269621582031250000e+02
2.500291999999999825e+04 6.269673461914062500e+02
2.500300300000000061e+04 6.269736328125000000e+02
2.500308599999999933e+04 6.269801635742187500e+02
2.500316900000000169e+04 6.269872436523437500e+02
2.500325200000000041e+04 6.269959716796875000e+02
2.500333499999999913e+04 6.270054321289062500e+02
2.500341800000000148e+04 6.270121459960937500e+02
2.500350100000000020e+04 6.270043945312500000e+02
2.500358399999999892e+04 6.269503784179687500e+02
2.500366700000000128e+04 6.269134521484375000e+02
2.500375000000000000e+04 6.269177246093750000e+02
2.500383299999999872e+04 6.269236450195312500e+02
2.500391600000000108e+04 6.269288940429687500e+02
2.500399899999999980e+04 6.269352416992187500e+02
2.500408199999999852e+04 6.269417114257812500e+02
2.500416500000000087e+04 6.269487304687500000e+02
2.500424799999999959e+04 6.269574584960937500e+02
2.500433099999999831e+04 6.269669189453125000e+02
2.500441400000000067e+04 6.269736938476562500e+02
2.500449699999999939e+04 6.269658813476562500e+02
2.500458000000000175e+04 6.269118652343750000e+02
2.500466300000000047e+04 6.268701171875000000e+02
2.500474599999999919e+04 6.268662109375000000e+02
2.500482900000000154e+04 6.268722534179687500e+02
2.500491200000000026e+04 6.268774414062500000e+02
2.500499499999999898e+04 6.268834228515625000e+02
2.500507800000000134e+04 6.268897094726562500e+02
2.500516100000000006e+04 6.268965454101562500e+02
2.500524399999999878e+04 6.269047241210937500e+02
2.500532700000000114e+04 6.269138793945312500e+02
2.500540999999999985e+04 6.269210205078125000e+02
2.500549299999999857e+04 6.269159545898437500e+02
2.500557600000000093e+04 6.268696899414062500e+02
2.500565899999999965e+04 6.268279418945312500e+02
2.500574199999999837e+04 6.268240356445312500e+02
2.500582500000000073e+04 6.268300781250000000e+02
2.500590799999999945e+04 6.268353271484375000e+02
2.500599100000000180e+04 6.268412475585937500e+02
2.500607400000000052e+04 6.268475952148437500e+02
2.500615699999999924e+04 6.268544311523437500e+02
2.500624000000000160e+04 6.268626708984375000e+02
2.500632300000000032e+04 6.268718872070312500e+02
2.500640599999999904e+04 6.268790283203125000e+02
2.500648900000000140e+04 6.268739624023437500e+02
2.500657200000000012e+04 6.268276977539062500e+02
2.500665499999999884e+04 6.267858276367187500e+02
2.500673800000000119e+04 6.267818603515625000e+02
2.500682099999999991e+04 6.267879638671875000e+02
2.500690399999999863e+04 6.267932128906250000e+02
2.500698700000000099e+04 6.267992553710937500e+02
2.500706999999999971e+04 6.268055419921875000e+02
2.500715299999999843e+04 6.268123779296875000e+02
2.500723600000000079e+04 6.268206176757812500e+02
2.500731899999999951e+04 6.268297729492187500e+02
2.500740199999999822e+04 6.268369750976562500e+02
2.500748500000000058e+04 6.268319091796875000e+02
2.500756799999999930e+04 6.267855224609375000e+02
2.500765100000000166e+04 6.267437133789062500e+02
2.500773400000000038e+04 6.267397460937500000e+02
2.500781699999999910e+04 6.267457885742187500e+02
2.500790000000000146e+04 6.267510375976562500e+02
2.500798300000000017e+04 6.267568969726562500e+02
2.500806599999999889e+04 6.267632446289062500e+02
2.500814900000000125e+04 6.267699584960937500e+02
2.500823199999999997e+04 6.267782592773437500e+02
2.500831499999999869e+04 6.267874145507812500e+02
2.500839800000000105e+04 6.267945556640625000e+02
2.500848099999999977e+04 6.267896118164062500e+02
2.500856399999999849e+04 6.267431640625000000e+02
2.500864700000000084e+04 6.266964111328125000e+02
2.500872999999999956e+04 6.266842651367187500e+02
2.500881299999999828e+04 6.266898803710937500e+02
2.500889600000000064e+04 6.266952514648437500e+02
2.500897899999999936e+04 6.267011108398437500e+02
2.500906200000000172e+04 6.267073974609375000e+02
2.500914500000000044e+04 6.267141113281250000e+02
2.500922799999999916e+04 6.267220458984375000e+02
2.500931100000000151e+04 6.267310791015625000e+02
2.500939400000000023e+04 6.267387695312500000e+02
2.500947699999999895e+04 6.267366943359375000e+02
2.500956000000000131e+04 6.267019042968750000e+02
2.500964300000000003e+04 6.266551513671875000e+02
2.500972599999999875e+04 6.266428833007812500e+02
2.500980900000000111e+04 6.266484985351562500e+02
2.500989199999999983e+04 6.266539306640625000e+02
2.500997499999999854e+04 6.266596679687500000e+02
2.501005800000000090e+04 6.266659545898437500e+02
2.501014099999999962e+04 6.266726684570312500e+02
2.501022399999999834e+04 6.266806030273437500e+02
2.501030700000000070e+04 6.266896362304687500e+02
2.501038999999999942e+04 6.266973266601562500e+02
2.501047300000000178e+04 6.266951904296875000e+02
2.501055600000000049e+04 6.266603393554687500e+02
2.501063899999999921e+04 6.266134643554687500e+02
2.501072200000000157e+04 6.266011352539062500e+02
2.501080500000000029e+04 6.266067504882812500e+02
2.501088799999999901e+04 6.266121215820312500e+02
2.501097100000000137e+04 6.266178588867187500e+02
2.501105400000000009e+04 6.266241455078125000e+02
2.501113699999999881e+04 6.266308593750000000e+02
2.501122000000000116e+04 6.266387939453125000e+02
2.501130299999999988e+04 6.266478881835937500e+02
2.501138599999999860e+04 6.266555175781250000e+02
2.501146900000000096e+04 6.266535034179687500e+02
2.501155199999999968e+04 6.266187133789062500e+02
2.501163499999999840e+04 6.265718994140625000e+02
2.501171800000000076e+04 6.265597534179687500e+02
2.501180099999999948e+04 6.265653686523437500e+02
2.501188399999999820e+04 6.265707397460937500e+02
2.501196700000000055e+04 6.265765380859375000e+02
2.501204999999999927e+04 6.265828247070312500e+02
2.501213300000000163e+04 6.265894775390625000e+02
2.501221600000000035e+04 6.265974121093750000e+02
2.501229899999999907e+04 6.266064453125000000e+02
2.501238200000000143e+04 6.266141967773437500e+02
2.501246500000000015e+04 6.266120605468750000e+02
2.501254799999999886e+04 6.265771484375000000e+02
2.501263100000000122e+04 6.265303344726562500e+02
2.501271399999999994e+04 6.265098876953125000e+02
2.501279699999999866e+04 6.265151367187500000e+02
2.501288000000000102e+04 6.265206909179687500e+02
2.501296299999999974e+04 6.265263671875000000e+02
2.501304599999999846e+04 6.265326538085937500e+02
2.501312900000000081e+04 6.265393066406250000e+02
2.501321199999999953e+04 6.265473632812500000e+02
2.501329499999999825e+04 6.265563354492187500e+02
2.501337800000000061e+04 6.265646362304687500e+02
2.501346099999999933e+04 6.265655517578125000e+02
2.501354400000000169e+04 6.265419921875000000e+02
2.501362700000000041e+04 6.264901733398437500e+02
2.501370999999999913e+04 6.264697265625000000e+02
2.501379300000000148e+04 6.264749145507812500e+02
2.501387600000000020e+04 6.264804687500000000e+02
2.501395899999999892e+04 6.264861450195312500e+02
2.501404200000000128e+04 6.264924926757812500e+02
2.501412500000000000e+04 6.264991455078125000e+02
2.501420799999999872e+04 6.265068359375000000e+02
2.501429100000000108e+04 6.265157470703125000e+02
2.501437399999999980e+04 6.265241088867187500e+02
2.501445699999999852e+04 6.265250244140625000e+02
2.501454000000000087e+04 6.265012207031250000e+02
2.501462299999999959e+04 6.264494628906250000e+02
2.501470599999999831e+04 6.264289550781250000e+02
2.501478900000000067e+04 6.264341430664062500e+02
2.501487199999999939e+04 6.264397583007812500e+02
2.501495500000000175e+04 6.264454956054687500e+02
2.501503800000000047e+04 6.264518432617187500e+02
2.501512099999999919e+04 6.264585571289062500e+02
2.501520400000000154e+04 6.264661865234375000e+02
2.501528700000000026e+04 6.264751586914062500e+02
2.501536999999999898e+04 6.264833984375000000e+02
2.501545300000000134e+04 6.264843139648437500e+02
2.501553600000000006e+04 6.264605102539062500e+02
2.501561899999999878e+04 6.264086303710937500e+02
2.501570200000000114e+04 6.263881225585937500e+02
2.501578499999999985e+04 6.263932495117187500e+02
2.501586799999999857e+04 6.263988647460937500e+02
2.501595100000000093e+04 6.264046020507812500e+02
2.501603399999999965e+04 6.264109497070312500e+02
2.501611699999999837e+04 6.264175415039062500e+02
2.501620000000000073e+04 6.264251708984375000e+02
2.501628299999999945e+04 6.264341430664062500e+02
2.501636600000000180e+04 6.264424438476562500e+02
2.501644900000000052e+04 6.264432983398437500e+02
2.501653199999999924e+04 6.264193725585937500e+02
2.501661500000000160e+04 6.263674316406250000e+02
2.501669800000000032e+04 6.263386230468750000e+02
2.501678099999999904e+04 6.263433227539062500e+02
2.501686400000000140e+04 6.263491210937500000e+02
2.501694700000000012e+04 6.263546142578125000e+02
2.501702999999999884e+04 6.263609008789062500e+02
2.501711300000000119e+04 6.263675537109375000e+02
2.501719599999999991e+04 6.263752441406250000e+02
2.501727899999999863e+04 6.263840332031250000e+02
2.501736200000000099e+04 6.263924560546875000e+02
2.501744499999999971e+04 6.263961791992187500e+02
2.501752799999999843e+04 6.263831176757812500e+02
2.501761100000000079e+04 6.263263549804687500e+02
2.501769399999999951e+04 6.262974853515625000e+02
2.501777699999999822e+04 6.263022460937500000e+02
2.501786000000000058e+04 6.263080444335937500e+02
2.501794299999999930e+04 6.263135375976562500e+02
2.501802600000000166e+04 6.263199462890625000e+02
2.501810900000000038e+04 6.263265380859375000e+02
2.501819199999999910e+04 6.263339233398437500e+02
2.501827500000000146e+04 6.263427734375000000e+02
2.501835800000000017e+04 6.263516845703125000e+02
2.501844099999999889e+04 6.263554687500000000e+02
2.501852400000000125e+04 6.263430786132812500e+02
2.501860699999999997e+04 6.262862548828125000e+02
2.501868999999999869e+04 6.262574462890625000e+02
2.501877300000000105e+04 6.262621459960937500e+02
2.501885599999999977e+04 6.262679443359375000e+02
2.501893899999999849e+04 6.262734375000000000e+02
2.501902200000000084e+04 6.262797241210937500e+02
2.501910499999999956e+04 6.262863769531250000e+02
2.501918799999999828e+04 6.262937622070312500e+02
2.501927100000000064e+04 6.263025512695312500e+02
2.501935399999999936e+04 6.263115234375000000e+02
2.501943700000000172e+04 6.263153076171875000e+02
2.501952000000000044e+04 6.263028564453125000e+02
2.501960299999999916e+04 6.262460327148437500e+02
2.501968600000000151e+04 6.262171630859375000e+02
2.501976900000000023e+04 6.262218627929687500e+02
2.501985199999999895e+04 6.262276000976562500e+02
2.501993500000000131e+04 6.262330932617187500e+02
