2.500009800000000178e+04 6.610433349609375000e+02
2.500018100000000049e+04 6.610504150390625000e+02
2.500026399999999921e+04 6.610590209960937500e+02
2.500034700000000157e+04 6.610676879882812500e+02
2.500043000000000029e+04 6.610742797851562500e+02
2.500051299999999901e+04 6.610646972656250000e+02
2.500059600000000137e+04 6.610061645507812500e+02
2.500067900000000009e+04 6.609699707031250000e+02
2.500076199999999881e+04 6.609748535156250000e+02
2.500084500000000116e+04 6.609813842773437500e+02
2.500092799999999988e+04 6.609868164062500000e+02
2.500101099999999860e+04 6.609930419921875000e+02
2.500109400000000096e+04 6.609992675781250000e+02
2.500117699999999968e+04 6.610059814453125000e+02
2.500125999999999840e+04 6.610144042968750000e+02
2.500134300000000076e+04 6.610236206054687500e+02
2.500142599999999948e+04 6.610302734375000000e+02
2.500150899999999820e+04 6.610230712890625000e+02
2.500159200000000055e+04 6.609689331054687500e+02
2.500167499999999927e+04 6.609326782226562500e+02
2.500175800000000163e+04 6.609376220703125000e+02
2.500184100000000035e+04 6.609441528320312500e+02
2.500192399999999907e+04 6.609495849609375000e+02
2.500200700000000143e+04 6.609557495117187500e+02
2.500209000000000015e+04 6.609619750976562500e+02
2.500217299999999886e+04 6.609687500000000000e+02
2.500225600000000122e+04 6.609771728515625000e+02
2.500233899999999994e+04 6.609863891601562500e+02
2.500242199999999866e+04 6.609929809570312500e+02
2.500250500000000102e+04 6.609857788085937500e+02
2.500258799999999974e+04 6.609315795898437500e+02
2.500267099999999846e+04 6.608953247070312500e+02
2.500275400000000081e+04 6.609002685546875000e+02
2.500283699999999953e+04 6.609067993164062500e+02
2.500291999999999825e+04 6.609122314453125000e+02
2.500300300000000061e+04 6.609183959960937500e+02
2.500308599999999933e+04 6.609246826171875000e+02
2.500316900000000169e+04 6.609313964843750000e+02
2.500325200000000041e+04 6.609398193359375000e+02
2.500333499999999913e+04 6.609490356445312500e+02
2.500341800000000148e+04 6.609556884765625000e+02
2.500350100000000020e+04 6.609484252929687500e+02
2.500358399999999892e+04 6.608942260742187500e+02
2.500366700000000128e+04 6.608579711914062500e+02
2.500375000000000000e+04 6.608629150390625000e+02
2.500383299999999872e+04 6.608694458007812500e+02
2.500391600000000108e+04 6.608748779296875000e+02
2.500399899999999980e+04 6.608810424804687500e+02
2.500408199999999852e+04 6.608872680664062500e+02
2.500416500000000087e+04 6.608939208984375000e+02
2.500424799999999959e+04 6.609023437500000000e+02
2.500433099999999831e+04 6.609115600585937500e+02
2.500441400000000067e+04 6.609182128906250000e+02
2.500449699999999939e+04 6.609109497070312500e+02
2.500458000000000175e+04 6.608566894531250000e+02
2.500466300000000047e+04 6.608154296875000000e+02
2.500474599999999919e+04 6.608121337890625000e+02
2.500482900000000154e+04 6.608187866210937500e+02
2.500491200000000026e+04 6.608244018554687500e+02
2.500499499999999898e+04 6.608303833007812500e+02
2.500507800000000134e+04 6.608366088867187500e+02
2.500516100000000006e+04 6.608432617187500000e+02
2.500524399999999878e+04 6.608513183593750000e+02
2.500532700000000114e+04 6.608603515625000000e+02
2.500540999999999985e+04 6.608674316406250000e+02
2.500549299999999857e+04 6.608629760742187500e+02
2.500557600000000093e+04 6.608164062500000000e+02
2.500565899999999965e+04 6.607752075195312500e+02
2.500574199999999837e+04 6.607718505859375000e+02
2.500582500000000073e+04 6.607785034179687500e+02
2.500590799999999945e+04 6.607841186523437500e+02
2.500599100000000180e+04 6.607901611328125000e+02
2.500607400000000052e+04 6.607963867187500000e+02
2.500615699999999924e+04 6.608029785156250000e+02
2.500624000000000160e+04 6.608110351562500000e+02
2.500632300000000032e+04 6.608201293945312500e+02
2.500640599999999904e+04 6.608272094726562500e+02
2.500648900000000140e+04 6.608226928710937500e+02
2.500657200000000012e+04 6.607761230468750000e+02
2.500665499999999884e+04 6.607349243164062500e+02
2.500673800000000119e+04 6.607315673828125000e+02
2.500682099999999991e+04 6.607382202148437500e+02
2.500690399999999863e+04 6.607438354492187500e+02
2.500698700000000099e+04 6.607498779296875000e+02
2.500706999999999971e+04 6.607560424804687500e+02
2.500715299999999843e+04 6.607626953125000000e+02
2.500723600000000079e+04 6.607707519531250000e+02
2.500731899999999951e+04 6.607798461914062500e+02
2.500740199999999822e+04 6.607869262695312500e+02
2.500748500000000058e+04 6.607824096679687500e+02
2.500756799999999930e+04 6.607358398437500000e+02
2.500765100000000166e+04 6.606945800781250000e+02
2.500773400000000038e+04 6.606912231445312500e+02
2.500781699999999910e+04 6.606978759765625000e+02
2.500790000000000146e+04 6.607034912109375000e+02
2.500798300000000017e+04 6.607095336914062500e+02
2.500806599999999889e+04 6.607157592773437500e+02
2.500814900000000125e+04 6.607222900390625000e+02
2.500823199999999997e+04 6.607303466796875000e+02
2.500831499999999869e+04 6.607393798828125000e+02
2.500839800000000105e+04 6.607464599609375000e+02
2.500848099999999977e+04 6.607420043945312500e+02
2.500856399999999849e+04 6.606953125000000000e+02
2.500864700000000084e+04 6.606491088867187500e+02
2.500872999999999956e+04 6.606375122070312500e+02
2.500881299999999828e+04 6.606437377929687500e+02
2.500889600000000064e+04 6.606495971679687500e+02
2.500897899999999936e+04 6.606554565429687500e+02
2.500906200000000172e+04 6.606616210937500000e+02
2.500914500000000044e+04 6.606681518554687500e+02
2.500922799999999916e+04 6.606759033203125000e+02
2.500931100000000151e+04 6.606847534179687500e+02
2.500939400000000023e+04 6.606923828125000000e+02
2.500947699999999895e+04 6.606906738281250000e+02
2.500956000000000131e+04 6.606556396484375000e+02
2.500964300000000003e+04 6.606094360351562500e+02
2.500972599999999875e+04 6.605978393554687500e+02
2.500980900000000111e+04 6.606040039062500000e+02
2.500989199999999983e+04 6.606099243164062500e+02
2.500997499999999854e+04 6.606157836914062500e+02
2.501005800000000090e+04 6.606219482421875000e+02
2.501014099999999962e+04 6.606284790039062500e+02
2.501022399999999834e+04 6.606362304687500000e+02
2.501030700000000070e+04 6.606450805664062500e+02
2.501038999999999942e+04 6.606527099609375000e+02
2.501047300000000178e+04 6.606510009765625000e+02
2.501055600000000049e+04 6.606159667968750000e+02
2.501063899999999921e+04 6.605697021484375000e+02
2.501072200000000157e+04 6.605581054687500000e+02
2.501080500000000029e+04 6.605642700195312500e+02
2.501088799999999901e+04 6.605701904296875000e+02
2.501097100000000137e+04 6.605760498046875000e+02
2.501105400000000009e+04 6.605822143554687500e+02
2.501113699999999881e+04 6.605887451171875000e+02
2.501122000000000116e+04 6.605964965820312500e+02
2.501130299999999988e+04 6.606054077148437500e+02
2.501138599999999860e+04 6.606130371093750000e+02
2.501146900000000096e+04 6.606112670898437500e+02
2.501155199999999968e+04 6.605761718750000000e+02
2.501163499999999840e+04 6.605299072265625000e+02
2.501171800000000076e+04 6.605183105468750000e+02
2.501180099999999948e+04 6.605245361328125000e+02
2.501188399999999820e+04 6.605303955078125000e+02
2.501196700000000055e+04 6.605362548828125000e+02
2.501204999999999927e+04 6.605424804687500000e+02
2.501213300000000163e+04 6.605488891601562500e+02
2.501221600000000035e+04 6.605566406250000000e+02
2.501229899999999907e+04 6.605655517578125000e+02
2.501238200000000143e+04 6.605731811523437500e+02
2.501246500000000015e+04 6.605714111328125000e+02
2.501254799999999886e+04 6.605362548828125000e+02
2.501263100000000122e+04 6.604899291992187500e+02
2.501271399999999994e+04 6.604700317382812500e+02
2.501279699999999866e+04 6.604758300781250000e+02
2.501288000000000102e+04 6.604819335937500000e+02
2.501296299999999974e+04 6.604876708984375000e+02
2.501304599999999846e+04 6.604938964843750000e+02
2.501312900000000081e+04 6.605003051757812500e+02
2.501321199999999953e+04 6.605081176757812500e+02
2.501329499999999825e+04 6.605168457031250000e+02
2.501337800000000061e+04 6.605250244140625000e+02
2.501346099999999933e+04 6.605260620117187500e+02
2.501354400000000169e+04 6.605022583007812500e+02
2.501362700000000041e+04 6.604509887695312500e+02
2.501370999999999913e+04 6.604310913085937500e+02
2.501379300000000148e+04 6.604368896484375000e+02
2.501387600000000020e+04 6.604429931640625000e+02
2.501395899999999892e+04 6.604487304687500000e+02
2.501404200000000128e+04 6.604549560546875000e+02
2.501412500000000000e+04 6.604613647460937500e+02
2.501420799999999872e+04 6.604688110351562500e+02
2.501429100000000108e+04 6.604775390625000000e+02
2.501437399999999980e+04 6.604857177734375000e+02
2.501445699999999852e+04 6.604867553710937500e+02
2.501454000000000087e+04 6.604627075195312500e+02
2.501462299999999959e+04 6.604114379882812500e+02
2.501470599999999831e+04 6.603915405273437500e+02
2.501478900000000067e+04 6.603973388671875000e+02
2.501487199999999939e+04 6.604034423828125000e+02
2.501495500000000175e+04 6.604091796875000000e+02
2.501503800000000047e+04 6.604154052734375000e+02
2.501512099999999919e+04 6.604218139648437500e+02
2.501520400000000154e+04 6.604292602539062500e+02
2.501528700000000026e+04 6.604379882812500000e+02
2.501536999999999898e+04 6.604461669921875000e+02
2.501545300000000134e+04 6.604472045898437500e+02
2.501553600000000006e+04 6.604231567382812500e+02
2.501561899999999878e+04 6.603718872070312500e+02
2.501570200000000114e+04 6.603519287109375000e+02
2.501578499999999985e+04 6.603577270507812500e+02
2.501586799999999857e+04 6.603638305664062500e+02
2.501595100000000093e+04 6.603695678710937500e+02
2.501603399999999965e+04 6.603757934570312500e+02
2.501611699999999837e+04 6.603821411132812500e+02
2.501620000000000073e+04 6.603895874023437500e+02
2.501628299999999945e+04 6.603983154296875000e+02
2.501636600000000180e+04 6.604064941406250000e+02
2.501644900000000052e+04 6.604075317382812500e+02
2.501653199999999924e+04 6.603833618164062500e+02
2.501661500000000160e+04 6.603320312500000000e+02
2.501669800000000032e+04 6.603038330078125000e+02
2.501678099999999904e+04 6.603091430664062500e+02
2.501686400000000140e+04 6.603154907226562500e+02
2.501694700000000012e+04 6.603211059570312500e+02
2.501702999999999884e+04 6.603273315429687500e+02
2.501711300000000119e+04 6.603336791992187500e+02
2.501719599999999991e+04 6.603411254882812500e+02
2.501727899999999863e+04 6.603497314453125000e+02
2.501736200000000099e+04 6.603579101562500000e+02
2.501744499999999971e+04 6.603616943359375000e+02
2.501752799999999843e+04 6.603485107421875000e+02
2.501761100000000079e+04 6.602922363281250000e+02
2.501769399999999951e+04 6.602639770507812500e+02
2.501777699999999822e+04 6.602693481445312500e+02
2.501786000000000058e+04 6.602756347656250000e+02
2.501794299999999930e+04 6.602812500000000000e+02
2.501802600000000166e+04 6.602874755859375000e+02
2.501810900000000038e+04 6.602938232421875000e+02
2.501819199999999910e+04 6.603009643554687500e+02
2.501827500000000146e+04 6.603095703125000000e+02
2.501835800000000017e+04 6.603182983398437500e+02
2.501844099999999889e+04 6.603220825195312500e+02
2.501852400000000125e+04 6.603095703125000000e+02
2.501860699999999997e+04 6.602532958984375000e+02
2.501868999999999869e+04 6.602250366210937500e+02
2.501877300000000105e+04 6.602303466796875000e+02
2.501885599999999977e+04 6.602366943359375000e+02
2.501893899999999849e+04 6.602423095703125000e+02
2.501902200000000084e+04 6.602485351562500000e+02
2.501910499999999956e+04 6.602548828125000000e+02
2.501918799999999828e+04 6.602619628906250000e+02
2.501927100000000064e+04 6.602705688476562500e+02
2.501935399999999936e+04 6.602792968750000000e+02
2.501943700000000172e+04 6.602831420898437500e+02
2.501952000000000044e+04 6.602705688476562500e+02
2.501960299999999916e+04 6.602142944335937500e+02
2.501968600000000151e+04 6.601859741210937500e+02
2.501976900000000023e+04 6.601913452148437500e+02
2.501985199999999895e+04 6.601976318359375000e+02
2.501993500000000131e+04 6.602032470703125000e+02
