2.500009800000000178e+04 7.041351318359375000e+02
2.500018100000000049e+04 7.041425170898437500e+02
2.500026399999999921e+04 7.041513061523437500e+02
2.500034700000000157e+04 7.041602783203125000e+02
2.500043000000000029e+04 7.041668090820312500e+02
2.500051299999999901e+04 7.041566162109375000e+02
2.500059600000000137e+04 7.040983886718750000e+02
2.500067900000000009e+04 7.040615844726562500e+02
2.500076199999999881e+04 7.040659790039062500e+02
2.500084500000000116e+04 7.040718994140625000e+02
2.500092799999999988e+04 7.040772094726562500e+02
2.500101099999999860e+04 7.040834960937500000e+02
2.500109400000000096e+04 7.040899658203125000e+02
2.500117699999999968e+04 7.040969848632812500e+02
2.500125999999999840e+04 7.041057128906250000e+02
2.500134300000000076e+04 7.041151733398437500e+02
2.500142599999999948e+04 7.041218872070312500e+02
2.500150899999999820e+04 7.041141967773437500e+02
2.500159200000000055e+04 7.040603637695312500e+02
2.500167499999999927e+04 7.040236206054687500e+02
2.500175800000000163e+04 7.040279541015625000e+02
2.500184100000000035e+04 7.040338745117187500e+02
2.500192399999999907e+04 7.040390014648437500e+02
2.500200700000000143e+04 7.040453491210937500e+02
2.500209000000000015e+04 7.040518798828125000e+02
2.500217299999999886e+04 7.040589599609375000e+02
2.500225600000000122e+04 7.040676879882812500e+02
2.500233899999999994e+04 7.040771484375000000e+02
2.500242199999999866e+04 7.040838012695312500e+02
2.500250500000000102e+04 7.040761108398437500e+02
2.500258799999999974e+04 7.040222167968750000e+02
2.500267099999999846e+04 7.039854125976562500e+02
2.500275400000000081e+04 7.039897460937500000e+02
2.500283699999999953e+04 7.039957275390625000e+02
2.500291999999999825e+04 7.040009155273437500e+02
2.500300300000000061e+04 7.040072021484375000e+02
2.500308599999999933e+04 7.040137329101562500e+02
2.500316900000000169e+04 7.040208129882812500e+02
2.500325200000000041e+04 7.040295410156250000e+02
2.500333499999999913e+04 7.040390014648437500e+02
2.500341800000000148e+04 7.040457153320312500e+02
2.500350100000000020e+04 7.040379638671875000e+02
2.500358399999999892e+04 7.039839477539062500e+02
2.500366700000000128e+04 7.039470214843750000e+02
2.500375000000000000e+04 7.039512939453125000e+02
2.500383299999999872e+04 7.039572753906250000e+02
2.500391600000000108e+04 7.039624633789062500e+02
2.500399899999999980e+04 7.039688110351562500e+02
2.500408199999999852e+04 7.039752807617187500e+02
2.500416500000000087e+04 7.039822998046875000e+02
2.500424799999999959e+04 7.039910278320312500e+02
2.500433099999999831e+04 7.040004882812500000e+02
2.500441400000000067e+04 7.040072631835937500e+02
2.500449699999999939e+04 7.039994506835937500e+02
2.500458000000000175e+04 7.039454345703125000e+02
2.500466300000000047e+04 7.039036865234375000e+02
2.500474599999999919e+04 7.038997802734375000e+02
2.500482900000000154e+04 7.039058227539062500e+02
2.500491200000000026e+04 7.039110107421875000e+02
2.500499499999999898e+04 7.039170532226562500e+02
2.500507800000000134e+04 7.039232788085937500e+02
2.500516100000000006e+04 7.039301147460937500e+02
2.500524399999999878e+04 7.039382934570312500e+02
2.500532700000000114e+04 7.039474487304687500e+02
2.500540999999999985e+04 7.039545898437500000e+02
2.500549299999999857e+04 7.039495239257812500e+02
2.500557600000000093e+04 7.039032592773437500e+02
2.500565899999999965e+04 7.038615112304687500e+02
2.500574199999999837e+04 7.038576049804687500e+02
2.500582500000000073e+04 7.038636474609375000e+02
2.500590799999999945e+04 7.038688964843750000e+02
2.500599100000000180e+04 7.038748168945312500e+02
2.500607400000000052e+04 7.038811645507812500e+02
2.500615699999999924e+04 7.038880004882812500e+02
2.500624000000000160e+04 7.038962402343750000e+02
2.500632300000000032e+04 7.039054565429687500e+02
2.500640599999999904e+04 7.039125976562500000e+02
2.500648900000000140e+04 7.039075317382812500e+02
2.500657200000000012e+04 7.038612670898437500e+02
2.500665499999999884e+04 7.038193969726562500e+02
2.500673800000000119e+04 7.038154296875000000e+02
2.500682099999999991e+04 7.038215332031250000e+02
2.500690399999999863e+04 7.038267822265625000e+02
2.500698700000000099e+04 7.038328247070312500e+02
2.500706999999999971e+04 7.038391113281250000e+02
2.500715299999999843e+04 7.038459472656250000e+02
2.500723600000000079e+04 7.038541870117187500e+02
2.500731899999999951e+04 7.038633422851562500e+02
2.500740199999999822e+04 7.038705444335937500e+02
2.500748500000000058e+04 7.038654785156250000e+02
2.500756799999999930e+04 7.038190917968750000e+02
2.500765100000000166e+04 7.037772827148437500e+02
2.500773400000000038e+04 7.037733154296875000e+02
2.500781699999999910e+04 7.037793579101562500e+02
2.500790000000000146e+04 7.037846069335937500e+02
2.500798300000000017e+04 7.037904663085937500e+02
2.500806599999999889e+04 7.037968139648437500e+02
2.500814900000000125e+04 7.038035278320312500e+02
2.500823199999999997e+04 7.038118286132812500e+02
2.500831499999999869e+04 7.038209838867187500e+02
2.500839800000000105e+04 7.038281250000000000e+02
2.500848099999999977e+04 7.038231811523437500e+02
2.500856399999999849e+04 7.037767333984375000e+02
2.500864700000000084e+04 7.037299804687500000e+02
2.500872999999999956e+04 7.037178344726562500e+02
2.500881299999999828e+04 7.037234497070312500e+02
2.500889600000000064e+04 7.037288208007812500e+02
2.500897899999999936e+04 7.037346801757812500e+02
2.500906200000000172e+04 7.037409667968750000e+02
2.500914500000000044e+04 7.037476806640625000e+02
2.500922799999999916e+04 7.037556152343750000e+02
2.500931100000000151e+04 7.037646484375000000e+02
2.500939400000000023e+04 7.037723388671875000e+02
2.500947699999999895e+04 7.037702636718750000e+02
2.500956000000000131e+04 7.037354736328125000e+02
2.500964300000000003e+04 7.036887207031250000e+02
2.500972599999999875e+04 7.036764526367187500e+02
2.500980900000000111e+04 7.036820678710937500e+02
2.500989199999999983e+04 7.036875000000000000e+02
2.500997499999999854e+04 7.036932373046875000e+02
2.501005800000000090e+04 7.038175048828125000e+02
2.501014099999999962e+04 7.038242797851562500e+02
2.501022399999999834e+04 7.038322143554687500e+02
2.501030700000000070e+04 7.038412475585937500e+02
2.501038999999999942e+04 7.038488769531250000e+02
2.501047300000000178e+04 7.038468017578125000e+02
2.501055600000000049e+04 7.038118896484375000e+02
2.501063899999999921e+04 7.037650756835937500e+02
2.501072200000000157e+04 7.037527465820312500e+02
2.501080500000000029e+04 7.037583618164062500e+02
2.501088799999999901e+04 7.037636718750000000e+02
2.501097100000000137e+04 7.037694091796875000e+02
2.501105400000000009e+04 7.037757568359375000e+02
2.501113699999999881e+04 7.037824096679687500e+02
2.501122000000000116e+04 7.037904052734375000e+02
2.501130299999999988e+04 7.037994384765625000e+02
2.501138599999999860e+04 7.038071289062500000e+02
2.501146900000000096e+04 7.038050537109375000e+02
2.501155199999999968e+04 7.037702636718750000e+02
2.501163499999999840e+04 7.037235107421875000e+02
2.501171800000000076e+04 7.037113037109375000e+02
2.501180099999999948e+04 7.037169189453125000e+02
2.501188399999999820e+04 7.037223510742187500e+02
2.501196700000000055e+04 7.037280883789062500e+02
2.501204999999999927e+04 7.037343750000000000e+02
2.501213300000000163e+04 7.037410278320312500e+02
2.501221600000000035e+04 7.037490234375000000e+02
2.501229899999999907e+04 7.037580566406250000e+02
2.501238200000000143e+04 7.037657470703125000e+02
2.501246500000000015e+04 7.037636718750000000e+02
2.501254799999999886e+04 7.037287597656250000e+02
2.501263100000000122e+04 7.036818847656250000e+02
2.501271399999999994e+04 7.036614990234375000e+02
2.501279699999999866e+04 7.036666870117187500e+02
2.501288000000000102e+04 7.036723022460937500e+02
2.501296299999999974e+04 7.036779785156250000e+02
2.501304599999999846e+04 7.036842041015625000e+02
2.501312900000000081e+04 7.036908569335937500e+02
2.501321199999999953e+04 7.036989135742187500e+02
2.501329499999999825e+04 7.037078857421875000e+02
2.501337800000000061e+04 7.037162475585937500e+02
2.501346099999999933e+04 7.037171020507812500e+02
2.501354400000000169e+04 7.036936035156250000e+02
2.501362700000000041e+04 7.036417846679687500e+02
2.501370999999999913e+04 7.036212768554687500e+02
2.501379300000000148e+04 7.036264648437500000e+02
2.501387600000000020e+04 7.036320800781250000e+02
2.501395899999999892e+04 7.036376953125000000e+02
2.501404200000000128e+04 7.036440429687500000e+02
2.501412500000000000e+04 7.036507568359375000e+02
2.501420799999999872e+04 7.036583862304687500e+02
2.501429100000000108e+04 7.036673583984375000e+02
2.501437399999999980e+04 7.036757202148437500e+02
2.501445699999999852e+04 7.036765747070312500e+02
2.501454000000000087e+04 7.036527709960937500e+02
2.501462299999999959e+04 7.036010131835937500e+02
2.501470599999999831e+04 7.035805664062500000e+02
2.501478900000000067e+04 7.035857543945312500e+02
2.501487199999999939e+04 7.035913696289062500e+02
2.501495500000000175e+04 7.035970458984375000e+02
2.501503800000000047e+04 7.036033935546875000e+02
2.501512099999999919e+04 7.036101074218750000e+02
2.501520400000000154e+04 7.036177368164062500e+02
2.501528700000000026e+04 7.036267089843750000e+02
2.501536999999999898e+04 7.036350097656250000e+02
2.501545300000000134e+04 7.036359252929687500e+02
2.501553600000000006e+04 7.036120605468750000e+02
2.501561899999999878e+04 7.035602416992187500e+02
2.501570200000000114e+04 7.035396728515625000e+02
2.501578499999999985e+04 7.035448608398437500e+02
2.501586799999999857e+04 7.035504150390625000e+02
2.501595100000000093e+04 7.035561523437500000e+02
2.501603399999999965e+04 7.035625000000000000e+02
2.501611699999999837e+04 7.035690917968750000e+02
2.501620000000000073e+04 7.035767211914062500e+02
2.501628299999999945e+04 7.035856933593750000e+02
2.501636600000000180e+04 7.035940551757812500e+02
2.501644900000000052e+04 7.035948486328125000e+02
2.501653199999999924e+04 7.035709228515625000e+02
2.501661500000000160e+04 7.035189819335937500e+02
2.501669800000000032e+04 7.034901733398437500e+02
2.501678099999999904e+04 7.034948730468750000e+02
2.501686400000000140e+04 7.035007324218750000e+02
2.501694700000000012e+04 7.035061645507812500e+02
2.501702999999999884e+04 7.035125122070312500e+02
2.501711300000000119e+04 7.035191040039062500e+02
2.501719599999999991e+04 7.035267944335937500e+02
2.501727899999999863e+04 7.035356445312500000e+02
2.501736200000000099e+04 7.035440063476562500e+02
2.501744499999999971e+04 7.035477294921875000e+02
2.501752799999999843e+04 7.035346679687500000e+02
2.501761100000000079e+04 7.034779052734375000e+02
2.501769399999999951e+04 7.034490966796875000e+02
2.501777699999999822e+04 7.034537963867187500e+02
2.501786000000000058e+04 7.034595947265625000e+02
2.501794299999999930e+04 7.034650878906250000e+02
2.501802600000000166e+04 7.034714965820312500e+02
2.501810900000000038e+04 7.034780883789062500e+02
2.501819199999999910e+04 7.034854736328125000e+02
2.501827500000000146e+04 7.034943847656250000e+02
2.501835800000000017e+04 7.035032958984375000e+02
2.501844099999999889e+04 7.035070190429687500e+02
2.501852400000000125e+04 7.034946289062500000e+02
2.501860699999999997e+04 7.034378662109375000e+02
2.501868999999999869e+04 7.034089965820312500e+02
2.501877300000000105e+04 7.034136962890625000e+02
2.501885599999999977e+04 7.034194946289062500e+02
2.501893899999999849e+04 7.034249877929687500e+02
2.501902200000000084e+04 7.034313354492187500e+02
2.501910499999999956e+04 7.034379272460937500e+02
2.501918799999999828e+04 7.034453735351562500e+02
2.501927100000000064e+04 7.034541625976562500e+02
2.501935399999999936e+04 7.034630737304687500e+02
2.501943700000000172e+04 7.034669189453125000e+02
2.501952000000000044e+04 7.034544677734375000e+02
2.501960299999999916e+04 7.033976440429687500e+02
2.501968600000000151e+04 7.033687744140625000e+02
2.501976900000000023e+04 7.033734741210937500e+02
2.501985199999999895e+04 7.033792114257812500e+02
2.501993500000000131e+04 7.033846435546875000e+02
