2.500009800000000178e+04 7.287186279296875000e+02
2.500018100000000049e+04 7.287257080078125000e+02
2.500026399999999921e+04 7.287343139648437500e+02
2.500034700000000157e+04 7.287429809570312500e+02
2.500043000000000029e+04 7.287495727539062500e+02
2.500051299999999901e+04 7.287400512695312500e+02
2.500059600000000137e+04 7.286814575195312500e+02
2.500067900000000009e+04 7.286452636718750000e+02
2.500076199999999881e+04 7.286501464843750000e+02
2.500084500000000116e+04 7.286566772460937500e+02
2.500092799999999988e+04 7.286621093750000000e+02
2.500101099999999860e+04 7.286683349609375000e+02
2.500109400000000096e+04 7.286745605468750000e+02
2.500117699999999968e+04 7.286813354492187500e+02
2.500125999999999840e+04 7.286896972656250000e+02
2.500134300000000076e+04 7.286989746093750000e+02
2.500142599999999948e+04 7.287055664062500000e+02
2.500150899999999820e+04 7.286983642578125000e+02
2.500159200000000055e+04 7.286442260742187500e+02
2.500167499999999927e+04 7.286079711914062500e+02
2.500175800000000163e+04 7.286129150390625000e+02
2.500184100000000035e+04 7.286194458007812500e+02
2.500192399999999907e+04 7.286248779296875000e+02
2.500200700000000143e+04 7.286310424804687500e+02
2.500209000000000015e+04 7.286372680664062500e+02
2.500217299999999886e+04 7.286440429687500000e+02
2.500225600000000122e+04 7.286524658203125000e+02
2.500233899999999994e+04 7.286616821289062500e+02
2.500242199999999866e+04 7.286682739257812500e+02
2.500250500000000102e+04 7.286610717773437500e+02
2.500258799999999974e+04 7.286069335937500000e+02
2.500267099999999846e+04 7.285706787109375000e+02
2.500275400000000081e+04 7.285755615234375000e+02
2.500283699999999953e+04 7.285820922851562500e+02
2.500291999999999825e+04 7.285875244140625000e+02
2.500300300000000061e+04 7.285937500000000000e+02
2.500308599999999933e+04 7.285999755859375000e+02
2.500316900000000169e+04 7.286066894531250000e+02
2.500325200000000041e+04 7.286151123046875000e+02
2.500333499999999913e+04 7.286243286132812500e+02
2.500341800000000148e+04 7.286309814453125000e+02
2.500350100000000020e+04 7.286237182617187500e+02
2.500358399999999892e+04 7.285695190429687500e+02
2.500366700000000128e+04 7.285332641601562500e+02
2.500375000000000000e+04 7.285382080078125000e+02
2.500383299999999872e+04 7.285447387695312500e+02
2.500391600000000108e+04 7.285501708984375000e+02
2.500399899999999980e+04 7.285563354492187500e+02
2.500408199999999852e+04 7.285625610351562500e+02
2.500416500000000087e+04 7.285692138671875000e+02
2.500424799999999959e+04 7.285776367187500000e+02
2.500433099999999831e+04 7.285868530273437500e+02
2.500441400000000067e+04 7.285935058593750000e+02
2.500449699999999939e+04 7.285862426757812500e+02
2.500458000000000175e+04 7.285319824218750000e+02
2.500466300000000047e+04 7.284907226562500000e+02
2.500474599999999919e+04 7.284874267578125000e+02
2.500482900000000154e+04 7.284940795898437500e+02
2.500491200000000026e+04 7.284996948242187500e+02
2.500499499999999898e+04 7.285057373046875000e+02
2.500507800000000134e+04 7.285119018554687500e+02
2.500516100000000006e+04 7.285185546875000000e+02
2.500524399999999878e+04 7.285266113281250000e+02
2.500532700000000114e+04 7.285356445312500000e+02
2.500540999999999985e+04 7.285427246093750000e+02
2.500549299999999857e+04 7.285382690429687500e+02
2.500557600000000093e+04 7.284916992187500000e+02
2.500565899999999965e+04 7.284505004882812500e+02
2.500574199999999837e+04 7.284471435546875000e+02
2.500582500000000073e+04 7.284537963867187500e+02
2.500590799999999945e+04 7.284594726562500000e+02
2.500599100000000180e+04 7.284654541015625000e+02
2.500607400000000052e+04 7.284716796875000000e+02
2.500615699999999924e+04 7.284782714843750000e+02
2.500624000000000160e+04 7.284863281250000000e+02
2.500632300000000032e+04 7.284954223632812500e+02
2.500640599999999904e+04 7.285025024414062500e+02
2.500648900000000140e+04 7.284979858398437500e+02
2.500657200000000012e+04 7.284514770507812500e+02
2.500665499999999884e+04 7.284102172851562500e+02
2.500673800000000119e+04 7.284068603515625000e+02
2.500682099999999991e+04 7.284135131835937500e+02
2.500690399999999863e+04 7.284191284179687500e+02
2.500698700000000099e+04 7.284251708984375000e+02
2.500706999999999971e+04 7.284313964843750000e+02
2.500715299999999843e+04 7.284379882812500000e+02
2.500723600000000079e+04 7.284460449218750000e+02
2.500731899999999951e+04 7.284551391601562500e+02
2.500740199999999822e+04 7.284622192382812500e+02
2.500748500000000058e+04 7.284577026367187500e+02
2.500756799999999930e+04 7.284111328125000000e+02
2.500765100000000166e+04 7.283698730468750000e+02
2.500773400000000038e+04 7.283665161132812500e+02
2.500781699999999910e+04 7.283731689453125000e+02
2.500790000000000146e+04 7.283787841796875000e+02
2.500798300000000017e+04 7.283848266601562500e+02
2.500806599999999889e+04 7.283910522460937500e+02
2.500814900000000125e+04 7.283975830078125000e+02
2.500823199999999997e+04 7.284056396484375000e+02
2.500831499999999869e+04 7.284146728515625000e+02
2.500839800000000105e+04 7.284218139648437500e+02
2.500848099999999977e+04 7.284172973632812500e+02
2.500856399999999849e+04 7.283706054687500000e+02
2.500864700000000084e+04 7.283244018554687500e+02
2.500872999999999956e+04 7.283128051757812500e+02
2.500881299999999828e+04 7.283190307617187500e+02
2.500889600000000064e+04 7.283248901367187500e+02
2.500897899999999936e+04 7.283307495117187500e+02
2.500906200000000172e+04 7.283369140625000000e+02
2.500914500000000044e+04 7.283434448242187500e+02
2.500922799999999916e+04 7.283511962890625000e+02
2.500931100000000151e+04 7.283601074218750000e+02
2.500939400000000023e+04 7.283677368164062500e+02
2.500947699999999895e+04 7.283659667968750000e+02
2.500956000000000131e+04 7.283309326171875000e+02
2.500964300000000003e+04 7.282847290039062500e+02
2.500972599999999875e+04 7.282731323242187500e+02
2.500980900000000111e+04 7.282792968750000000e+02
2.500989199999999983e+04 7.282852172851562500e+02
2.500997499999999854e+04 7.282910766601562500e+02
2.501005800000000090e+04 7.284114379882812500e+02
2.501014099999999962e+04 7.284179687500000000e+02
2.501022399999999834e+04 7.284257202148437500e+02
2.501030700000000070e+04 7.284345703125000000e+02
2.501038999999999942e+04 7.284421997070312500e+02
2.501047300000000178e+04 7.284404907226562500e+02
2.501055600000000049e+04 7.284053955078125000e+02
2.501063899999999921e+04 7.283591918945312500e+02
2.501072200000000157e+04 7.283475341796875000e+02
2.501080500000000029e+04 7.283537597656250000e+02
2.501088799999999901e+04 7.283596191406250000e+02
2.501097100000000137e+04 7.283655395507812500e+02
2.501105400000000009e+04 7.283717041015625000e+02
2.501113699999999881e+04 7.283782348632812500e+02
2.501122000000000116e+04 7.283859863281250000e+02
2.501130299999999988e+04 7.283948974609375000e+02
2.501138599999999860e+04 7.284025268554687500e+02
2.501146900000000096e+04 7.284007568359375000e+02
2.501155199999999968e+04 7.283656616210937500e+02
2.501163499999999840e+04 7.283193969726562500e+02
2.501171800000000076e+04 7.283078002929687500e+02
2.501180099999999948e+04 7.283139648437500000e+02
2.501188399999999820e+04 7.283198852539062500e+02
2.501196700000000055e+04 7.283257446289062500e+02
2.501204999999999927e+04 7.283319091796875000e+02
2.501213300000000163e+04 7.283383789062500000e+02
2.501221600000000035e+04 7.283461303710937500e+02
2.501229899999999907e+04 7.283549804687500000e+02
2.501238200000000143e+04 7.283626098632812500e+02
2.501246500000000015e+04 7.283609008789062500e+02
2.501254799999999886e+04 7.283256835937500000e+02
2.501263100000000122e+04 7.282794189453125000e+02
2.501271399999999994e+04 7.282595214843750000e+02
2.501279699999999866e+04 7.282653198242187500e+02
2.501288000000000102e+04 7.282714233398437500e+02
2.501296299999999974e+04 7.282771606445312500e+02
2.501304599999999846e+04 7.282833862304687500e+02
2.501312900000000081e+04 7.282897949218750000e+02
2.501321199999999953e+04 7.282975463867187500e+02
2.501329499999999825e+04 7.283063354492187500e+02
2.501337800000000061e+04 7.283144531250000000e+02
2.501346099999999933e+04 7.283155517578125000e+02
2.501354400000000169e+04 7.282917480468750000e+02
2.501362700000000041e+04 7.282404785156250000e+02
2.501370999999999913e+04 7.282205810546875000e+02
2.501379300000000148e+04 7.282263793945312500e+02
2.501387600000000020e+04 7.282324829101562500e+02
2.501395899999999892e+04 7.282382202148437500e+02
2.501404200000000128e+04 7.282443847656250000e+02
2.501412500000000000e+04 7.282508544921875000e+02
2.501420799999999872e+04 7.282583007812500000e+02
2.501429100000000108e+04 7.282670288085937500e+02
2.501437399999999980e+04 7.282752075195312500e+02
2.501445699999999852e+04 7.282762451171875000e+02
2.501454000000000087e+04 7.282521972656250000e+02
2.501462299999999959e+04 7.282009277343750000e+02
2.501470599999999831e+04 7.281810302734375000e+02
2.501478900000000067e+04 7.281867675781250000e+02
2.501487199999999939e+04 7.281928710937500000e+02
2.501495500000000175e+04 7.281986694335937500e+02
2.501503800000000047e+04 7.282048339843750000e+02
2.501512099999999919e+04 7.282113037109375000e+02
2.501520400000000154e+04 7.282187500000000000e+02
2.501528700000000026e+04 7.282274780273437500e+02
2.501536999999999898e+04 7.282356567382812500e+02
2.501545300000000134e+04 7.282366943359375000e+02
2.501553600000000006e+04 7.282126464843750000e+02
2.501561899999999878e+04 7.281613159179687500e+02
2.501570200000000114e+04 7.281414184570312500e+02
2.501578499999999985e+04 7.281471557617187500e+02
2.501586799999999857e+04 7.281532592773437500e+02
2.501595100000000093e+04 7.281590576171875000e+02
2.501603399999999965e+04 7.281652221679687500e+02
2.501611699999999837e+04 7.281715698242187500e+02
2.501620000000000073e+04 7.281790161132812500e+02
2.501628299999999945e+04 7.281878051757812500e+02
2.501636600000000180e+04 7.281959838867187500e+02
2.501644900000000052e+04 7.281970214843750000e+02
2.501653199999999924e+04 7.281728515625000000e+02
2.501661500000000160e+04 7.281215209960937500e+02
2.501669800000000032e+04 7.280933227539062500e+02
2.501678099999999904e+04 7.280986328125000000e+02
2.501686400000000140e+04 7.281049804687500000e+02
2.501694700000000012e+04 7.281105957031250000e+02
2.501702999999999884e+04 7.281168212890625000e+02
2.501711300000000119e+04 7.281231689453125000e+02
2.501719599999999991e+04 7.281306152343750000e+02
2.501727899999999863e+04 7.281392211914062500e+02
2.501736200000000099e+04 7.281473999023437500e+02
2.501744499999999971e+04 7.281511840820312500e+02
2.501752799999999843e+04 7.281379394531250000e+02
2.501761100000000079e+04 7.280817260742187500e+02
2.501769399999999951e+04 7.280534667968750000e+02
2.501777699999999822e+04 7.280587768554687500e+02
2.501786000000000058e+04 7.280651245117187500e+02
2.501794299999999930e+04 7.280707397460937500e+02
2.501802600000000166e+04 7.280769653320312500e+02
2.501810900000000038e+04 7.280833129882812500e+02
2.501819199999999910e+04 7.280903930664062500e+02
2.501827500000000146e+04 7.280989990234375000e+02
2.501835800000000017e+04 7.281077270507812500e+02
2.501844099999999889e+04 7.281115722656250000e+02
2.501852400000000125e+04 7.280990600585937500e+02
2.501860699999999997e+04 7.280427246093750000e+02
2.501868999999999869e+04 7.280144653320312500e+02
2.501877300000000105e+04 7.280198364257812500e+02
2.501885599999999977e+04 7.280261840820312500e+02
2.501893899999999849e+04 7.280317993164062500e+02
2.501902200000000084e+04 7.280379638671875000e+02
2.501910499999999956e+04 7.280443115234375000e+02
2.501918799999999828e+04 7.280514526367187500e+02
2.501927100000000064e+04 7.280600585937500000e+02
2.501935399999999936e+04 7.280687866210937500e+02
2.501943700000000172e+04 7.280726318359375000e+02
2.501952000000000044e+04 7.280600585937500000e+02
2.501960299999999916e+04 7.280037231445312500e+02
2.501968600000000151e+04 7.279754638671875000e+02
2.501976900000000023e+04 7.279807739257812500e+02
2.501985199999999895e+04 7.279871215820312500e+02
2.501993500000000131e+04 7.279927368164062500e+02
