2.500009800000000178e+04 0.000000000000000000e+00
2.500018100000000049e+04 0.000000000000000000e+00
2.500026399999999921e+04 0.000000000000000000e+00
2.500034700000000157e+04 0.000000000000000000e+00
2.500043000000000029e+04 0.000000000000000000e+00
2.500051299999999901e+04 8.882138252258300781e+00
2.500059600000000137e+04 2.889961242675781250e+01
2.500067900000000009e+04 2.080964660644531250e+01
2.500076199999999881e+04 3.198142051696777344e-01
2.500084500000000116e+04 0.000000000000000000e+00
2.500092799999999988e+04 0.000000000000000000e+00
2.500101099999999860e+04 0.000000000000000000e+00
2.500109400000000096e+04 0.000000000000000000e+00
2.500117699999999968e+04 0.000000000000000000e+00
2.500125999999999840e+04 0.000000000000000000e+00
2.500134300000000076e+04 0.000000000000000000e+00
2.500142599999999948e+04 0.000000000000000000e+00
2.500150899999999820e+04 6.947563171386718750e+00
2.500159200000000055e+04 2.716616249084472656e+01
2.500167499999999927e+04 2.040421867370605469e+01
2.500175800000000163e+04 3.206495940685272217e-01
2.500184100000000035e+04 0.000000000000000000e+00
2.500192399999999907e+04 0.000000000000000000e+00
2.500200700000000143e+04 0.000000000000000000e+00
2.500209000000000015e+04 0.000000000000000000e+00
2.500217299999999886e+04 0.000000000000000000e+00
2.500225600000000122e+04 0.000000000000000000e+00
2.500233899999999994e+04 0.000000000000000000e+00
2.500242199999999866e+04 0.000000000000000000e+00
2.500250500000000102e+04 6.950663566589355469e+00
2.500258799999999974e+04 2.718548774719238281e+01
2.500267099999999846e+04 2.041896057128906250e+01
2.500275400000000081e+04 3.214902281761169434e-01
2.500283699999999953e+04 0.000000000000000000e+00
2.500291999999999825e+04 0.000000000000000000e+00
2.500300300000000061e+04 0.000000000000000000e+00
2.500308599999999933e+04 0.000000000000000000e+00
2.500316900000000169e+04 0.000000000000000000e+00
2.500325200000000041e+04 0.000000000000000000e+00
2.500333499999999913e+04 0.000000000000000000e+00
2.500341800000000148e+04 0.000000000000000000e+00
2.500350100000000020e+04 6.953763484954833984e+00
2.500358399999999892e+04 2.720484161376953125e+01
2.500366700000000128e+04 2.043369102478027344e+01
2.500375000000000000e+04 3.223274350166320801e-01
2.500383299999999872e+04 0.000000000000000000e+00
2.500391600000000108e+04 0.000000000000000000e+00
2.500399899999999980e+04 0.000000000000000000e+00
2.500408199999999852e+04 0.000000000000000000e+00
2.500416500000000087e+04 0.000000000000000000e+00
2.500424799999999959e+04 0.000000000000000000e+00
2.500433099999999831e+04 0.000000000000000000e+00
2.500441400000000067e+04 0.000000000000000000e+00
2.500449699999999939e+04 6.956863880157470703e+00
2.500458000000000175e+04 2.725609016418457031e+01
2.500466300000000047e+04 2.366740608215332031e+01
2.500474599999999919e+04 4.265015125274658203e+00
2.500482900000000154e+04 0.000000000000000000e+00
2.500491200000000026e+04 0.000000000000000000e+00
2.500499499999999898e+04 0.000000000000000000e+00
2.500507800000000134e+04 0.000000000000000000e+00
2.500516100000000006e+04 0.000000000000000000e+00
2.500524399999999878e+04 0.000000000000000000e+00
2.500532700000000114e+04 0.000000000000000000e+00
2.500540999999999985e+04 0.000000000000000000e+00
2.500549299999999857e+04 5.685960292816162109e+00
2.500557600000000093e+04 2.369835662841796875e+01
2.500565899999999965e+04 2.353995323181152344e+01
2.500574199999999837e+04 4.268062114715576172e+00
2.500582500000000073e+04 0.000000000000000000e+00
2.500590799999999945e+04 0.000000000000000000e+00
2.500599100000000180e+04 0.000000000000000000e+00
2.500607400000000052e+04 0.000000000000000000e+00
2.500615699999999924e+04 0.000000000000000000e+00
2.500624000000000160e+04 0.000000000000000000e+00
2.500632300000000032e+04 0.000000000000000000e+00
2.500640599999999904e+04 0.000000000000000000e+00
2.500648900000000140e+04 5.688473224639892578e+00
2.500657200000000012e+04 2.371544456481933594e+01
2.500665499999999884e+04 2.355519294738769531e+01
2.500673800000000119e+04 4.271154403686523438e+00
2.500682099999999991e+04 0.000000000000000000e+00
2.500690399999999863e+04 0.000000000000000000e+00
2.500698700000000099e+04 0.000000000000000000e+00
2.500706999999999971e+04 0.000000000000000000e+00
2.500715299999999843e+04 0.000000000000000000e+00
2.500723600000000079e+04 0.000000000000000000e+00
2.500731899999999951e+04 0.000000000000000000e+00
2.500740199999999822e+04 0.000000000000000000e+00
2.500748500000000058e+04 5.691006183624267578e+00
2.500756799999999930e+04 2.373257827758789062e+01
2.500765100000000166e+04 2.357047271728515625e+01
2.500773400000000038e+04 4.274283885955810547e+00
2.500781699999999910e+04 0.000000000000000000e+00
2.500790000000000146e+04 0.000000000000000000e+00
2.500798300000000017e+04 0.000000000000000000e+00
2.500806599999999889e+04 0.000000000000000000e+00
2.500814900000000125e+04 0.000000000000000000e+00
2.500823199999999997e+04 0.000000000000000000e+00
2.500831499999999869e+04 0.000000000000000000e+00
2.500839800000000105e+04 0.000000000000000000e+00
2.500848099999999977e+04 5.693552970886230469e+00
2.500856399999999849e+04 2.378169631958007812e+01
2.500864700000000084e+04 2.680925559997558594e+01
2.500872999999999956e+04 8.593832015991210938e+00
2.500881299999999828e+04 0.000000000000000000e+00
2.500889600000000064e+04 0.000000000000000000e+00
2.500897899999999936e+04 0.000000000000000000e+00
2.500906200000000172e+04 0.000000000000000000e+00
2.500914500000000044e+04 0.000000000000000000e+00
2.500922799999999916e+04 0.000000000000000000e+00
2.500931100000000151e+04 0.000000000000000000e+00
2.500939400000000023e+04 0.000000000000000000e+00
2.500947699999999895e+04 3.390127658843994141e+00
2.500956000000000131e+04 1.837906837463378906e+01
2.500964300000000003e+04 2.568605804443359375e+01
2.500972599999999875e+04 8.549641609191894531e+00
2.500980900000000111e+04 0.000000000000000000e+00
2.500989199999999983e+04 0.000000000000000000e+00
2.500997499999999854e+04 0.000000000000000000e+00
2.501005800000000090e+04 0.000000000000000000e+00
2.501014099999999962e+04 0.000000000000000000e+00
2.501022399999999834e+04 0.000000000000000000e+00
2.501030700000000070e+04 0.000000000000000000e+00
2.501038999999999942e+04 0.000000000000000000e+00
2.501047300000000178e+04 3.391602039337158203e+00
2.501055600000000049e+04 1.839310073852539062e+01
2.501063899999999921e+04 2.570185661315917969e+01
2.501072200000000157e+04 8.556612014770507812e+00
2.501080500000000029e+04 0.000000000000000000e+00
2.501088799999999901e+04 0.000000000000000000e+00
2.501097100000000137e+04 0.000000000000000000e+00
2.501105400000000009e+04 0.000000000000000000e+00
2.501113699999999881e+04 0.000000000000000000e+00
2.501122000000000116e+04 0.000000000000000000e+00
2.501130299999999988e+04 0.000000000000000000e+00
2.501138599999999860e+04 0.000000000000000000e+00
2.501146900000000096e+04 3.393097877502441406e+00
2.501155199999999968e+04 1.840665626525878906e+01
2.501163499999999840e+04 2.571760559082031250e+01
2.501171800000000076e+04 8.563678741455078125e+00
2.501180099999999948e+04 0.000000000000000000e+00
2.501188399999999820e+04 0.000000000000000000e+00
2.501196700000000055e+04 0.000000000000000000e+00
2.501204999999999927e+04 0.000000000000000000e+00
2.501213300000000163e+04 0.000000000000000000e+00
2.501221600000000035e+04 0.000000000000000000e+00
2.501229899999999907e+04 0.000000000000000000e+00
2.501238200000000143e+04 0.000000000000000000e+00
2.501246500000000015e+04 3.394598007202148438e+00
2.501254799999999886e+04 1.844514465332031250e+01
2.501263100000000122e+04 2.574647712707519531e+01
2.501271399999999994e+04 1.288755321502685547e+01
2.501279699999999866e+04 4.909072816371917725e-02
2.501288000000000102e+04 0.000000000000000000e+00
2.501296299999999974e+04 0.000000000000000000e+00
2.501304599999999846e+04 0.000000000000000000e+00
2.501312900000000081e+04 0.000000000000000000e+00
2.501321199999999953e+04 0.000000000000000000e+00
2.501329499999999825e+04 0.000000000000000000e+00
2.501337800000000061e+04 0.000000000000000000e+00
2.501346099999999933e+04 1.889163613319396973e+00
2.501354400000000169e+04 1.353383159637451172e+01
2.501362700000000041e+04 2.720540618896484375e+01
2.501370999999999913e+04 1.260934352874755859e+01
2.501379300000000148e+04 4.951445758342742920e-02
2.501387600000000020e+04 0.000000000000000000e+00
2.501395899999999892e+04 0.000000000000000000e+00
2.501404200000000128e+04 0.000000000000000000e+00
2.501412500000000000e+04 0.000000000000000000e+00
2.501420799999999872e+04 0.000000000000000000e+00
2.501429100000000108e+04 0.000000000000000000e+00
2.501437399999999980e+04 0.000000000000000000e+00
2.501445699999999852e+04 1.890096306800842285e+00
2.501454000000000087e+04 1.360231876373291016e+01
2.501462299999999959e+04 2.729195404052734375e+01
2.501470599999999831e+04 1.263782119750976562e+01
2.501478900000000067e+04 4.990515857934951782e-02
2.501487199999999939e+04 0.000000000000000000e+00
2.501495500000000175e+04 0.000000000000000000e+00
2.501503800000000047e+04 0.000000000000000000e+00
2.501512099999999919e+04 0.000000000000000000e+00
2.501520400000000154e+04 0.000000000000000000e+00
2.501528700000000026e+04 0.000000000000000000e+00
2.501536999999999898e+04 0.000000000000000000e+00
2.501545300000000134e+04 1.891008853912353516e+00
2.501553600000000006e+04 1.361187362670898438e+01
2.501561899999999878e+04 2.731005477905273438e+01
2.501570200000000114e+04 1.264703464508056641e+01
2.501578499999999985e+04 5.027665570378303528e-02
2.501586799999999857e+04 0.000000000000000000e+00
2.501595100000000093e+04 0.000000000000000000e+00
2.501603399999999965e+04 0.000000000000000000e+00
2.501611699999999837e+04 0.000000000000000000e+00
2.501620000000000073e+04 0.000000000000000000e+00
2.501628299999999945e+04 0.000000000000000000e+00
2.501636600000000180e+04 0.000000000000000000e+00
2.501644900000000052e+04 1.891908168792724609e+00
2.501653199999999924e+04 1.363908958435058594e+01
2.501661500000000160e+04 2.734865188598632812e+01
2.501669800000000032e+04 1.699308967590332031e+01
2.501678099999999904e+04 1.707317680120468140e-01
2.501686400000000140e+04 0.000000000000000000e+00
2.501694700000000012e+04 0.000000000000000000e+00
2.501702999999999884e+04 0.000000000000000000e+00
2.501711300000000119e+04 0.000000000000000000e+00
2.501719599999999991e+04 0.000000000000000000e+00
2.501727899999999863e+04 0.000000000000000000e+00
2.501736200000000099e+04 0.000000000000000000e+00
2.501744499999999971e+04 7.059295773506164551e-01
2.501752799999999843e+04 9.962331771850585938e+00
2.501761100000000079e+04 2.807897949218750000e+01
2.501769399999999951e+04 1.676669692993164062e+01
2.501777699999999822e+04 1.713639348745346069e-01
2.501786000000000058e+04 0.000000000000000000e+00
2.501794299999999930e+04 0.000000000000000000e+00
2.501802600000000166e+04 0.000000000000000000e+00
2.501810900000000038e+04 0.000000000000000000e+00
2.501819199999999910e+04 0.000000000000000000e+00
2.501827500000000146e+04 0.000000000000000000e+00
2.501835800000000017e+04 0.000000000000000000e+00
2.501844099999999889e+04 0.000000000000000000e+00
2.501852400000000125e+04 9.867799758911132812e+00
2.501860699999999997e+04 2.799774742126464844e+01
2.501868999999999869e+04 1.678130340576171875e+01
2.501877300000000105e+04 1.719880402088165283e-01
2.501885599999999977e+04 0.000000000000000000e+00
2.501893899999999849e+04 0.000000000000000000e+00
2.501902200000000084e+04 0.000000000000000000e+00
2.501910499999999956e+04 0.000000000000000000e+00
2.501918799999999828e+04 0.000000000000000000e+00
2.501927100000000064e+04 0.000000000000000000e+00
2.501935399999999936e+04 0.000000000000000000e+00
2.501943700000000172e+04 0.000000000000000000e+00
2.501952000000000044e+04 9.874157905578613281e+00
2.501960299999999916e+04 2.801795005798339844e+01
2.501968600000000151e+04 1.679259872436523438e+01
2.501976900000000023e+04 1.726046651601791382e-01
2.501985199999999895e+04 0.000000000000000000e+00
2.501993500000000131e+04 0.000000000000000000e+00
