2.500009800000000178e+04 7.730917930603027344e+00
2.500018100000000049e+04 7.569320678710937500e+00
2.500026399999999921e+04 7.433523178100585938e+00
2.500034700000000157e+04 7.287161350250244141e+00
2.500043000000000029e+04 7.237969875335693359e+00
2.500051299999999901e+04 7.550772666931152344e+00
2.500059600000000137e+04 8.251764297485351562e+00
2.500067900000000009e+04 8.313556671142578125e+00
2.500076199999999881e+04 8.316740989685058594e+00
2.500084500000000116e+04 8.311535835266113281e+00
2.500092799999999988e+04 8.129388809204101562e+00
2.500101099999999860e+04 7.914668560028076172e+00
2.500109400000000096e+04 7.718893051147460938e+00
2.500117699999999968e+04 7.564574718475341797e+00
2.500125999999999840e+04 7.412335395812988281e+00
2.500134300000000076e+04 7.269071102142333984e+00
2.500142599999999948e+04 7.135476112365722656e+00
2.500150899999999820e+04 7.415894031524658203e+00
2.500159200000000055e+04 8.221805572509765625e+00
2.500167499999999927e+04 8.311444282531738281e+00
2.500175800000000163e+04 8.316899299621582031e+00
2.500184100000000035e+04 8.314194679260253906e+00
2.500192399999999907e+04 8.144069671630859375e+00
2.500200700000000143e+04 7.918386936187744141e+00
2.500209000000000015e+04 7.723484039306640625e+00
2.500217299999999886e+04 7.552783489227294922e+00
2.500225600000000122e+04 7.416169643402099609e+00
2.500233899999999994e+04 7.273601531982421875e+00
2.500242199999999866e+04 7.150336742401123047e+00
2.500250500000000102e+04 7.432509899139404297e+00
2.500258799999999974e+04 8.228037834167480469e+00
2.500267099999999846e+04 8.323329925537109375e+00
2.500275400000000081e+04 8.326829910278320312e+00
2.500283699999999953e+04 8.320930480957031250e+00
2.500291999999999825e+04 8.161547660827636719e+00
2.500300300000000061e+04 7.928934097290039062e+00
2.500308599999999933e+04 7.743707180023193359e+00
2.500316900000000169e+04 7.572703361511230469e+00
2.500325200000000041e+04 7.420071601867675781e+00
2.500333499999999913e+04 7.282167911529541016e+00
2.500341800000000148e+04 7.146068572998046875e+00
2.500350100000000020e+04 7.435790061950683594e+00
2.500358399999999892e+04 8.262848854064941406e+00
2.500366700000000128e+04 8.329241752624511719e+00
2.500375000000000000e+04 8.332324028015136719e+00
2.500383299999999872e+04 8.321369171142578125e+00
2.500391600000000108e+04 8.164710998535156250e+00
2.500399899999999980e+04 7.927037239074707031e+00
2.500408199999999852e+04 7.734328269958496094e+00
2.500416500000000087e+04 7.562188625335693359e+00
2.500424799999999959e+04 7.421430587768554688e+00
2.500433099999999831e+04 7.282867431640625000e+00
2.500441400000000067e+04 7.146781444549560547e+00
2.500449699999999939e+04 7.445072650909423828e+00
2.500458000000000175e+04 8.238943099975585938e+00
2.500466300000000047e+04 8.323663711547851562e+00
2.500474599999999919e+04 8.330564498901367188e+00
2.500482900000000154e+04 8.329562187194824219e+00
2.500491200000000026e+04 8.194610595703125000e+00
2.500499499999999898e+04 7.910450935363769531e+00
2.500507800000000134e+04 7.747487545013427734e+00
2.500516100000000006e+04 7.591207027435302734e+00
2.500524399999999878e+04 7.430967330932617188e+00
2.500532700000000114e+04 7.273962974548339844e+00
2.500540999999999985e+04 7.141724109649658203e+00
2.500549299999999857e+04 7.350259304046630859e+00
2.500557600000000093e+04 8.226886749267578125e+00
2.500565899999999965e+04 8.332626342773437500e+00
2.500574199999999837e+04 8.337298393249511719e+00
2.500582500000000073e+04 8.338006973266601562e+00
2.500590799999999945e+04 8.199833869934082031e+00
2.500599100000000180e+04 7.929632663726806641e+00
2.500607400000000052e+04 7.748464107513427734e+00
2.500615699999999924e+04 7.557621479034423828e+00
2.500624000000000160e+04 7.429635047912597656e+00
2.500632300000000032e+04 7.282100200653076172e+00
2.500640599999999904e+04 7.143140792846679688e+00
2.500648900000000140e+04 7.346879959106445312e+00
2.500657200000000012e+04 8.229072570800781250e+00
2.500665499999999884e+04 8.343705177307128906e+00
2.500673800000000119e+04 8.346228599548339844e+00
2.500682099999999991e+04 8.338437080383300781e+00
2.500690399999999863e+04 8.174572944641113281e+00
2.500698700000000099e+04 7.920345306396484375e+00
2.500706999999999971e+04 7.756566047668457031e+00
2.500715299999999843e+04 7.565625667572021484e+00
2.500723600000000079e+04 7.426651000976562500e+00
2.500731899999999951e+04 7.283438205718994141e+00
2.500740199999999822e+04 7.144327640533447266e+00
2.500748500000000058e+04 7.355275630950927734e+00
2.500756799999999930e+04 8.241105079650878906e+00
2.500765100000000166e+04 8.340331077575683594e+00
2.500773400000000038e+04 8.345138549804687500e+00
2.500781699999999910e+04 8.347405433654785156e+00
2.500790000000000146e+04 8.207277297973632812e+00
2.500798300000000017e+04 7.943381786346435547e+00
2.500806599999999889e+04 7.747367382049560547e+00
2.500814900000000125e+04 7.583637714385986328e+00
2.500823199999999997e+04 7.427181720733642578e+00
2.500831499999999869e+04 7.272943019866943359e+00
2.500839800000000105e+04 7.152135848999023438e+00
2.500848099999999977e+04 7.347334861755371094e+00
2.500856399999999849e+04 8.239448547363281250e+00
2.500864700000000084e+04 8.346656799316406250e+00
2.500872999999999956e+04 8.356475830078125000e+00
2.500881299999999828e+04 8.355762481689453125e+00
2.500889600000000064e+04 8.284195899963378906e+00
2.500897899999999936e+04 8.050087928771972656e+00
2.500906200000000172e+04 7.853745937347412109e+00
2.500914500000000044e+04 7.678401947021484375e+00
2.500922799999999916e+04 7.540452480316162109e+00
2.500931100000000151e+04 7.380856513977050781e+00
2.500939400000000023e+04 7.243256568908691406e+00
2.500947699999999895e+04 7.364705562591552734e+00
2.500956000000000131e+04 8.210887908935546875e+00
2.500964300000000003e+04 8.351205825805664062e+00
2.500972599999999875e+04 8.362520217895507812e+00
2.500980900000000111e+04 8.357313156127929688e+00
2.500989199999999983e+04 8.284592628479003906e+00
2.500997499999999854e+04 8.060294151306152344e+00
2.501005800000000090e+04 7.878182411193847656e+00
2.501014099999999962e+04 7.682156562805175781e+00
2.501022399999999834e+04 7.507954597473144531e+00
2.501030700000000070e+04 7.373528003692626953e+00
2.501038999999999942e+04 7.237337112426757812e+00
2.501047300000000178e+04 7.355600833892822266e+00
2.501055600000000049e+04 8.235872268676757812e+00
2.501063899999999921e+04 8.349327087402343750e+00
2.501072200000000157e+04 8.361752510070800781e+00
2.501080500000000029e+04 8.350336074829101562e+00
2.501088799999999901e+04 8.284448623657226562e+00
2.501097100000000137e+04 8.039375305175781250e+00
2.501105400000000009e+04 7.858657360076904297e+00
2.501113699999999881e+04 7.668514728546142578e+00
2.501122000000000116e+04 7.532095432281494141e+00
2.501130299999999988e+04 7.378035068511962891e+00
2.501138599999999860e+04 7.245761394500732422e+00
2.501146900000000096e+04 7.352246284484863281e+00
2.501155199999999968e+04 8.233109474182128906e+00
2.501163499999999840e+04 8.344613075256347656e+00
2.501171800000000076e+04 8.358245849609375000e+00
2.501180099999999948e+04 8.355886459350585938e+00
2.501188399999999820e+04 8.288161277770996094e+00
2.501196700000000055e+04 8.046905517578125000e+00
2.501204999999999927e+04 7.856678485870361328e+00
2.501213300000000163e+04 7.685825347900390625e+00
2.501221600000000035e+04 7.523875713348388672e+00
2.501229899999999907e+04 7.382459640502929688e+00
2.501238200000000143e+04 7.241566181182861328e+00
2.501246500000000015e+04 7.364024162292480469e+00
2.501254799999999886e+04 8.238953590393066406e+00
2.501263100000000122e+04 8.355640411376953125e+00
2.501271399999999994e+04 8.360971450805664062e+00
2.501279699999999866e+04 8.363218307495117188e+00
2.501288000000000102e+04 8.342391967773437500e+00
2.501296299999999974e+04 8.126707077026367188e+00
2.501304599999999846e+04 7.934174537658691406e+00
2.501312900000000081e+04 7.759665012359619141e+00
2.501321199999999953e+04 7.586884498596191406e+00
2.501329499999999825e+04 7.441309928894042969e+00
2.501337800000000061e+04 7.302587509155273438e+00
2.501346099999999933e+04 7.333144187927246094e+00
2.501354400000000169e+04 8.191492080688476562e+00
2.501362700000000041e+04 8.357578277587890625e+00
2.501370999999999913e+04 8.365262985229492188e+00
2.501379300000000148e+04 8.366092681884765625e+00
2.501387600000000020e+04 8.341820716857910156e+00
2.501395899999999892e+04 8.146428108215332031e+00
2.501404200000000128e+04 7.946298122406005859e+00
2.501412500000000000e+04 7.747091293334960938e+00
2.501420799999999872e+04 7.583744525909423828e+00
2.501429100000000108e+04 7.434978961944580078e+00
2.501437399999999980e+04 7.299997806549072266e+00
2.501445699999999852e+04 7.339241027832031250e+00
2.501454000000000087e+04 8.196739196777343750e+00
2.501462299999999959e+04 8.356534004211425781e+00
2.501470599999999831e+04 8.373739242553710938e+00
2.501478900000000067e+04 8.374933242797851562e+00
2.501487199999999939e+04 8.345417022705078125e+00
2.501495500000000175e+04 8.120779991149902344e+00
2.501503800000000047e+04 7.944776535034179688e+00
2.501512099999999919e+04 7.750690937042236328e+00
2.501520400000000154e+04 7.600554466247558594e+00
2.501528700000000026e+04 7.436093330383300781e+00
2.501536999999999898e+04 7.312332153320312500e+00
2.501545300000000134e+04 7.340105533599853516e+00
2.501553600000000006e+04 8.198420524597167969e+00
2.501561899999999878e+04 8.365647315979003906e+00
2.501570200000000114e+04 8.374423980712890625e+00
2.501578499999999985e+04 8.374317169189453125e+00
2.501586799999999857e+04 8.345524787902832031e+00
2.501595100000000093e+04 8.116140365600585938e+00
2.501603399999999965e+04 7.947114944458007812e+00
2.501611699999999837e+04 7.767632007598876953e+00
2.501620000000000073e+04 7.608871459960937500e+00
2.501628299999999945e+04 7.451740264892578125e+00
2.501636600000000180e+04 7.300713062286376953e+00
2.501644900000000052e+04 7.350490570068359375e+00
2.501653199999999924e+04 8.208741188049316406e+00
2.501661500000000160e+04 8.375145912170410156e+00
2.501669800000000032e+04 8.379304885864257812e+00
2.501678099999999904e+04 8.381817817687988281e+00
2.501686400000000140e+04 8.363420486450195312e+00
2.501694700000000012e+04 8.180647850036621094e+00
2.501702999999999884e+04 7.971333980560302734e+00
2.501711300000000119e+04 7.776865959167480469e+00
2.501719599999999991e+04 7.623816490173339844e+00
2.501727899999999863e+04 7.472301483154296875e+00
2.501736200000000099e+04 7.326809406280517578e+00
2.501744499999999971e+04 7.360706806182861328e+00
2.501752799999999843e+04 8.102986335754394531e+00
2.501761100000000079e+04 8.350545883178710938e+00
2.501769399999999951e+04 8.385483741760253906e+00
2.501777699999999822e+04 8.387475013732910156e+00
2.501786000000000058e+04 8.370881080627441406e+00
2.501794299999999930e+04 8.183180809020996094e+00
2.501802600000000166e+04 7.964459419250488281e+00
2.501810900000000038e+04 7.796483516693115234e+00
2.501819199999999910e+04 7.629775524139404297e+00
2.501827500000000146e+04 7.471194267272949219e+00
2.501835800000000017e+04 7.331364154815673828e+00
2.501844099999999889e+04 7.290175437927246094e+00
2.501852400000000125e+04 8.017905235290527344e+00
2.501860699999999997e+04 8.355776786804199219e+00
2.501868999999999869e+04 8.388534545898437500e+00
2.501877300000000105e+04 8.389189720153808594e+00
2.501885599999999977e+04 8.373808860778808594e+00
2.501893899999999849e+04 8.187760353088378906e+00
2.501902200000000084e+04 7.992600440979003906e+00
2.501910499999999956e+04 7.786124706268310547e+00
2.501918799999999828e+04 7.625555038452148438e+00
2.501927100000000064e+04 7.483510971069335938e+00
2.501935399999999936e+04 7.333786010742187500e+00
2.501943700000000172e+04 7.285300731658935547e+00
2.501952000000000044e+04 8.033743858337402344e+00
2.501960299999999916e+04 8.361288070678710938e+00
2.501968600000000151e+04 8.394553184509277344e+00
2.501976900000000023e+04 8.396696090698242188e+00
2.501985199999999895e+04 8.384038925170898438e+00
2.501993500000000131e+04 8.196583747863769531e+00
