2.500009800000000178e+04 3.736015319824218750e+00
2.500018100000000049e+04 3.713392496109008789e+00
2.500026399999999921e+04 3.691746234893798828e+00
2.500034700000000157e+04 3.668862104415893555e+00
2.500043000000000029e+04 3.657748937606811523e+00
2.500051299999999901e+04 3.696777105331420898e+00
2.500059600000000137e+04 3.787628412246704102e+00
2.500067900000000009e+04 3.794238090515136719e+00
2.500076199999999881e+04 3.795284748077392578e+00
2.500084500000000116e+04 3.796381711959838867e+00
2.500092799999999988e+04 3.780192613601684570e+00
2.500101099999999860e+04 3.757592201232910156e+00
2.500109400000000096e+04 3.733717679977416992e+00
2.500117699999999968e+04 3.713488340377807617e+00
2.500125999999999840e+04 3.690930843353271484e+00
2.500134300000000076e+04 3.667825937271118164e+00
2.500142599999999948e+04 3.643160343170166016e+00
2.500150899999999820e+04 3.680615901947021484e+00
2.500159200000000055e+04 3.784681797027587891e+00
2.500167499999999927e+04 3.795599222183227539e+00
2.500175800000000163e+04 3.796727895736694336e+00
2.500184100000000035e+04 3.797934293746948242e+00
2.500192399999999907e+04 3.781840801239013672e+00
2.500200700000000143e+04 3.759253263473510742e+00
2.500209000000000015e+04 3.736608028411865234e+00
2.500217299999999886e+04 3.713786840438842773e+00
2.500225600000000122e+04 3.692242383956909180e+00
2.500233899999999994e+04 3.669364690780639648e+00
2.500242199999999866e+04 3.646468877792358398e+00
2.500250500000000102e+04 3.682658433914184570e+00
2.500258799999999974e+04 3.786384820938110352e+00
2.500267099999999846e+04 3.797830820083618164e+00
2.500275400000000081e+04 3.798818349838256836e+00
2.500283699999999953e+04 3.799837112426757812e+00
2.500291999999999825e+04 3.785269975662231445e+00
2.500300300000000061e+04 3.761224031448364258e+00
2.500308599999999933e+04 3.739965677261352539e+00
2.500316900000000169e+04 3.717460393905639648e+00
2.500325200000000041e+04 3.694336414337158203e+00
2.500333499999999913e+04 3.671075582504272461e+00
2.500341800000000148e+04 3.648080110549926758e+00
2.500350100000000020e+04 3.684293270111083984e+00
2.500358399999999892e+04 3.791005134582519531e+00
2.500366700000000128e+04 3.799450159072875977e+00
2.500375000000000000e+04 3.800443410873413086e+00
2.500383299999999872e+04 3.801470279693603516e+00
2.500391600000000108e+04 3.786905288696289062e+00
2.500399899999999980e+04 3.762853384017944336e+00
2.500408199999999852e+04 3.739920377731323242e+00
2.500416500000000087e+04 3.717007398605346680e+00
2.500424799999999959e+04 3.695514678955078125e+00
2.500433099999999831e+04 3.672554492950439453e+00
2.500441400000000067e+04 3.649629592895507812e+00
2.500449699999999939e+04 3.685907602310180664e+00
2.500458000000000175e+04 3.789680957794189453e+00
2.500466300000000047e+04 3.800561189651489258e+00
2.500474599999999919e+04 3.801673650741577148e+00
2.500482900000000154e+04 3.802989482879638672e+00
2.500491200000000026e+04 3.789659500122070312e+00
2.500499499999999898e+04 3.760679721832275391e+00
2.500507800000000134e+04 3.741039752960205078e+00
2.500516100000000006e+04 3.721246242523193359e+00
2.500524399999999878e+04 3.696533441543579102e+00
2.500532700000000114e+04 3.672875642776489258e+00
2.500540999999999985e+04 3.649698019027709961e+00
2.500549299999999857e+04 3.674033880233764648e+00
2.500557600000000093e+04 3.789946794509887695e+00
2.500565899999999965e+04 3.802718400955200195e+00
2.500574199999999837e+04 3.803694725036621094e+00
2.500582500000000073e+04 3.804828405380249023e+00
2.500590799999999945e+04 3.791360378265380859e+00
2.500599100000000180e+04 3.763380527496337891e+00
2.500607400000000052e+04 3.742879867553710938e+00
2.500615699999999924e+04 3.717551708221435547e+00
2.500624000000000160e+04 3.698940515518188477e+00
2.500632300000000032e+04 3.674583196640014648e+00
2.500640599999999904e+04 3.651234626770019531e+00
2.500648900000000140e+04 3.675563097000122070e+00
2.500657200000000012e+04 3.791534423828125000e+00
2.500665499999999884e+04 3.804309844970703125e+00
2.500673800000000119e+04 3.805286169052124023e+00
2.500682099999999991e+04 3.806421756744384766e+00
2.500690399999999863e+04 3.790483474731445312e+00
2.500698700000000099e+04 3.764621019363403320e+00
2.500706999999999971e+04 3.744363069534301758e+00
2.500715299999999843e+04 3.720384359359741211e+00
2.500723600000000079e+04 3.698662519454956055e+00
2.500731899999999951e+04 3.675686120986938477e+00
2.500740199999999822e+04 3.652645826339721680e+00
2.500748500000000058e+04 3.677078962326049805e+00
2.500756799999999930e+04 3.793126583099365234e+00
2.500765100000000166e+04 3.805907726287841797e+00
2.500773400000000038e+04 3.806883811950683594e+00
2.500781699999999910e+04 3.808020114898681641e+00
2.500790000000000146e+04 3.794554471969604492e+00
2.500798300000000017e+04 3.766550302505493164e+00
2.500806599999999889e+04 3.744413852691650391e+00
2.500814900000000125e+04 3.723286628723144531e+00
2.500823199999999997e+04 3.700597047805786133e+00
2.500831499999999869e+04 3.675540208816528320e+00
2.500839800000000105e+04 3.653783798217773438e+00
2.500848099999999977e+04 3.678543567657470703e+00
2.500856399999999849e+04 3.794716835021972656e+00
2.500864700000000084e+04 3.807504892349243164e+00
2.500872999999999956e+04 3.808956146240234375e+00
2.500881299999999828e+04 3.810000658035278320e+00
2.500889600000000064e+04 3.805650949478149414e+00
2.500897899999999936e+04 3.784392833709716797e+00
2.500906200000000172e+04 3.761969566345214844e+00
2.500914500000000044e+04 3.739162683486938477e+00
2.500922799999999916e+04 3.719862222671508789e+00
2.500931100000000151e+04 3.695205688476562500e+00
2.500939400000000023e+04 3.671670913696289062e+00
2.500947699999999895e+04 3.684235095977783203e+00
2.500956000000000131e+04 3.792465686798095703e+00
2.500964300000000003e+04 3.809341907501220703e+00
2.500972599999999875e+04 3.810225725173950195e+00
2.500980900000000111e+04 3.811410188674926758e+00
2.500989199999999983e+04 3.807182788848876953e+00
2.500997499999999854e+04 3.785989046096801758e+00
2.501005800000000090e+04 3.765201568603515625e+00
2.501014099999999962e+04 3.737014055252075195e+00
2.501022399999999834e+04 3.711459636688232422e+00
2.501030700000000070e+04 3.689383983612060547e+00
2.501038999999999942e+04 3.666474342346191406e+00
2.501047300000000178e+04 3.679170846939086914e+00
2.501055600000000049e+04 3.791544437408447266e+00
2.501063899999999921e+04 3.804527997970581055e+00
2.501072200000000157e+04 3.805681943893432617e+00
2.501080500000000029e+04 3.806559562683105469e+00
2.501088799999999901e+04 3.802129268646240234e+00
2.501097100000000137e+04 3.778754234313964844e+00
2.501105400000000009e+04 3.759549140930175781e+00
2.501113699999999881e+04 3.734546899795532227e+00
2.501122000000000116e+04 3.716002464294433594e+00
2.501130299999999988e+04 3.691629171371459961e+00
2.501138599999999860e+04 3.668179988861083984e+00
2.501146900000000096e+04 3.680777788162231445e+00
2.501155199999999968e+04 3.793140888214111328e+00
2.501163499999999840e+04 3.805651664733886719e+00
2.501171800000000076e+04 3.807008504867553711e+00
2.501180099999999948e+04 3.808002948760986328e+00
2.501188399999999820e+04 3.803677320480346680e+00
2.501196700000000055e+04 3.781253814697265625e+00
2.501204999999999927e+04 3.759801864624023438e+00
2.501213300000000163e+04 3.738810062408447266e+00
2.501221600000000035e+04 3.716164112091064453e+00
2.501229899999999907e+04 3.692860603332519531e+00
2.501238200000000143e+04 3.669658660888671875e+00
2.501246500000000015e+04 3.682338953018188477e+00
2.501254799999999886e+04 3.794734716415405273e+00
2.501263100000000122e+04 3.807715654373168945e+00
2.501271399999999994e+04 3.808869361877441406e+00
2.501279699999999866e+04 3.809851646423339844e+00
2.501288000000000102e+04 3.810111284255981445e+00
2.501296299999999974e+04 3.791553735733032227e+00
2.501304599999999846e+04 3.769620895385742188e+00
2.501312900000000081e+04 3.748558759689331055e+00
2.501321199999999953e+04 3.725880622863769531e+00
2.501329499999999825e+04 3.702547550201416016e+00
2.501337800000000061e+04 3.679351091384887695e+00
2.501346099999999933e+04 3.680147171020507812e+00
2.501354400000000169e+04 3.791409492492675781e+00
2.501362700000000041e+04 3.809424400329589844e+00
2.501370999999999913e+04 3.810725212097167969e+00
2.501379300000000148e+04 3.811609029769897461e+00
2.501387600000000020e+04 3.811794281005859375e+00
2.501395899999999892e+04 3.794567346572875977e+00
2.501404200000000128e+04 3.773190021514892578e+00
2.501412500000000000e+04 3.748891353607177734e+00
2.501420799999999872e+04 3.725522279739379883e+00
2.501429100000000108e+04 3.702123403549194336e+00
2.501437399999999980e+04 3.680472135543823242e+00
2.501445699999999852e+04 3.681652545928955078e+00
2.501454000000000087e+04 3.793003797531127930e+00
2.501462299999999959e+04 3.811026334762573242e+00
2.501470599999999831e+04 3.812325716018676758e+00
2.501478900000000067e+04 3.813210010528564453e+00
2.501487199999999939e+04 3.813396215438842773e+00
2.501495500000000175e+04 3.793745517730712891e+00
2.501503800000000047e+04 3.774189710617065430e+00
2.501512099999999919e+04 3.750370025634765625e+00
2.501520400000000154e+04 3.728747129440307617e+00
2.501528700000000026e+04 3.703989505767822266e+00
2.501536999999999898e+04 3.682114601135253906e+00
2.501545300000000134e+04 3.683262825012207031e+00
2.501553600000000006e+04 3.794610500335693359e+00
2.501561899999999878e+04 3.812626838684082031e+00
2.501570200000000114e+04 3.813926219940185547e+00
2.501578499999999985e+04 3.814512252807617188e+00
2.501586799999999857e+04 3.814888238906860352e+00
2.501595100000000093e+04 3.794549226760864258e+00
2.501603399999999965e+04 3.775589942932128906e+00
2.501611699999999837e+04 3.753634452819824219e+00
2.501620000000000073e+04 3.730790853500366211e+00
2.501628299999999945e+04 3.707413911819458008e+00
2.501636600000000180e+04 3.682350397109985352e+00
2.501644900000000052e+04 3.684542894363403320e+00
2.501653199999999924e+04 3.796173095703125000e+00
2.501661500000000160e+04 3.814226627349853516e+00
2.501669800000000032e+04 3.815527200698852539e+00
2.501678099999999904e+04 3.816190242767333984e+00
2.501686400000000140e+04 3.816901922225952148e+00
2.501694700000000012e+04 3.800000667572021484e+00
2.501702999999999884e+04 3.777076959609985352e+00
2.501711300000000119e+04 3.754221916198730469e+00
2.501719599999999991e+04 3.732827901840209961e+00
2.501727899999999863e+04 3.709785699844360352e+00
2.501736200000000099e+04 3.686590433120727539e+00
2.501744499999999971e+04 3.687338352203369141e+00
2.501752799999999843e+04 3.789740085601806641e+00
2.501761100000000079e+04 3.814254045486450195e+00
2.501769399999999951e+04 3.817092418670654297e+00
2.501777699999999822e+04 3.817797183990478516e+00
2.501786000000000058e+04 3.818577051162719727e+00
2.501794299999999930e+04 3.801703214645385742e+00
2.501802600000000166e+04 3.778778791427612305e+00
2.501810900000000038e+04 3.757572889328002930e+00
2.501819199999999910e+04 3.734906911849975586e+00
2.501827500000000146e+04 3.711633443832397461e+00
2.501835800000000017e+04 3.688277721405029297e+00
2.501844099999999889e+04 3.677144765853881836e+00
2.501852400000000125e+04 3.780661582946777344e+00
2.501860699999999997e+04 3.815788030624389648e+00
2.501868999999999869e+04 3.818707704544067383e+00
2.501877300000000105e+04 3.819414138793945312e+00
2.501885599999999977e+04 3.820193290710449219e+00
2.501893899999999849e+04 3.803309440612792969e+00
2.501902200000000084e+04 3.782054185867309570e+00
2.501910499999999956e+04 3.757806539535522461e+00
2.501918799999999828e+04 3.736160993576049805e+00
2.501927100000000064e+04 3.713124752044677734e+00
2.501935399999999936e+04 3.689819812774658203e+00
2.501943700000000172e+04 3.678705453872680664e+00
2.501952000000000044e+04 3.782328367233276367e+00
2.501960299999999916e+04 3.817403078079223633e+00
2.501968600000000151e+04 3.820318460464477539e+00
2.501976900000000023e+04 3.821026086807250977e+00
2.501985199999999895e+04 3.821645736694335938e+00
2.501993500000000131e+04 3.804904937744140625e+00
