2.500009800000000178e+04 7.720798339843750000e+02
2.500018100000000049e+04 7.720889892578125000e+02
2.500026399999999921e+04 7.720999145507812500e+02
2.500034700000000157e+04 7.721115112304687500e+02
2.500043000000000029e+04 7.721216430664062500e+02
2.500051299999999901e+04 7.721169433593750000e+02
2.500059600000000137e+04 7.721011352539062500e+02
2.500067900000000009e+04 7.720880126953125000e+02
2.500076199999999881e+04 7.720996704101562500e+02
2.500084500000000116e+04 7.721067504882812500e+02
2.500092799999999988e+04 7.721132812500000000e+02
2.500101099999999860e+04 7.721209106445312500e+02
2.500109400000000096e+04 7.721289062500000000e+02
2.500117699999999968e+04 7.721376342773437500e+02
2.500125999999999840e+04 7.721481323242187500e+02
2.500134300000000076e+04 7.721595458984375000e+02
2.500142599999999948e+04 7.721700439453125000e+02
2.500150899999999820e+04 7.721687011718750000e+02
2.500159200000000055e+04 7.721537475585937500e+02
2.500167499999999927e+04 7.721392211914062500e+02
2.500175800000000163e+04 7.721494750976562500e+02
2.500184100000000035e+04 7.721561279296875000e+02
2.500192399999999907e+04 7.721621704101562500e+02
2.500200700000000143e+04 7.721692504882812500e+02
2.500209000000000015e+04 7.721766357421875000e+02
2.500217299999999886e+04 7.721846923828125000e+02
2.500225600000000122e+04 7.721945800781250000e+02
2.500233899999999994e+04 7.722053833007812500e+02
2.500242199999999866e+04 7.722151489257812500e+02
2.500250500000000102e+04 7.722126464843750000e+02
2.500258799999999974e+04 7.721966552734375000e+02
2.500267099999999846e+04 7.721810913085937500e+02
2.500275400000000081e+04 7.721903076171875000e+02
2.500283699999999953e+04 7.721963500976562500e+02
2.500291999999999825e+04 7.722017822265625000e+02
2.500300300000000061e+04 7.722082519531250000e+02
2.500308599999999933e+04 7.722150268554687500e+02
2.500316900000000169e+04 7.722224731445312500e+02
2.500325200000000041e+04 7.722316894531250000e+02
2.500333499999999913e+04 7.722418823242187500e+02
2.500341800000000148e+04 7.722510986328125000e+02
2.500350100000000020e+04 7.722475585937500000e+02
2.500358399999999892e+04 7.722307128906250000e+02
2.500366700000000128e+04 7.722142944335937500e+02
2.500375000000000000e+04 7.722227783203125000e+02
2.500383299999999872e+04 7.722284545898437500e+02
2.500391600000000108e+04 7.722335205078125000e+02
2.500399899999999980e+04 7.722395629882812500e+02
2.500408199999999852e+04 7.722459106445312500e+02
2.500416500000000087e+04 7.722528686523437500e+02
2.500424799999999959e+04 7.722616577148437500e+02
2.500433099999999831e+04 7.722713623046875000e+02
2.500441400000000067e+04 7.722801513671875000e+02
2.500449699999999939e+04 7.722757568359375000e+02
2.500458000000000175e+04 7.722581787109375000e+02
2.500466300000000047e+04 7.722375488281250000e+02
2.500474599999999919e+04 7.722402343750000000e+02
2.500482900000000154e+04 7.722452392578125000e+02
2.500491200000000026e+04 7.722493286132812500e+02
2.500499499999999898e+04 7.722542114257812500e+02
2.500507800000000134e+04 7.722595825195312500e+02
2.500516100000000006e+04 7.722655639648437500e+02
2.500524399999999878e+04 7.722731933593750000e+02
2.500532700000000114e+04 7.722819213867187500e+02
2.500540999999999985e+04 7.722901000976562500e+02
2.500549299999999857e+04 7.722871704101562500e+02
2.500557600000000093e+04 7.722734375000000000e+02
2.500565899999999965e+04 7.722522583007812500e+02
2.500574199999999837e+04 7.722546386718750000e+02
2.500582500000000073e+04 7.722597045898437500e+02
2.500590799999999945e+04 7.722636718750000000e+02
2.500599100000000180e+04 7.722683715820312500e+02
2.500607400000000052e+04 7.722734985351562500e+02
2.500615699999999924e+04 7.722792968750000000e+02
2.500624000000000160e+04 7.722866210937500000e+02
2.500632300000000032e+04 7.722951049804687500e+02
2.500640599999999904e+04 7.723029785156250000e+02
2.500648900000000140e+04 7.722996215820312500e+02
2.500657200000000012e+04 7.722855224609375000e+02
2.500665499999999884e+04 7.722639160156250000e+02
2.500673800000000119e+04 7.722658081054687500e+02
2.500682099999999991e+04 7.722706909179687500e+02
2.500690399999999863e+04 7.722745361328125000e+02
2.500698700000000099e+04 7.722790527343750000e+02
2.500706999999999971e+04 7.722839965820312500e+02
2.500715299999999843e+04 7.722896118164062500e+02
2.500723600000000079e+04 7.722967529296875000e+02
2.500731899999999951e+04 7.723049926757812500e+02
2.500740199999999822e+04 7.723126220703125000e+02
2.500748500000000058e+04 7.723088989257812500e+02
2.500756799999999930e+04 7.722943725585937500e+02
2.500765100000000166e+04 7.722723999023437500e+02
2.500773400000000038e+04 7.722739257812500000e+02
2.500781699999999910e+04 7.722786865234375000e+02
2.500790000000000146e+04 7.722824707031250000e+02
2.500798300000000017e+04 7.722868041992187500e+02
2.500806599999999889e+04 7.722916259765625000e+02
2.500814900000000125e+04 7.722969970703125000e+02
2.500823199999999997e+04 7.723039550781250000e+02
2.500831499999999869e+04 7.723120117187500000e+02
2.500839800000000105e+04 7.723194580078125000e+02
2.500848099999999977e+04 7.723155517578125000e+02
2.500856399999999849e+04 7.723005981445312500e+02
2.500864700000000084e+04 7.722746582031250000e+02
2.500872999999999956e+04 7.722709960937500000e+02
2.500881299999999828e+04 7.722776489257812500e+02
2.500889600000000064e+04 7.722814941406250000e+02
2.500897899999999936e+04 7.722856445312500000e+02
2.500906200000000172e+04 7.722902832031250000e+02
2.500914500000000044e+04 7.722954711914062500e+02
2.500922799999999916e+04 7.723019409179687500e+02
2.500931100000000151e+04 7.723096923828125000e+02
2.500939400000000023e+04 7.723171997070312500e+02
2.500947699999999895e+04 7.723158569335937500e+02
2.500956000000000131e+04 7.723086547851562500e+02
2.500964300000000003e+04 7.722824707031250000e+02
2.500972599999999875e+04 7.722785644531250000e+02
2.500980900000000111e+04 7.722849731445312500e+02
2.500989199999999983e+04 7.722886352539062500e+02
2.500997499999999854e+04 7.722926025390625000e+02
2.501005800000000090e+04 7.722971191406250000e+02
2.501014099999999962e+04 7.723020629882812500e+02
2.501022399999999834e+04 7.723083496093750000e+02
2.501030700000000070e+04 7.723159179687500000e+02
2.501038999999999942e+04 7.723231811523437500e+02
2.501047300000000178e+04 7.723215332031250000e+02
2.501055600000000049e+04 7.723140869140625000e+02
2.501063899999999921e+04 7.722877197265625000e+02
2.501072200000000157e+04 7.722835083007812500e+02
2.501080500000000029e+04 7.722897338867187500e+02
2.501088799999999901e+04 7.722933959960937500e+02
2.501097100000000137e+04 7.722972412109375000e+02
2.501105400000000009e+04 7.723016357421875000e+02
2.501113699999999881e+04 7.723065185546875000e+02
2.501122000000000116e+04 7.723127441406250000e+02
2.501130299999999988e+04 7.723201293945312500e+02
2.501138599999999860e+04 7.723273315429687500e+02
2.501146900000000096e+04 7.723255615234375000e+02
2.501155199999999968e+04 7.723179321289062500e+02
2.501163499999999840e+04 7.722913208007812500e+02
2.501171800000000076e+04 7.722869262695312500e+02
2.501180099999999948e+04 7.722926025390625000e+02
2.501188399999999820e+04 7.722960205078125000e+02
2.501196700000000055e+04 7.722998657226562500e+02
2.501204999999999927e+04 7.723041992187500000e+02
2.501213300000000163e+04 7.723089599609375000e+02
2.501221600000000035e+04 7.723150634765625000e+02
2.501229899999999907e+04 7.723224487304687500e+02
2.501238200000000143e+04 7.723295288085937500e+02
2.501246500000000015e+04 7.723276367187500000e+02
2.501254799999999886e+04 7.723198242187500000e+02
2.501263100000000122e+04 7.722929687500000000e+02
2.501271399999999994e+04 7.722833862304687500e+02
2.501279699999999866e+04 7.722891235351562500e+02
2.501288000000000102e+04 7.722930908203125000e+02
2.501296299999999974e+04 7.722968139648437500e+02
2.501304599999999846e+04 7.723012084960937500e+02
2.501312900000000081e+04 7.723060302734375000e+02
2.501321199999999953e+04 7.723121948242187500e+02
2.501329499999999825e+04 7.723193969726562500e+02
2.501337800000000061e+04 7.723267211914062500e+02
2.501346099999999933e+04 7.723276367187500000e+02
2.501354400000000169e+04 7.723207397460937500e+02
2.501362700000000041e+04 7.722954711914062500e+02
2.501370999999999913e+04 7.722858276367187500e+02
2.501379300000000148e+04 7.722914428710937500e+02
2.501387600000000020e+04 7.722952880859375000e+02
2.501395899999999892e+04 7.722989501953125000e+02
2.501404200000000128e+04 7.723032836914062500e+02
2.501412500000000000e+04 7.723079833984375000e+02
2.501420799999999872e+04 7.723137817382812500e+02
2.501429100000000108e+04 7.723209228515625000e+02
2.501437399999999980e+04 7.723281250000000000e+02
2.501445699999999852e+04 7.723289794921875000e+02
2.501454000000000087e+04 7.723220214843750000e+02
2.501462299999999959e+04 7.722963867187500000e+02
2.501470599999999831e+04 7.722865600585937500e+02
2.501478900000000067e+04 7.722919921875000000e+02
2.501487199999999939e+04 7.722957763671875000e+02
2.501495500000000175e+04 7.722993774414062500e+02
2.501503800000000047e+04 7.723036499023437500e+02
2.501512099999999919e+04 7.723082885742187500e+02
2.501520400000000154e+04 7.723139648437500000e+02
2.501528700000000026e+04 7.723210449218750000e+02
2.501536999999999898e+04 7.723281860351562500e+02
2.501545300000000134e+04 7.723289184570312500e+02
2.501553600000000006e+04 7.723219604492187500e+02
2.501561899999999878e+04 7.722962036132812500e+02
2.501570200000000114e+04 7.722862548828125000e+02
2.501578499999999985e+04 7.722915649414062500e+02
2.501586799999999857e+04 7.722953491210937500e+02
2.501595100000000093e+04 7.722988891601562500e+02
2.501603399999999965e+04 7.723031005859375000e+02
2.501611699999999837e+04 7.723075561523437500e+02
2.501620000000000073e+04 7.723131713867187500e+02
2.501628299999999945e+04 7.723201904296875000e+02
2.501636600000000180e+04 7.723272705078125000e+02
2.501644900000000052e+04 7.723279418945312500e+02
2.501653199999999924e+04 7.723208618164062500e+02
2.501661500000000160e+04 7.722948608398437500e+02
2.501669800000000032e+04 7.722798461914062500e+02
2.501678099999999904e+04 7.722849731445312500e+02
2.501686400000000140e+04 7.722888793945312500e+02
2.501694700000000012e+04 7.722922363281250000e+02
2.501702999999999884e+04 7.722963867187500000e+02
2.501711300000000119e+04 7.723007812500000000e+02
2.501719599999999991e+04 7.723063354492187500e+02
2.501727899999999863e+04 7.723131103515625000e+02
2.501736200000000099e+04 7.723201293945312500e+02
2.501744499999999971e+04 7.723224487304687500e+02
2.501752799999999843e+04 7.723170776367187500e+02
2.501761100000000079e+04 7.722933959960937500e+02
2.501769399999999951e+04 7.722782592773437500e+02
2.501777699999999822e+04 7.722833251953125000e+02
2.501786000000000058e+04 7.722871704101562500e+02
2.501794299999999930e+04 7.722904663085937500e+02
2.501802600000000166e+04 7.722945556640625000e+02
2.501810900000000038e+04 7.722988891601562500e+02
2.501819199999999910e+04 7.723040771484375000e+02
2.501827500000000146e+04 7.723107910156250000e+02
2.501835800000000017e+04 7.723179931640625000e+02
2.501844099999999889e+04 7.723214721679687500e+02
2.501852400000000125e+04 7.723160400390625000e+02
2.501860699999999997e+04 7.722924804687500000e+02
2.501868999999999869e+04 7.722771606445312500e+02
2.501877300000000105e+04 7.722821655273437500e+02
2.501885599999999977e+04 7.722859497070312500e+02
2.501893899999999849e+04 7.722891845703125000e+02
2.501902200000000084e+04 7.722932739257812500e+02
2.501910499999999956e+04 7.722975463867187500e+02
2.501918799999999828e+04 7.723026733398437500e+02
2.501927100000000064e+04 7.723093261718750000e+02
2.501935399999999936e+04 7.723164672851562500e+02
2.501943700000000172e+04 7.723198242187500000e+02
2.501952000000000044e+04 7.723143310546875000e+02
2.501960299999999916e+04 7.722907104492187500e+02
2.501968600000000151e+04 7.722753906250000000e+02
2.501976900000000023e+04 7.722802734375000000e+02
2.501985199999999895e+04 7.722840576171875000e+02
2.501993500000000131e+04 7.722872924804687500e+02
