2.500009800000000178e+04 8.686541748046875000e+02
2.500018100000000049e+04 8.686615600585937500e+02
2.500026399999999921e+04 8.686702880859375000e+02
2.500034700000000157e+04 8.686792602539062500e+02
2.500043000000000029e+04 8.686873779296875000e+02
2.500051299999999901e+04 8.686818237304687500e+02
2.500059600000000137e+04 8.686600341796875000e+02
2.500067900000000009e+04 8.686430664062500000e+02
2.500076199999999881e+04 8.686511840820312500e+02
2.500084500000000116e+04 8.686571655273437500e+02
2.500092799999999988e+04 8.686629638671875000e+02
2.500101099999999860e+04 8.686692504882812500e+02
2.500109400000000096e+04 8.686755371093750000e+02
2.500117699999999968e+04 8.686822509765625000e+02
2.500125999999999840e+04 8.686904296875000000e+02
2.500134300000000076e+04 8.686993408203125000e+02
2.500142599999999948e+04 8.687070922851562500e+02
2.500150899999999820e+04 8.687059936523437500e+02
2.500159200000000055e+04 8.686857910156250000e+02
2.500167499999999927e+04 8.686682128906250000e+02
2.500175800000000163e+04 8.686757202148437500e+02
2.500184100000000035e+04 8.686814575195312500e+02
2.500192399999999907e+04 8.686868896484375000e+02
2.500200700000000143e+04 8.686929321289062500e+02
2.500209000000000015e+04 8.686989746093750000e+02
2.500217299999999886e+04 8.687053833007812500e+02
2.500225600000000122e+04 8.687132568359375000e+02
2.500233899999999994e+04 8.687219238281250000e+02
2.500242199999999866e+04 8.687293701171875000e+02
2.500250500000000102e+04 8.687280273437500000e+02
2.500258799999999974e+04 8.687073974609375000e+02
2.500267099999999846e+04 8.686892700195312500e+02
2.500275400000000081e+04 8.686963500976562500e+02
2.500283699999999953e+04 8.687018432617187500e+02
2.500291999999999825e+04 8.687070922851562500e+02
2.500300300000000061e+04 8.687128906250000000e+02
2.500308599999999933e+04 8.687186889648437500e+02
2.500316900000000169e+04 8.687249145507812500e+02
2.500325200000000041e+04 8.687326049804687500e+02
2.500333499999999913e+04 8.687410278320312500e+02
2.500341800000000148e+04 8.687482910156250000e+02
2.500350100000000020e+04 8.687467651367187500e+02
2.500358399999999892e+04 8.687257080078125000e+02
2.500366700000000128e+04 8.687072143554687500e+02
2.500375000000000000e+04 8.687139892578125000e+02
2.500383299999999872e+04 8.687192993164062500e+02
2.500391600000000108e+04 8.687243041992187500e+02
2.500399899999999980e+04 8.687299804687500000e+02
2.500408199999999852e+04 8.687355957031250000e+02
2.500416500000000087e+04 8.687415161132812500e+02
2.500424799999999959e+04 8.687490844726562500e+02
2.500433099999999831e+04 8.687573242187500000e+02
2.500441400000000067e+04 8.687644653320312500e+02
2.500449699999999939e+04 8.687591552734375000e+02
2.500458000000000175e+04 8.687379150390625000e+02
2.500466300000000047e+04 8.687155151367187500e+02
2.500474599999999919e+04 8.687169189453125000e+02
2.500482900000000154e+04 8.687222900390625000e+02
2.500491200000000026e+04 8.687272338867187500e+02
2.500499499999999898e+04 8.687326049804687500e+02
2.500507800000000134e+04 8.687380981445312500e+02
2.500516100000000006e+04 8.687438964843750000e+02
2.500524399999999878e+04 8.687509765625000000e+02
2.500532700000000114e+04 8.687589721679687500e+02
2.500540999999999985e+04 8.687661743164062500e+02
2.500549299999999857e+04 8.687624511718750000e+02
2.500557600000000093e+04 8.687455444335937500e+02
2.500565899999999965e+04 8.687228393554687500e+02
2.500574199999999837e+04 8.687240600585937500e+02
2.500582500000000073e+04 8.687293090820312500e+02
2.500590799999999945e+04 8.687341308593750000e+02
2.500599100000000180e+04 8.687393798828125000e+02
2.500607400000000052e+04 8.687447509765625000e+02
2.500615699999999924e+04 8.687504272460937500e+02
2.500624000000000160e+04 8.687574462890625000e+02
2.500632300000000032e+04 8.687652587890625000e+02
2.500640599999999904e+04 8.687723999023437500e+02
2.500648900000000140e+04 8.687691040039062500e+02
2.500657200000000012e+04 8.687519531250000000e+02
2.500665499999999884e+04 8.687290649414062500e+02
2.500673800000000119e+04 8.687300415039062500e+02
2.500682099999999991e+04 8.687352294921875000e+02
2.500690399999999863e+04 8.687399291992187500e+02
2.500698700000000099e+04 8.687450561523437500e+02
2.500706999999999971e+04 8.687503051757812500e+02
2.500715299999999843e+04 8.687559204101562500e+02
2.500723600000000079e+04 8.687628173828125000e+02
2.500731899999999951e+04 8.687706298828125000e+02
2.500740199999999822e+04 8.687776489257812500e+02
2.500748500000000058e+04 8.687741699218750000e+02
2.500756799999999930e+04 8.687568359375000000e+02
2.500765100000000166e+04 8.687337646484375000e+02
2.500773400000000038e+04 8.687346191406250000e+02
2.500781699999999910e+04 8.687396850585937500e+02
2.500790000000000146e+04 8.687442626953125000e+02
2.500798300000000017e+04 8.687493286132812500e+02
2.500806599999999889e+04 8.687545166015625000e+02
2.500814900000000125e+04 8.687600097656250000e+02
2.500823199999999997e+04 8.687667846679687500e+02
2.500831499999999869e+04 8.687744750976562500e+02
2.500839800000000105e+04 8.687814331054687500e+02
2.500848099999999977e+04 8.687780151367187500e+02
2.500856399999999849e+04 8.687604370117187500e+02
2.500864700000000084e+04 8.687335205078125000e+02
2.500872999999999956e+04 8.687291870117187500e+02
2.500881299999999828e+04 8.687351684570312500e+02
2.500889600000000064e+04 8.687396850585937500e+02
2.500897899999999936e+04 8.687445068359375000e+02
2.500906200000000172e+04 8.687496337890625000e+02
2.500914500000000044e+04 8.687550048828125000e+02
2.500922799999999916e+04 8.687614746093750000e+02
2.500931100000000151e+04 8.687689208984375000e+02
2.500939400000000023e+04 8.687760620117187500e+02
2.500947699999999895e+04 8.687735595703125000e+02
2.500956000000000131e+04 8.687640380859375000e+02
2.500964300000000003e+04 8.687369384765625000e+02
2.500972599999999875e+04 8.687324829101562500e+02
2.500980900000000111e+04 8.687383422851562500e+02
2.500989199999999983e+04 8.687427368164062500e+02
2.500997499999999854e+04 8.687475585937500000e+02
2.501005800000000090e+04 8.687526245117187500e+02
2.501014099999999962e+04 8.687579345703125000e+02
2.501022399999999834e+04 8.687642822265625000e+02
2.501030700000000070e+04 8.687716674804687500e+02
2.501038999999999942e+04 8.687786865234375000e+02
2.501047300000000178e+04 8.687760620117187500e+02
2.501055600000000049e+04 8.687663574218750000e+02
2.501063899999999921e+04 8.687391967773437500e+02
2.501072200000000157e+04 8.687345581054687500e+02
2.501080500000000029e+04 8.687402954101562500e+02
2.501088799999999901e+04 8.687446289062500000e+02
2.501097100000000137e+04 8.687493896484375000e+02
2.501105400000000009e+04 8.687543945312500000e+02
2.501113699999999881e+04 8.687596435546875000e+02
2.501122000000000116e+04 8.687659301757812500e+02
2.501130299999999988e+04 8.687733154296875000e+02
2.501138599999999860e+04 8.687802734375000000e+02
2.501146900000000096e+04 8.687781372070312500e+02
2.501155199999999968e+04 8.687683105468750000e+02
2.501163499999999840e+04 8.687409667968750000e+02
2.501171800000000076e+04 8.687362670898437500e+02
2.501180099999999948e+04 8.687419433593750000e+02
2.501188399999999820e+04 8.687462158203125000e+02
2.501196700000000055e+04 8.687509155273437500e+02
2.501204999999999927e+04 8.687558593750000000e+02
2.501213300000000163e+04 8.687609863281250000e+02
2.501221600000000035e+04 8.687672119140625000e+02
2.501229899999999907e+04 8.687745361328125000e+02
2.501238200000000143e+04 8.687814941406250000e+02
2.501246500000000015e+04 8.687794189453125000e+02
2.501254799999999886e+04 8.687693481445312500e+02
2.501263100000000122e+04 8.687419433593750000e+02
2.501271399999999994e+04 8.687321166992187500e+02
2.501279699999999866e+04 8.687376098632812500e+02
2.501288000000000102e+04 8.687418823242187500e+02
2.501296299999999974e+04 8.687464599609375000e+02
2.501304599999999846e+04 8.687513427734375000e+02
2.501312900000000081e+04 8.687564086914062500e+02
2.501321199999999953e+04 8.687626342773437500e+02
2.501329499999999825e+04 8.687697753906250000e+02
2.501337800000000061e+04 8.687768554687500000e+02
2.501346099999999933e+04 8.687797241210937500e+02
2.501354400000000169e+04 8.687734985351562500e+02
2.501362700000000041e+04 8.687456054687500000e+02
2.501370999999999913e+04 8.687357177734375000e+02
2.501379300000000148e+04 8.687411499023437500e+02
2.501387600000000020e+04 8.687454223632812500e+02
2.501395899999999892e+04 8.687498779296875000e+02
2.501404200000000128e+04 8.687547607421875000e+02
2.501412500000000000e+04 8.687598266601562500e+02
2.501420799999999872e+04 8.687656860351562500e+02
2.501429100000000108e+04 8.687727661132812500e+02
2.501437399999999980e+04 8.687798461914062500e+02
2.501445699999999852e+04 8.687827148437500000e+02
2.501454000000000087e+04 8.687764282226562500e+02
2.501462299999999959e+04 8.687482910156250000e+02
2.501470599999999831e+04 8.687382812500000000e+02
2.501478900000000067e+04 8.687436523437500000e+02
2.501487199999999939e+04 8.687478637695312500e+02
2.501495500000000175e+04 8.687523193359375000e+02
2.501503800000000047e+04 8.687571411132812500e+02
2.501512099999999919e+04 8.687621459960937500e+02
2.501520400000000154e+04 8.687680053710937500e+02
2.501528700000000026e+04 8.687750854492187500e+02
2.501536999999999898e+04 8.687821044921875000e+02
2.501545300000000134e+04 8.687849121093750000e+02
2.501553600000000006e+04 8.687786254882812500e+02
2.501561899999999878e+04 8.687503662109375000e+02
2.501570200000000114e+04 8.687402954101562500e+02
2.501578499999999985e+04 8.687456054687500000e+02
2.501586799999999857e+04 8.687498168945312500e+02
2.501595100000000093e+04 8.687542724609375000e+02
2.501603399999999965e+04 8.687590942382812500e+02
2.501611699999999837e+04 8.687639770507812500e+02
2.501620000000000073e+04 8.687697753906250000e+02
2.501628299999999945e+04 8.687767944335937500e+02
2.501636600000000180e+04 8.687838134765625000e+02
2.501644900000000052e+04 8.687866210937500000e+02
2.501653199999999924e+04 8.687802124023437500e+02
2.501661500000000160e+04 8.687518920898437500e+02
2.501669800000000032e+04 8.687366943359375000e+02
2.501678099999999904e+04 8.687418823242187500e+02
2.501686400000000140e+04 8.687461547851562500e+02
2.501694700000000012e+04 8.687504882812500000e+02
2.501702999999999884e+04 8.687552490234375000e+02
2.501711300000000119e+04 8.687600708007812500e+02
2.501719599999999991e+04 8.687659301757812500e+02
2.501727899999999863e+04 8.687727661132812500e+02
2.501736200000000099e+04 8.687797241210937500e+02
2.501744499999999971e+04 8.687843017578125000e+02
2.501752799999999843e+04 8.687796630859375000e+02
2.501761100000000079e+04 8.687535400390625000e+02
2.501769399999999951e+04 8.687382812500000000e+02
2.501777699999999822e+04 8.687434692382812500e+02
2.501786000000000058e+04 8.687477416992187500e+02
2.501794299999999930e+04 8.687520141601562500e+02
2.501802600000000166e+04 8.687567749023437500e+02
2.501810900000000038e+04 8.687615966796875000e+02
2.501819199999999910e+04 8.687670898437500000e+02
2.501827500000000146e+04 8.687739257812500000e+02
2.501835800000000017e+04 8.687810668945312500e+02
2.501844099999999889e+04 8.687855834960937500e+02
2.501852400000000125e+04 8.687809448242187500e+02
2.501860699999999997e+04 8.687550048828125000e+02
2.501868999999999869e+04 8.687397460937500000e+02
2.501877300000000105e+04 8.687448120117187500e+02
2.501885599999999977e+04 8.687490844726562500e+02
2.501893899999999849e+04 8.687533569335937500e+02
2.501902200000000084e+04 8.687580566406250000e+02
2.501910499999999956e+04 8.687628784179687500e+02
2.501918799999999828e+04 8.687683715820312500e+02
2.501927100000000064e+04 8.687751464843750000e+02
2.501935399999999936e+04 8.687823486328125000e+02
2.501943700000000172e+04 8.687868041992187500e+02
2.501952000000000044e+04 8.687821044921875000e+02
2.501960299999999916e+04 8.687561645507812500e+02
2.501968600000000151e+04 8.687407836914062500e+02
2.501976900000000023e+04 8.687458496093750000e+02
2.501985199999999895e+04 8.687501220703125000e+02
2.501993500000000131e+04 8.687543334960937500e+02
