2.500009800000000178e+04 8.091952514648437500e+02
2.500018100000000049e+04 8.092044067382812500e+02
2.500026399999999921e+04 8.092153320312500000e+02
2.500034700000000157e+04 8.092268676757812500e+02
2.500043000000000029e+04 8.092369995117187500e+02
2.500051299999999901e+04 8.092323608398437500e+02
2.500059600000000137e+04 8.092164916992187500e+02
2.500067900000000009e+04 8.092034301757812500e+02
2.500076199999999881e+04 8.092150268554687500e+02
2.500084500000000116e+04 8.092221069335937500e+02
2.500092799999999988e+04 8.092286987304687500e+02
2.500101099999999860e+04 8.092363281250000000e+02
2.500109400000000096e+04 8.092443237304687500e+02
2.500117699999999968e+04 8.092530517578125000e+02
2.500125999999999840e+04 8.092635498046875000e+02
2.500134300000000076e+04 8.092749633789062500e+02
2.500142599999999948e+04 8.092854614257812500e+02
2.500150899999999820e+04 8.092841186523437500e+02
2.500159200000000055e+04 8.092691650390625000e+02
2.500167499999999927e+04 8.092546386718750000e+02
2.500175800000000163e+04 8.092648925781250000e+02
2.500184100000000035e+04 8.092714843750000000e+02
2.500192399999999907e+04 8.092775878906250000e+02
2.500200700000000143e+04 8.092846069335937500e+02
2.500209000000000015e+04 8.092919921875000000e+02
2.500217299999999886e+04 8.093001098632812500e+02
2.500225600000000122e+04 8.093099975585937500e+02
2.500233899999999994e+04 8.093207397460937500e+02
2.500242199999999866e+04 8.093305664062500000e+02
2.500250500000000102e+04 8.093280639648437500e+02
2.500258799999999974e+04 8.093120727539062500e+02
2.500267099999999846e+04 8.092965087890625000e+02
2.500275400000000081e+04 8.093057250976562500e+02
2.500283699999999953e+04 8.093117675781250000e+02
2.500291999999999825e+04 8.093171997070312500e+02
2.500300300000000061e+04 8.093236694335937500e+02
2.500308599999999933e+04 8.093304443359375000e+02
2.500316900000000169e+04 8.093378906250000000e+02
2.500325200000000041e+04 8.093471069335937500e+02
2.500333499999999913e+04 8.093572998046875000e+02
2.500341800000000148e+04 8.093665161132812500e+02
2.500350100000000020e+04 8.093629150390625000e+02
2.500358399999999892e+04 8.093461303710937500e+02
2.500366700000000128e+04 8.093297119140625000e+02
2.500375000000000000e+04 8.093381958007812500e+02
2.500383299999999872e+04 8.093438720703125000e+02
2.500391600000000108e+04 8.093489379882812500e+02
2.500399899999999980e+04 8.093549804687500000e+02
2.500408199999999852e+04 8.093613281250000000e+02
2.500416500000000087e+04 8.093682250976562500e+02
2.500424799999999959e+04 8.093770751953125000e+02
2.500433099999999831e+04 8.093867797851562500e+02
2.500441400000000067e+04 8.093955078125000000e+02
2.500449699999999939e+04 8.093911743164062500e+02
2.500458000000000175e+04 8.093735961914062500e+02
2.500466300000000047e+04 8.093529663085937500e+02
2.500474599999999919e+04 8.093556518554687500e+02
2.500482900000000154e+04 8.093606567382812500e+02
2.500491200000000026e+04 8.093647460937500000e+02
2.500499499999999898e+04 8.093696289062500000e+02
2.500507800000000134e+04 8.093749389648437500e+02
2.500516100000000006e+04 8.093809814453125000e+02
2.500524399999999878e+04 8.093885498046875000e+02
2.500532700000000114e+04 8.093973388671875000e+02
2.500540999999999985e+04 8.094054565429687500e+02
2.500549299999999857e+04 8.094025268554687500e+02
2.500557600000000093e+04 8.093888549804687500e+02
2.500565899999999965e+04 8.093676147460937500e+02
2.500574199999999837e+04 8.093699951171875000e+02
2.500582500000000073e+04 8.093750610351562500e+02
2.500590799999999945e+04 8.093790893554687500e+02
2.500599100000000180e+04 8.093837890625000000e+02
2.500607400000000052e+04 8.093889160156250000e+02
2.500615699999999924e+04 8.093946533203125000e+02
2.500624000000000160e+04 8.094020385742187500e+02
2.500632300000000032e+04 8.094105224609375000e+02
2.500640599999999904e+04 8.094183959960937500e+02
2.500648900000000140e+04 8.094150390625000000e+02
2.500657200000000012e+04 8.094009399414062500e+02
2.500665499999999884e+04 8.093793334960937500e+02
2.500673800000000119e+04 8.093812255859375000e+02
2.500682099999999991e+04 8.093860473632812500e+02
2.500690399999999863e+04 8.093899536132812500e+02
2.500698700000000099e+04 8.093944702148437500e+02
2.500706999999999971e+04 8.093994140625000000e+02
2.500715299999999843e+04 8.094050292968750000e+02
2.500723600000000079e+04 8.094121704101562500e+02
2.500731899999999951e+04 8.094204101562500000e+02
2.500740199999999822e+04 8.094280395507812500e+02
2.500748500000000058e+04 8.094243164062500000e+02
2.500756799999999930e+04 8.094097900390625000e+02
2.500765100000000166e+04 8.093877563476562500e+02
2.500773400000000038e+04 8.093893432617187500e+02
2.500781699999999910e+04 8.093941040039062500e+02
2.500790000000000146e+04 8.093978271484375000e+02
2.500798300000000017e+04 8.094022216796875000e+02
2.500806599999999889e+04 8.094070434570312500e+02
2.500814900000000125e+04 8.094123535156250000e+02
2.500823199999999997e+04 8.094193115234375000e+02
2.500831499999999869e+04 8.094273681640625000e+02
2.500839800000000105e+04 8.094348754882812500e+02
2.500848099999999977e+04 8.094309692382812500e+02
2.500856399999999849e+04 8.094160156250000000e+02
2.500864700000000084e+04 8.093900756835937500e+02
2.500872999999999956e+04 8.093863525390625000e+02
2.500881299999999828e+04 8.093930053710937500e+02
2.500889600000000064e+04 8.093969116210937500e+02
2.500897899999999936e+04 8.094010620117187500e+02
2.500906200000000172e+04 8.094057006835937500e+02
2.500914500000000044e+04 8.094108886718750000e+02
2.500922799999999916e+04 8.094173583984375000e+02
2.500931100000000151e+04 8.094251098632812500e+02
2.500939400000000023e+04 8.094326171875000000e+02
2.500947699999999895e+04 8.094312133789062500e+02
2.500956000000000131e+04 8.094240722656250000e+02
2.500964300000000003e+04 8.093978881835937500e+02
2.500972599999999875e+04 8.093939819335937500e+02
2.500980900000000111e+04 8.094003906250000000e+02
2.500989199999999983e+04 8.094040527343750000e+02
2.500997499999999854e+04 8.094080200195312500e+02
2.501005800000000090e+04 8.093090820312500000e+02
2.501014099999999962e+04 8.093140869140625000e+02
2.501022399999999834e+04 8.093203735351562500e+02
2.501030700000000070e+04 8.093278808593750000e+02
2.501038999999999942e+04 8.093352050781250000e+02
2.501047300000000178e+04 8.093334960937500000e+02
2.501055600000000049e+04 8.093261108398437500e+02
2.501063899999999921e+04 8.092996826171875000e+02
2.501072200000000157e+04 8.092955322265625000e+02
2.501080500000000029e+04 8.093017578125000000e+02
2.501088799999999901e+04 8.093053588867187500e+02
2.501097100000000137e+04 8.093092651367187500e+02
2.501105400000000009e+04 8.093136596679687500e+02
2.501113699999999881e+04 8.093185424804687500e+02
2.501122000000000116e+04 8.093247070312500000e+02
2.501130299999999988e+04 8.093321533203125000e+02
2.501138599999999860e+04 8.093393554687500000e+02
2.501146900000000096e+04 8.093375244140625000e+02
2.501155199999999968e+04 8.093299560546875000e+02
2.501163499999999840e+04 8.093032836914062500e+02
2.501171800000000076e+04 8.092988891601562500e+02
2.501180099999999948e+04 8.093046264648437500e+02
2.501188399999999820e+04 8.093080444335937500e+02
2.501196700000000055e+04 8.093118286132812500e+02
2.501204999999999927e+04 8.093162231445312500e+02
2.501213300000000163e+04 8.093209228515625000e+02
2.501221600000000035e+04 8.093270874023437500e+02
2.501229899999999907e+04 8.093344726562500000e+02
2.501238200000000143e+04 8.093415527343750000e+02
2.501246500000000015e+04 8.093396606445312500e+02
2.501254799999999886e+04 8.093317871093750000e+02
2.501263100000000122e+04 8.093049316406250000e+02
2.501271399999999994e+04 8.092954101562500000e+02
2.501279699999999866e+04 8.093011474609375000e+02
2.501288000000000102e+04 8.093050537109375000e+02
2.501296299999999974e+04 8.093088378906250000e+02
2.501304599999999846e+04 8.093132324218750000e+02
2.501312900000000081e+04 8.093180541992187500e+02
2.501321199999999953e+04 8.093242187500000000e+02
2.501329499999999825e+04 8.093314208984375000e+02
2.501337800000000061e+04 8.093387451171875000e+02
2.501346099999999933e+04 8.093396606445312500e+02
2.501354400000000169e+04 8.093327636718750000e+02
2.501362700000000041e+04 8.093074951171875000e+02
2.501370999999999913e+04 8.092978515625000000e+02
2.501379300000000148e+04 8.093034057617187500e+02
2.501387600000000020e+04 8.093073120117187500e+02
2.501395899999999892e+04 8.093109741210937500e+02
2.501404200000000128e+04 8.093153076171875000e+02
2.501412500000000000e+04 8.093200073242187500e+02
2.501420799999999872e+04 8.093258056640625000e+02
2.501429100000000108e+04 8.093328857421875000e+02
2.501437399999999980e+04 8.093401489257812500e+02
2.501445699999999852e+04 8.093410034179687500e+02
2.501454000000000087e+04 8.093340454101562500e+02
2.501462299999999959e+04 8.093084106445312500e+02
2.501470599999999831e+04 8.092985839843750000e+02
2.501478900000000067e+04 8.093040161132812500e+02
2.501487199999999939e+04 8.093078002929687500e+02
2.501495500000000175e+04 8.093114013671875000e+02
2.501503800000000047e+04 8.093156738281250000e+02
2.501512099999999919e+04 8.093203125000000000e+02
2.501520400000000154e+04 8.093259887695312500e+02
2.501528700000000026e+04 8.093330688476562500e+02
2.501536999999999898e+04 8.093402099609375000e+02
2.501545300000000134e+04 8.093409423828125000e+02
2.501553600000000006e+04 8.093339843750000000e+02
2.501561899999999878e+04 8.093082275390625000e+02
2.501570200000000114e+04 8.092982788085937500e+02
2.501578499999999985e+04 8.093035888671875000e+02
2.501586799999999857e+04 8.093073120117187500e+02
2.501595100000000093e+04 8.093109130859375000e+02
2.501603399999999965e+04 8.093151245117187500e+02
2.501611699999999837e+04 8.093195800781250000e+02
2.501620000000000073e+04 8.093251953125000000e+02
2.501628299999999945e+04 8.093322143554687500e+02
2.501636600000000180e+04 8.093392944335937500e+02
2.501644900000000052e+04 8.093399658203125000e+02
2.501653199999999924e+04 8.093328857421875000e+02
2.501661500000000160e+04 8.093068847656250000e+02
2.501669800000000032e+04 8.092918701171875000e+02
2.501678099999999904e+04 8.092969970703125000e+02
2.501686400000000140e+04 8.093009033203125000e+02
2.501694700000000012e+04 8.093042602539062500e+02
2.501702999999999884e+04 8.093084106445312500e+02
2.501711300000000119e+04 8.093128051757812500e+02
2.501719599999999991e+04 8.093183593750000000e+02
2.501727899999999863e+04 8.093251342773437500e+02
2.501736200000000099e+04 8.093321533203125000e+02
2.501744499999999971e+04 8.093344726562500000e+02
2.501752799999999843e+04 8.093291015625000000e+02
2.501761100000000079e+04 8.093054199218750000e+02
2.501769399999999951e+04 8.092902832031250000e+02
2.501777699999999822e+04 8.092953491210937500e+02
2.501786000000000058e+04 8.092991943359375000e+02
2.501794299999999930e+04 8.093024902343750000e+02
2.501802600000000166e+04 8.093065795898437500e+02
2.501810900000000038e+04 8.093109130859375000e+02
2.501819199999999910e+04 8.093161010742187500e+02
2.501827500000000146e+04 8.093228149414062500e+02
2.501835800000000017e+04 8.093300170898437500e+02
2.501844099999999889e+04 8.093334350585937500e+02
2.501852400000000125e+04 8.093280029296875000e+02
2.501860699999999997e+04 8.093044433593750000e+02
2.501868999999999869e+04 8.092891845703125000e+02
2.501877300000000105e+04 8.092941894531250000e+02
2.501885599999999977e+04 8.092979125976562500e+02
2.501893899999999849e+04 8.093012084960937500e+02
2.501902200000000084e+04 8.093052368164062500e+02
2.501910499999999956e+04 8.093095703125000000e+02
2.501918799999999828e+04 8.093146972656250000e+02
2.501927100000000064e+04 8.093213500976562500e+02
2.501935399999999936e+04 8.093284912109375000e+02
2.501943700000000172e+04 8.093318481445312500e+02
2.501952000000000044e+04 8.093263549804687500e+02
2.501960299999999916e+04 8.093027343750000000e+02
2.501968600000000151e+04 8.092874145507812500e+02
2.501976900000000023e+04 8.092922973632812500e+02
2.501985199999999895e+04 8.092960815429687500e+02
2.501993500000000131e+04 8.092993164062500000e+02
