2.500009800000000178e+04 1.312832275390625000e+03
2.500018100000000049e+04 1.312836303710937500e+03
2.500026399999999921e+04 1.312841186523437500e+03
2.500034700000000157e+04 1.312846679687500000e+03
2.500043000000000029e+04 1.312852172851562500e+03
2.500051299999999901e+04 1.312858154296875000e+03
2.500059600000000137e+04 1.313137573242187500e+03
2.500067900000000009e+04 1.313142822265625000e+03
2.500076199999999881e+04 1.313183349609375000e+03
2.500084500000000116e+04 1.313187011718750000e+03
2.500092799999999988e+04 1.313190063476562500e+03
2.500101099999999860e+04 1.313193481445312500e+03
2.500109400000000096e+04 1.313196899414062500e+03
2.500117699999999968e+04 1.313200683593750000e+03
2.500125999999999840e+04 1.313205444335937500e+03
2.500134300000000076e+04 1.313210815429687500e+03
2.500142599999999948e+04 1.313216430664062500e+03
2.500150899999999820e+04 1.313222290039062500e+03
2.500159200000000055e+04 1.313316162109375000e+03
2.500167499999999927e+04 1.313321411132812500e+03
2.500175800000000163e+04 1.313353637695312500e+03
2.500184100000000035e+04 1.313357299804687500e+03
2.500192399999999907e+04 1.313360351562500000e+03
2.500200700000000143e+04 1.313363769531250000e+03
2.500209000000000015e+04 1.313367187500000000e+03
2.500217299999999886e+04 1.313370971679687500e+03
2.500225600000000122e+04 1.313375732421875000e+03
2.500233899999999994e+04 1.313381103515625000e+03
2.500242199999999866e+04 1.313386718750000000e+03
2.500250500000000102e+04 1.313392578125000000e+03
2.500258799999999974e+04 1.313475585937500000e+03
2.500267099999999846e+04 1.313480834960937500e+03
2.500275400000000081e+04 1.313509643554687500e+03
2.500283699999999953e+04 1.313513427734375000e+03
2.500291999999999825e+04 1.313516479492187500e+03
2.500300300000000061e+04 1.313519897460937500e+03
2.500308599999999933e+04 1.313523315429687500e+03
2.500316900000000169e+04 1.313526977539062500e+03
2.500325200000000041e+04 1.313531860351562500e+03
2.500333499999999913e+04 1.313537231445312500e+03
2.500341800000000148e+04 1.313542724609375000e+03
2.500350100000000020e+04 1.313548706054687500e+03
2.500358399999999892e+04 1.313623535156250000e+03
2.500366700000000128e+04 1.313628662109375000e+03
2.500375000000000000e+04 1.313655151367187500e+03
2.500383299999999872e+04 1.313658813476562500e+03
2.500391600000000108e+04 1.313661865234375000e+03
2.500399899999999980e+04 1.313665283203125000e+03
2.500408199999999852e+04 1.313668701171875000e+03
2.500416500000000087e+04 1.313672363281250000e+03
2.500424799999999959e+04 1.313677246093750000e+03
2.500433099999999831e+04 1.313682617187500000e+03
2.500441400000000067e+04 1.313688110351562500e+03
2.500449699999999939e+04 1.313694091796875000e+03
2.500458000000000175e+04 1.313762451171875000e+03
2.500466300000000047e+04 1.313767822265625000e+03
2.500474599999999919e+04 1.313792358398437500e+03
2.500482900000000154e+04 1.313796264648437500e+03
2.500491200000000026e+04 1.313799438476562500e+03
2.500499499999999898e+04 1.313802734375000000e+03
2.500507800000000134e+04 1.313806152343750000e+03
2.500516100000000006e+04 1.313809814453125000e+03
2.500524399999999878e+04 1.313814453125000000e+03
2.500532700000000114e+04 1.313819702148437500e+03
2.500540999999999985e+04 1.313825195312500000e+03
2.500549299999999857e+04 1.313831054687500000e+03
2.500557600000000093e+04 1.313894287109375000e+03
2.500565899999999965e+04 1.313899658203125000e+03
2.500574199999999837e+04 1.313922607421875000e+03
2.500582500000000073e+04 1.313926513671875000e+03
2.500590799999999945e+04 1.313929687500000000e+03
2.500599100000000180e+04 1.313932983398437500e+03
2.500607400000000052e+04 1.313936401367187500e+03
2.500615699999999924e+04 1.313940063476562500e+03
2.500624000000000160e+04 1.313944702148437500e+03
2.500632300000000032e+04 1.313949951171875000e+03
2.500640599999999904e+04 1.313955444335937500e+03
2.500648900000000140e+04 1.313961303710937500e+03
2.500657200000000012e+04 1.314020263671875000e+03
2.500665499999999884e+04 1.314025634765625000e+03
2.500673800000000119e+04 1.314047241210937500e+03
2.500682099999999991e+04 1.314051147460937500e+03
2.500690399999999863e+04 1.314054321289062500e+03
2.500698700000000099e+04 1.314057617187500000e+03
2.500706999999999971e+04 1.314061035156250000e+03
2.500715299999999843e+04 1.314064697265625000e+03
2.500723600000000079e+04 1.314069335937500000e+03
2.500731899999999951e+04 1.314074584960937500e+03
2.500740199999999822e+04 1.314080078125000000e+03
2.500748500000000058e+04 1.314085937500000000e+03
2.500756799999999930e+04 1.314141357421875000e+03
2.500765100000000166e+04 1.314146728515625000e+03
2.500773400000000038e+04 1.314167236328125000e+03
2.500781699999999910e+04 1.314171020507812500e+03
2.500790000000000146e+04 1.314174194335937500e+03
2.500798300000000017e+04 1.314177490234375000e+03
2.500806599999999889e+04 1.314180908203125000e+03
2.500814900000000125e+04 1.314184570312500000e+03
2.500823199999999997e+04 1.314189208984375000e+03
2.500831499999999869e+04 1.314194458007812500e+03
2.500839800000000105e+04 1.314199951171875000e+03
2.500848099999999977e+04 1.314205810546875000e+03
2.500856399999999849e+04 1.314258178710937500e+03
2.500864700000000084e+04 1.314263671875000000e+03
2.500872999999999956e+04 1.314283325195312500e+03
2.500881299999999828e+04 1.314287353515625000e+03
2.500889600000000064e+04 1.314290649414062500e+03
2.500897899999999936e+04 1.314293945312500000e+03
2.500906200000000172e+04 1.314297363281250000e+03
2.500914500000000044e+04 1.314300903320312500e+03
2.500922799999999916e+04 1.314305297851562500e+03
2.500931100000000151e+04 1.314310424804687500e+03
2.500939400000000023e+04 1.314315917968750000e+03
2.500947699999999895e+04 1.314321777343750000e+03
2.500956000000000131e+04 1.314371459960937500e+03
2.500964300000000003e+04 1.314376953125000000e+03
2.500972599999999875e+04 1.314395874023437500e+03
2.500980900000000111e+04 1.314399902343750000e+03
2.500989199999999983e+04 1.314403198242187500e+03
2.500997499999999854e+04 1.314406372070312500e+03
2.501005800000000090e+04 1.313973754882812500e+03
2.501014099999999962e+04 1.313977294921875000e+03
2.501022399999999834e+04 1.313981689453125000e+03
2.501030700000000070e+04 1.313986816406250000e+03
2.501038999999999942e+04 1.313992309570312500e+03
2.501047300000000178e+04 1.313998168945312500e+03
2.501055600000000049e+04 1.314045654296875000e+03
2.501063899999999921e+04 1.314051147460937500e+03
2.501072200000000157e+04 1.314069213867187500e+03
2.501080500000000029e+04 1.314073242187500000e+03
2.501088799999999901e+04 1.314076538085937500e+03
2.501097100000000137e+04 1.314079833984375000e+03
2.501105400000000009e+04 1.314083251953125000e+03
2.501113699999999881e+04 1.314086914062500000e+03
2.501122000000000116e+04 1.314091186523437500e+03
2.501130299999999988e+04 1.314096435546875000e+03
2.501138599999999860e+04 1.314101928710937500e+03
2.501146900000000096e+04 1.314107666015625000e+03
2.501155199999999968e+04 1.314153198242187500e+03
2.501163499999999840e+04 1.314158691406250000e+03
2.501171800000000076e+04 1.314176147460937500e+03
2.501180099999999948e+04 1.314180175781250000e+03
2.501188399999999820e+04 1.314183471679687500e+03
2.501196700000000055e+04 1.314186767578125000e+03
2.501204999999999927e+04 1.314190185546875000e+03
2.501213300000000163e+04 1.314193725585937500e+03
2.501221600000000035e+04 1.314198120117187500e+03
2.501229899999999907e+04 1.314203247070312500e+03
2.501238200000000143e+04 1.314208740234375000e+03
2.501246500000000015e+04 1.314214477539062500e+03
2.501254799999999886e+04 1.314258422851562500e+03
2.501263100000000122e+04 1.314263916015625000e+03
2.501271399999999994e+04 1.314281005859375000e+03
2.501279699999999866e+04 1.314285156250000000e+03
2.501288000000000102e+04 1.314288574218750000e+03
2.501296299999999974e+04 1.314291748046875000e+03
2.501304599999999846e+04 1.314295166015625000e+03
2.501312900000000081e+04 1.314298706054687500e+03
2.501321199999999953e+04 1.314303100585937500e+03
2.501329499999999825e+04 1.314308105468750000e+03
2.501337800000000061e+04 1.314313598632812500e+03
2.501346099999999933e+04 1.314319335937500000e+03
2.501354400000000169e+04 1.314361572265625000e+03
2.501362700000000041e+04 1.314367309570312500e+03
2.501370999999999913e+04 1.314383911132812500e+03
2.501379300000000148e+04 1.314388061523437500e+03
2.501387600000000020e+04 1.314391479492187500e+03
2.501395899999999892e+04 1.314394653320312500e+03
2.501404200000000128e+04 1.314398071289062500e+03
2.501412500000000000e+04 1.314401611328125000e+03
2.501420799999999872e+04 1.314405761718750000e+03
2.501429100000000108e+04 1.314410766601562500e+03
2.501437399999999980e+04 1.314416259765625000e+03
2.501445699999999852e+04 1.314421997070312500e+03
2.501454000000000087e+04 1.314463012695312500e+03
2.501462299999999959e+04 1.314468627929687500e+03
2.501470599999999831e+04 1.314484741210937500e+03
2.501478900000000067e+04 1.314488891601562500e+03
2.501487199999999939e+04 1.314492431640625000e+03
2.501495500000000175e+04 1.314495483398437500e+03
2.501503800000000047e+04 1.314499023437500000e+03
2.501512099999999919e+04 1.314502563476562500e+03
2.501520400000000154e+04 1.314506713867187500e+03
2.501528700000000026e+04 1.314511718750000000e+03
2.501536999999999898e+04 1.314517211914062500e+03
2.501545300000000134e+04 1.314522827148437500e+03
2.501553600000000006e+04 1.314562622070312500e+03
2.501561899999999878e+04 1.314568359375000000e+03
2.501570200000000114e+04 1.314584106445312500e+03
2.501578499999999985e+04 1.314588256835937500e+03
2.501586799999999857e+04 1.314591674804687500e+03
2.501595100000000093e+04 1.314594848632812500e+03
2.501603399999999965e+04 1.314598266601562500e+03
2.501611699999999837e+04 1.314601806640625000e+03
2.501620000000000073e+04 1.314605957031250000e+03
2.501628299999999945e+04 1.314610961914062500e+03
2.501636600000000180e+04 1.314616455078125000e+03
2.501644900000000052e+04 1.314622192382812500e+03
2.501653199999999924e+04 1.314660888671875000e+03
2.501661500000000160e+04 1.314666503906250000e+03
2.501669800000000032e+04 1.314682128906250000e+03
2.501678099999999904e+04 1.314686401367187500e+03
2.501686400000000140e+04 1.314690063476562500e+03
2.501694700000000012e+04 1.314693115234375000e+03
2.501702999999999884e+04 1.314696533203125000e+03
2.501711300000000119e+04 1.314700073242187500e+03
2.501719599999999991e+04 1.314704223632812500e+03
2.501727899999999863e+04 1.314709106445312500e+03
2.501736200000000099e+04 1.314714599609375000e+03
2.501744499999999971e+04 1.314720214843750000e+03
2.501752799999999843e+04 1.314757934570312500e+03
2.501761100000000079e+04 1.314763793945312500e+03
2.501769399999999951e+04 1.314779052734375000e+03
2.501777699999999822e+04 1.314783325195312500e+03
2.501786000000000058e+04 1.314786987304687500e+03
2.501794299999999930e+04 1.314790039062500000e+03
2.501802600000000166e+04 1.314793457031250000e+03
2.501810900000000038e+04 1.314796997070312500e+03
2.501819199999999910e+04 1.314800903320312500e+03
2.501827500000000146e+04 1.314805786132812500e+03
2.501835800000000017e+04 1.314811279296875000e+03
2.501844099999999889e+04 1.314816894531250000e+03
2.501852400000000125e+04 1.314853759765625000e+03
2.501860699999999997e+04 1.314859497070312500e+03
2.501868999999999869e+04 1.314874633789062500e+03
2.501877300000000105e+04 1.314878906250000000e+03
2.501885599999999977e+04 1.314882446289062500e+03
2.501893899999999849e+04 1.314885620117187500e+03
2.501902200000000084e+04 1.314889038085937500e+03
2.501910499999999956e+04 1.314892456054687500e+03
2.501918799999999828e+04 1.314896484375000000e+03
2.501927100000000064e+04 1.314901367187500000e+03
2.501935399999999936e+04 1.314906738281250000e+03
2.501943700000000172e+04 1.314912353515625000e+03
2.501952000000000044e+04 1.314948486328125000e+03
2.501960299999999916e+04 1.314954345703125000e+03
2.501968600000000151e+04 1.314969116210937500e+03
2.501976900000000023e+04 1.314973388671875000e+03
2.501985199999999895e+04 1.314976928710937500e+03
2.501993500000000131e+04 1.314980102539062500e+03
