2.500009800000000178e+04 0.000000000000000000e+00
2.500018100000000049e+04 0.000000000000000000e+00
2.500026399999999921e+04 0.000000000000000000e+00
2.500034700000000157e+04 0.000000000000000000e+00
2.500043000000000029e+04 0.000000000000000000e+00
2.500051299999999901e+04 7.094418334960937500e+01
2.500059600000000137e+04 1.793758697509765625e+02
2.500067900000000009e+04 1.360731658935546875e+02
2.500076199999999881e+04 9.267023801803588867e-01
2.500084500000000116e+04 0.000000000000000000e+00
2.500092799999999988e+04 0.000000000000000000e+00
2.500101099999999860e+04 0.000000000000000000e+00
2.500109400000000096e+04 0.000000000000000000e+00
2.500117699999999968e+04 0.000000000000000000e+00
2.500125999999999840e+04 0.000000000000000000e+00
2.500134300000000076e+04 0.000000000000000000e+00
2.500142599999999948e+04 0.000000000000000000e+00
2.500150899999999820e+04 4.895645141601562500e+01
2.500159200000000055e+04 1.677182006835937500e+02
2.500167499999999927e+04 1.329284667968750000e+02
2.500175800000000163e+04 1.457586526870727539e+00
2.500184100000000035e+04 0.000000000000000000e+00
2.500192399999999907e+04 0.000000000000000000e+00
2.500200700000000143e+04 0.000000000000000000e+00
2.500209000000000015e+04 0.000000000000000000e+00
2.500217299999999886e+04 0.000000000000000000e+00
2.500225600000000122e+04 0.000000000000000000e+00
2.500233899999999994e+04 0.000000000000000000e+00
2.500242199999999866e+04 0.000000000000000000e+00
2.500250500000000102e+04 4.943046951293945312e+01
2.500258799999999974e+04 1.728313140869140625e+02
2.500267099999999846e+04 1.351490173339843750e+02
2.500275400000000081e+04 1.573728799819946289e+00
2.500283699999999953e+04 0.000000000000000000e+00
2.500291999999999825e+04 0.000000000000000000e+00
2.500300300000000061e+04 0.000000000000000000e+00
2.500308599999999933e+04 0.000000000000000000e+00
2.500316900000000169e+04 0.000000000000000000e+00
2.500325200000000041e+04 0.000000000000000000e+00
2.500333499999999913e+04 0.000000000000000000e+00
2.500341800000000148e+04 0.000000000000000000e+00
2.500350100000000020e+04 5.573529052734375000e+01
2.500358399999999892e+04 1.764163818359375000e+02
2.500366700000000128e+04 1.365291900634765625e+02
2.500375000000000000e+04 1.984361767768859863e+00
2.500383299999999872e+04 0.000000000000000000e+00
2.500391600000000108e+04 0.000000000000000000e+00
2.500399899999999980e+04 0.000000000000000000e+00
2.500408199999999852e+04 0.000000000000000000e+00
2.500416500000000087e+04 0.000000000000000000e+00
2.500424799999999959e+04 0.000000000000000000e+00
2.500433099999999831e+04 0.000000000000000000e+00
2.500441400000000067e+04 0.000000000000000000e+00
2.500449699999999939e+04 6.073979568481445312e+01
2.500458000000000175e+04 1.775566101074218750e+02
2.500466300000000047e+04 1.631747436523437500e+02
2.500474599999999919e+04 3.077220726013183594e+01
2.500482900000000154e+04 0.000000000000000000e+00
2.500491200000000026e+04 0.000000000000000000e+00
2.500499499999999898e+04 0.000000000000000000e+00
2.500507800000000134e+04 0.000000000000000000e+00
2.500516100000000006e+04 0.000000000000000000e+00
2.500524399999999878e+04 0.000000000000000000e+00
2.500532700000000114e+04 0.000000000000000000e+00
2.500540999999999985e+04 0.000000000000000000e+00
2.500549299999999857e+04 4.584308624267578125e+01
2.500557600000000093e+04 1.539879760742187500e+02
2.500565899999999965e+04 1.632096099853515625e+02
2.500574199999999837e+04 3.099476623535156250e+01
2.500582500000000073e+04 0.000000000000000000e+00
2.500590799999999945e+04 0.000000000000000000e+00
2.500599100000000180e+04 0.000000000000000000e+00
2.500607400000000052e+04 0.000000000000000000e+00
2.500615699999999924e+04 0.000000000000000000e+00
2.500624000000000160e+04 0.000000000000000000e+00
2.500632300000000032e+04 0.000000000000000000e+00
2.500640599999999904e+04 0.000000000000000000e+00
2.500648900000000140e+04 4.985930252075195312e+01
2.500657200000000012e+04 1.568971557617187500e+02
2.500665499999999884e+04 1.640315399169921875e+02
2.500673800000000119e+04 3.161942863464355469e+01
2.500682099999999991e+04 7.180375978350639343e-03
2.500690399999999863e+04 0.000000000000000000e+00
2.500698700000000099e+04 0.000000000000000000e+00
2.500706999999999971e+04 0.000000000000000000e+00
2.500715299999999843e+04 0.000000000000000000e+00
2.500723600000000079e+04 0.000000000000000000e+00
2.500731899999999951e+04 0.000000000000000000e+00
2.500740199999999822e+04 0.000000000000000000e+00
2.500748500000000058e+04 5.010153198242187500e+01
2.500756799999999930e+04 1.574888763427734375e+02
2.500765100000000166e+04 1.649426879882812500e+02
2.500773400000000038e+04 3.215420150756835938e+01
2.500781699999999910e+04 4.160727560520172119e-02
2.500790000000000146e+04 0.000000000000000000e+00
2.500798300000000017e+04 0.000000000000000000e+00
2.500806599999999889e+04 0.000000000000000000e+00
2.500814900000000125e+04 0.000000000000000000e+00
2.500823199999999997e+04 0.000000000000000000e+00
2.500831499999999869e+04 0.000000000000000000e+00
2.500839800000000105e+04 0.000000000000000000e+00
2.500848099999999977e+04 5.328199768066406250e+01
2.500856399999999849e+04 1.585607910156250000e+02
2.500864700000000084e+04 1.926730651855468750e+02
2.500872999999999956e+04 6.535188293457031250e+01
2.500881299999999828e+04 1.969549953937530518e-01
2.500889600000000064e+04 0.000000000000000000e+00
2.500897899999999936e+04 0.000000000000000000e+00
2.500906200000000172e+04 0.000000000000000000e+00
2.500914500000000044e+04 0.000000000000000000e+00
2.500922799999999916e+04 0.000000000000000000e+00
2.500931100000000151e+04 0.000000000000000000e+00
2.500939400000000023e+04 0.000000000000000000e+00
2.500947699999999895e+04 3.895815658569335938e+01
2.500956000000000131e+04 1.303178253173828125e+02
2.500964300000000003e+04 1.774222106933593750e+02
2.500972599999999875e+04 6.181114578247070312e+01
2.500980900000000111e+04 2.121123075485229492e-01
2.500989199999999983e+04 0.000000000000000000e+00
2.500997499999999854e+04 0.000000000000000000e+00
2.501005800000000090e+04 0.000000000000000000e+00
2.501014099999999962e+04 0.000000000000000000e+00
2.501022399999999834e+04 0.000000000000000000e+00
2.501030700000000070e+04 0.000000000000000000e+00
2.501038999999999942e+04 0.000000000000000000e+00
2.501047300000000178e+04 3.910900878906250000e+01
2.501055600000000049e+04 1.303473968505859375e+02
2.501063899999999921e+04 1.779190521240234375e+02
2.501072200000000157e+04 6.217780303955078125e+01
2.501080500000000029e+04 2.543869316577911377e-01
2.501088799999999901e+04 0.000000000000000000e+00
2.501097100000000137e+04 0.000000000000000000e+00
2.501105400000000009e+04 0.000000000000000000e+00
2.501113699999999881e+04 0.000000000000000000e+00
2.501122000000000116e+04 0.000000000000000000e+00
2.501130299999999988e+04 0.000000000000000000e+00
2.501138599999999860e+04 0.000000000000000000e+00
2.501146900000000096e+04 3.924471664428710938e+01
2.501155199999999968e+04 1.322739868164062500e+02
2.501163499999999840e+04 1.783956146240234375e+02
2.501171800000000076e+04 6.250653457641601562e+01
2.501180099999999948e+04 2.913157641887664795e-01
2.501188399999999820e+04 0.000000000000000000e+00
2.501196700000000055e+04 0.000000000000000000e+00
2.501204999999999927e+04 0.000000000000000000e+00
2.501213300000000163e+04 0.000000000000000000e+00
2.501221600000000035e+04 0.000000000000000000e+00
2.501229899999999907e+04 0.000000000000000000e+00
2.501238200000000143e+04 0.000000000000000000e+00
2.501246500000000015e+04 3.936565017700195312e+01
2.501254799999999886e+04 1.327004089355468750e+02
2.501263100000000122e+04 1.792452697753906250e+02
2.501271399999999994e+04 9.438632202148437500e+01
2.501279699999999866e+04 1.391450405120849609e+00
2.501288000000000102e+04 0.000000000000000000e+00
2.501296299999999974e+04 0.000000000000000000e+00
2.501304599999999846e+04 0.000000000000000000e+00
2.501312900000000081e+04 0.000000000000000000e+00
2.501321199999999953e+04 0.000000000000000000e+00
2.501329499999999825e+04 0.000000000000000000e+00
2.501337800000000061e+04 0.000000000000000000e+00
2.501346099999999933e+04 2.592091178894042969e+01
2.501354400000000169e+04 1.123826522827148438e+02
2.501362700000000041e+04 1.808994140625000000e+02
2.501370999999999913e+04 9.287921142578125000e+01
2.501379300000000148e+04 1.508382558822631836e+00
2.501387600000000020e+04 0.000000000000000000e+00
2.501395899999999892e+04 0.000000000000000000e+00
2.501404200000000128e+04 0.000000000000000000e+00
2.501412500000000000e+04 0.000000000000000000e+00
2.501420799999999872e+04 0.000000000000000000e+00
2.501429100000000108e+04 0.000000000000000000e+00
2.501437399999999980e+04 0.000000000000000000e+00
2.501445699999999852e+04 2.600044250488281250e+01
2.501454000000000087e+04 1.125787124633789062e+02
2.501462299999999959e+04 1.822985992431640625e+02
2.501470599999999831e+04 9.314820861816406250e+01
2.501478900000000067e+04 1.611740231513977051e+00
2.501487199999999939e+04 0.000000000000000000e+00
2.501495500000000175e+04 0.000000000000000000e+00
2.501503800000000047e+04 0.000000000000000000e+00
2.501512099999999919e+04 0.000000000000000000e+00
2.501520400000000154e+04 0.000000000000000000e+00
2.501528700000000026e+04 0.000000000000000000e+00
2.501536999999999898e+04 0.000000000000000000e+00
2.501545300000000134e+04 2.607234382629394531e+01
2.501553600000000006e+04 1.127632141113281250e+02
2.501561899999999878e+04 1.826739349365234375e+02
2.501570200000000114e+04 9.339054870605468750e+01
2.501578499999999985e+04 1.703595638275146484e+00
2.501586799999999857e+04 0.000000000000000000e+00
2.501595100000000093e+04 0.000000000000000000e+00
2.501603399999999965e+04 0.000000000000000000e+00
2.501611699999999837e+04 0.000000000000000000e+00
2.501620000000000073e+04 0.000000000000000000e+00
2.501628299999999945e+04 0.000000000000000000e+00
2.501636600000000180e+04 0.000000000000000000e+00
2.501644900000000052e+04 2.817201995849609375e+01
2.501653199999999924e+04 1.134927215576171875e+02
2.501661500000000160e+04 1.833265228271484375e+02
2.501669800000000032e+04 1.244431457519531250e+02
2.501678099999999904e+04 3.374005317687988281e+00
2.501686400000000140e+04 0.000000000000000000e+00
2.501694700000000012e+04 0.000000000000000000e+00
2.501702999999999884e+04 0.000000000000000000e+00
2.501711300000000119e+04 0.000000000000000000e+00
2.501719599999999991e+04 0.000000000000000000e+00
2.501727899999999863e+04 0.000000000000000000e+00
2.501736200000000099e+04 0.000000000000000000e+00
2.501744499999999971e+04 1.212817955017089844e+01
2.501752799999999843e+04 9.412429046630859375e+01
2.501761100000000079e+04 1.864967651367187500e+02
2.501769399999999951e+04 1.205511245727539062e+02
2.501777699999999822e+04 3.467445373535156250e+00
2.501786000000000058e+04 0.000000000000000000e+00
2.501794299999999930e+04 0.000000000000000000e+00
2.501802600000000166e+04 0.000000000000000000e+00
2.501810900000000038e+04 0.000000000000000000e+00
2.501819199999999910e+04 0.000000000000000000e+00
2.501827500000000146e+04 0.000000000000000000e+00
2.501835800000000017e+04 0.000000000000000000e+00
2.501844099999999889e+04 1.215897655487060547e+01
2.501852400000000125e+04 9.425542449951171875e+01
2.501860699999999997e+04 1.862650146484375000e+02
2.501868999999999869e+04 1.208131790161132812e+02
2.501877300000000105e+04 3.548975229263305664e+00
2.501885599999999977e+04 0.000000000000000000e+00
2.501893899999999849e+04 0.000000000000000000e+00
2.501902200000000084e+04 0.000000000000000000e+00
2.501910499999999956e+04 0.000000000000000000e+00
2.501918799999999828e+04 0.000000000000000000e+00
2.501927100000000064e+04 0.000000000000000000e+00
2.501935399999999936e+04 0.000000000000000000e+00
2.501943700000000172e+04 1.218821811676025391e+01
2.501952000000000044e+04 9.437883758544921875e+01
2.501960299999999916e+04 1.867946624755859375e+02
2.501968600000000151e+04 1.212215652465820312e+02
2.501976900000000023e+04 3.622937679290771484e+00
2.501985199999999895e+04 0.000000000000000000e+00
2.501993500000000131e+04 0.000000000000000000e+00
