2.500009800000000178e+04 1.219836473464965820e+00
2.500018100000000049e+04 1.224021553993225098e+00
2.500026399999999921e+04 1.224910974502563477e+00
2.500034700000000157e+04 1.225814938545227051e+00
2.500043000000000029e+04 1.226758122444152832e+00
2.500051299999999901e+04 2.788222551345825195e+00
2.500059600000000137e+04 1.967050075531005859e+00
2.500067900000000009e+04 1.926762819290161133e+00
2.500076199999999881e+04 1.964380025863647461e+00
2.500084500000000116e+04 1.648523449897766113e+00
2.500092799999999988e+04 1.233452439308166504e+00
2.500101099999999860e+04 1.234427928924560547e+00
2.500109400000000096e+04 1.235412001609802246e+00
2.500117699999999968e+04 1.236402392387390137e+00
2.500125999999999840e+04 1.237399578094482422e+00
2.500134300000000076e+04 1.238405585289001465e+00
2.500142599999999948e+04 1.239418745040893555e+00
2.500150899999999820e+04 1.240569233894348145e+00
2.500159200000000055e+04 2.170520305633544922e+00
2.500167499999999927e+04 1.939930319786071777e+00
2.500175800000000163e+04 1.980859398841857910e+00
2.500184100000000035e+04 1.703793168067932129e+00
2.500192399999999907e+04 1.246635079383850098e+00
2.500200700000000143e+04 1.247664690017700195e+00
2.500209000000000015e+04 1.248697161674499512e+00
2.500217299999999886e+04 1.249730467796325684e+00
2.500225600000000122e+04 1.250765323638916016e+00
2.500233899999999994e+04 1.251803994178771973e+00
2.500242199999999866e+04 1.252844929695129395e+00
2.500250500000000102e+04 1.254015326499938965e+00
2.500258799999999974e+04 2.185896158218383789e+00
2.500267099999999846e+04 1.952229022979736328e+00
2.500275400000000081e+04 1.994159221649169922e+00
2.500283699999999953e+04 1.747508049011230469e+00
2.500291999999999825e+04 1.260131955146789551e+00
2.500300300000000061e+04 1.261158943176269531e+00
2.500308599999999933e+04 1.262185335159301758e+00
2.500316900000000169e+04 1.263209223747253418e+00
2.500325200000000041e+04 1.264231801033020020e+00
2.500333499999999913e+04 1.265255093574523926e+00
2.500341800000000148e+04 1.266278028488159180e+00
2.500350100000000020e+04 1.267425417900085449e+00
2.500358399999999892e+04 2.186901092529296875e+00
2.500366700000000128e+04 1.964707493782043457e+00
2.500375000000000000e+04 2.006202220916748047e+00
2.500383299999999872e+04 1.784981846809387207e+00
2.500391600000000108e+04 1.273466229438781738e+00
2.500399899999999980e+04 1.274458527565002441e+00
2.500408199999999852e+04 1.275448560714721680e+00
2.500416500000000087e+04 1.276434659957885742e+00
2.500424799999999959e+04 1.277417302131652832e+00
2.500433099999999831e+04 1.278399825096130371e+00
2.500441400000000067e+04 1.279380440711975098e+00
2.500449699999999939e+04 2.898007154464721680e+00
2.500458000000000175e+04 2.022220849990844727e+00
2.500466300000000047e+04 1.982061505317687988e+00
2.500474599999999919e+04 1.998499751091003418e+00
2.500482900000000154e+04 2.124571084976196289e+00
2.500491200000000026e+04 1.341632723808288574e+00
2.500499499999999898e+04 1.287210464477539062e+00
2.500507800000000134e+04 1.288149476051330566e+00
2.500516100000000006e+04 1.289083957672119141e+00
2.500524399999999878e+04 1.290014743804931641e+00
2.500532700000000114e+04 1.290943741798400879e+00
2.500540999999999985e+04 1.291870713233947754e+00
2.500549299999999857e+04 2.951000452041625977e+00
2.500557600000000093e+04 2.035561800003051758e+00
2.500565899999999965e+04 2.010646581649780273e+00
2.500574199999999837e+04 2.011236190795898438e+00
2.500582500000000073e+04 2.136714696884155273e+00
2.500590799999999945e+04 1.361871123313903809e+00
2.500599100000000180e+04 1.299221277236938477e+00
2.500607400000000052e+04 1.300103545188903809e+00
2.500615699999999924e+04 1.300981283187866211e+00
2.500624000000000160e+04 1.301854848861694336e+00
2.500632300000000032e+04 1.302726864814758301e+00
2.500640599999999904e+04 1.303596615791320801e+00
2.500648900000000140e+04 2.856637239456176758e+00
2.500657200000000012e+04 2.059167146682739258e+00
2.500665499999999884e+04 2.021398305892944336e+00
2.500673800000000119e+04 2.022515296936035156e+00
2.500682099999999991e+04 2.147198200225830078e+00
2.500690399999999863e+04 1.380124688148498535e+00
2.500698700000000099e+04 1.310545563697814941e+00
2.500706999999999971e+04 1.311370372772216797e+00
2.500715299999999843e+04 1.312190651893615723e+00
2.500723600000000079e+04 1.313007116317749023e+00
2.500731899999999951e+04 1.313821911811828613e+00
2.500740199999999822e+04 1.314634799957275391e+00
2.500748500000000058e+04 2.927653789520263672e+00
2.500756799999999930e+04 2.063327312469482422e+00
2.500765100000000166e+04 2.031902790069580078e+00
2.500773400000000038e+04 2.032543182373046875e+00
2.500781699999999910e+04 2.159379959106445312e+00
2.500790000000000146e+04 1.395892739295959473e+00
2.500798300000000017e+04 1.321181178092956543e+00
2.500806599999999889e+04 1.321950197219848633e+00
2.500814900000000125e+04 1.322715044021606445e+00
2.500823199999999997e+04 1.323476076126098633e+00
2.500831499999999869e+04 1.324236035346984863e+00
2.500839800000000105e+04 1.324994206428527832e+00
2.500848099999999977e+04 2.892826080322265625e+00
2.500856399999999849e+04 2.078387260437011719e+00
2.500864700000000084e+04 2.040877580642700195e+00
2.500872999999999956e+04 2.025217294692993164e+00
2.500881299999999828e+04 2.139890670776367188e+00
2.500889600000000064e+04 1.531857132911682129e+00
2.500897899999999936e+04 1.331236481666564941e+00
2.500906200000000172e+04 1.331952571868896484e+00
2.500914500000000044e+04 1.332664966583251953e+00
2.500922799999999916e+04 1.333373904228210449e+00
2.500931100000000151e+04 1.334081292152404785e+00
2.500939400000000023e+04 1.334787487983703613e+00
2.500947699999999895e+04 3.033127069473266602e+00
2.500956000000000131e+04 2.076115131378173828e+00
2.500964300000000003e+04 2.076572179794311523e+00
2.500972599999999875e+04 2.042928218841552734e+00
2.500980900000000111e+04 2.151474952697753906e+00
2.500989199999999983e+04 1.523089766502380371e+00
2.500997499999999854e+04 1.340673327445983887e+00
2.501005800000000090e+04 1.341340422630310059e+00
2.501014099999999962e+04 1.341603279113769531e+00
2.501022399999999834e+04 1.342263340950012207e+00
2.501030700000000070e+04 1.342922210693359375e+00
2.501038999999999942e+04 1.343580365180969238e+00
2.501047300000000178e+04 3.089419364929199219e+00
2.501055600000000049e+04 2.079977035522460938e+00
2.501063899999999921e+04 2.084043741226196289e+00
2.501072200000000157e+04 2.051443576812744141e+00
2.501080500000000029e+04 2.159866094589233398e+00
2.501088799999999901e+04 1.542572617530822754e+00
2.501097100000000137e+04 1.349134564399719238e+00
2.501105400000000009e+04 1.349755883216857910e+00
2.501113699999999881e+04 1.350374341011047363e+00
2.501122000000000116e+04 1.350989937782287598e+00
2.501130299999999988e+04 1.351604819297790527e+00
2.501138599999999860e+04 1.352219104766845703e+00
2.501146900000000096e+04 3.038321495056152344e+00
2.501155199999999968e+04 2.099386453628540039e+00
2.501163499999999840e+04 2.091794490814208984e+00
2.501171800000000076e+04 2.059692144393920898e+00
2.501180099999999948e+04 2.167184591293334961e+00
2.501188399999999820e+04 1.561500191688537598e+00
2.501196700000000055e+04 1.357467055320739746e+00
2.501204999999999927e+04 1.358047008514404297e+00
2.501213300000000163e+04 1.358624458312988281e+00
2.501221600000000035e+04 1.359199047088623047e+00
2.501229899999999907e+04 1.359773397445678711e+00
2.501238200000000143e+04 1.360347628593444824e+00
2.501246500000000015e+04 2.999541759490966797e+00
2.501254799999999886e+04 2.110475540161132812e+00
2.501263100000000122e+04 2.099565267562866211e+00
2.501271399999999994e+04 2.066915988922119141e+00
2.501279699999999866e+04 2.141041040420532227e+00
2.501288000000000102e+04 1.725433588027954102e+00
2.501296299999999974e+04 1.365390658378601074e+00
2.501304599999999846e+04 1.365932345390319824e+00
2.501312900000000081e+04 1.366472125053405762e+00
2.501321199999999953e+04 1.367009520530700684e+00
2.501329499999999825e+04 1.367546916007995605e+00
2.501337800000000061e+04 1.368083953857421875e+00
2.501346099999999933e+04 1.368669748306274414e+00
2.501354400000000169e+04 2.451463460922241211e+00
2.501362700000000041e+04 2.107635736465454102e+00
2.501370999999999913e+04 2.070950984954833984e+00
2.501379300000000148e+04 2.153788805007934570e+00
2.501387600000000020e+04 1.757919669151306152e+00
2.501395899999999892e+04 1.372903108596801758e+00
2.501404200000000128e+04 1.373410224914550781e+00
2.501412500000000000e+04 1.373915791511535645e+00
2.501420799999999872e+04 1.374419212341308594e+00
2.501429100000000108e+04 1.374922037124633789e+00
2.501437399999999980e+04 1.375425696372985840e+00
2.501445699999999852e+04 1.375978350639343262e+00
2.501454000000000087e+04 2.454928636550903320e+00
2.501462299999999959e+04 2.115198612213134766e+00
2.501470599999999831e+04 2.077686309814453125e+00
2.501478900000000067e+04 2.160768270492553711e+00
2.501487199999999939e+04 1.769850611686706543e+00
2.501495500000000175e+04 1.380021810531616211e+00
2.501503800000000047e+04 1.380497455596923828e+00
2.501512099999999919e+04 1.380971670150756836e+00
2.501520400000000154e+04 1.381443977355957031e+00
2.501528700000000026e+04 1.381916046142578125e+00
2.501536999999999898e+04 1.382389068603515625e+00
2.501545300000000134e+04 1.382911324501037598e+00
2.501553600000000006e+04 2.465391635894775391e+00
2.501561899999999878e+04 2.120700120925903320e+00
2.501570200000000114e+04 2.084698915481567383e+00
2.501578499999999985e+04 2.167612075805664062e+00
2.501586799999999857e+04 1.782903552055358887e+00
2.501595100000000093e+04 1.386781692504882812e+00
2.501603399999999965e+04 1.387228488922119141e+00
2.501611699999999837e+04 1.387674093246459961e+00
2.501620000000000073e+04 1.388117671012878418e+00
2.501628299999999945e+04 1.388561606407165527e+00
2.501636600000000180e+04 1.389006733894348145e+00
2.501644900000000052e+04 1.389501214027404785e+00
2.501653199999999924e+04 2.471897125244140625e+00
2.501661500000000160e+04 2.127370834350585938e+00
2.501669800000000032e+04 2.091051578521728516e+00
2.501678099999999904e+04 2.143080711364746094e+00
2.501686400000000140e+04 1.906018495559692383e+00
2.501694700000000012e+04 1.393275141716003418e+00
2.501702999999999884e+04 1.393695116043090820e+00
2.501711300000000119e+04 1.394114613533020020e+00
2.501719599999999991e+04 1.394532203674316406e+00
2.501727899999999863e+04 1.394950270652770996e+00
2.501736200000000099e+04 1.395369291305541992e+00
2.501744499999999971e+04 1.395838499069213867e+00
2.501752799999999843e+04 2.611096620559692383e+00
2.501761100000000079e+04 2.138450145721435547e+00
2.501769399999999951e+04 2.095995903015136719e+00
2.501777699999999822e+04 2.152467727661132812e+00
2.501786000000000058e+04 1.925333857536315918e+00
2.501794299999999930e+04 1.399419546127319336e+00
2.501802600000000166e+04 1.399815320968627930e+00
2.501810900000000038e+04 1.400210738182067871e+00
2.501819199999999910e+04 1.400604486465454102e+00
2.501827500000000146e+04 1.400998234748840332e+00
2.501835800000000017e+04 1.401393771171569824e+00
2.501844099999999889e+04 1.401815056800842285e+00
2.501852400000000125e+04 2.616998910903930664e+00
2.501860699999999997e+04 2.144238233566284180e+00
2.501868999999999869e+04 2.102214813232421875e+00
2.501877300000000105e+04 2.158076524734497070e+00
2.501885599999999977e+04 1.934417128562927246e+00
2.501893899999999849e+04 1.405273079872131348e+00
2.501902200000000084e+04 1.405646800994873047e+00
2.501910499999999956e+04 1.406020283699035645e+00
2.501918799999999828e+04 1.406392216682434082e+00
2.501927100000000064e+04 1.406764268875122070e+00
2.501935399999999936e+04 1.407138347625732422e+00
2.501943700000000172e+04 1.407538294792175293e+00
2.501952000000000044e+04 2.630262851715087891e+00
2.501960299999999916e+04 2.148758649826049805e+00
2.501968600000000151e+04 2.107255458831787109e+00
2.501976900000000023e+04 2.163700342178344727e+00
2.501985199999999895e+04 1.942847609519958496e+00
2.501993500000000131e+04 1.410875439643859863e+00
