2.500009800000000178e+04 0.000000000000000000e+00
2.500018100000000049e+04 0.000000000000000000e+00
2.500026399999999921e+04 0.000000000000000000e+00
2.500034700000000157e+04 0.000000000000000000e+00
2.500043000000000029e+04 2.030561447143554688e+00
2.500051299999999901e+04 8.414777374267578125e+01
2.500059600000000137e+04 2.011331787109375000e+02
2.500067900000000009e+04 1.537560272216796875e+02
2.500076199999999881e+04 3.209621667861938477e+00
2.500084500000000116e+04 0.000000000000000000e+00
2.500092799999999988e+04 0.000000000000000000e+00
2.500101099999999860e+04 0.000000000000000000e+00
2.500109400000000096e+04 0.000000000000000000e+00
2.500117699999999968e+04 0.000000000000000000e+00
2.500125999999999840e+04 0.000000000000000000e+00
2.500134300000000076e+04 0.000000000000000000e+00
2.500142599999999948e+04 0.000000000000000000e+00
2.500150899999999820e+04 6.295303726196289062e+01
2.500159200000000055e+04 1.889389648437500000e+02
2.500167499999999927e+04 1.490502014160156250e+02
2.500175800000000163e+04 3.797672748565673828e+00
2.500184100000000035e+04 0.000000000000000000e+00
2.500192399999999907e+04 0.000000000000000000e+00
2.500200700000000143e+04 0.000000000000000000e+00
2.500209000000000015e+04 0.000000000000000000e+00
2.500217299999999886e+04 0.000000000000000000e+00
2.500225600000000122e+04 0.000000000000000000e+00
2.500233899999999994e+04 0.000000000000000000e+00
2.500242199999999866e+04 0.000000000000000000e+00
2.500250500000000102e+04 6.336183166503906250e+01
2.500258799999999974e+04 1.904148864746093750e+02
2.500267099999999846e+04 1.496885528564453125e+02
2.500275400000000081e+04 4.254728794097900391e+00
2.500283699999999953e+04 0.000000000000000000e+00
2.500291999999999825e+04 0.000000000000000000e+00
2.500300300000000061e+04 0.000000000000000000e+00
2.500308599999999933e+04 0.000000000000000000e+00
2.500316900000000169e+04 0.000000000000000000e+00
2.500325200000000041e+04 0.000000000000000000e+00
2.500333499999999913e+04 0.000000000000000000e+00
2.500341800000000148e+04 0.000000000000000000e+00
2.500350100000000020e+04 6.762843322753906250e+01
2.500358399999999892e+04 1.938730468750000000e+02
2.500366700000000128e+04 1.518006591796875000e+02
2.500375000000000000e+04 4.644127845764160156e+00
2.500383299999999872e+04 0.000000000000000000e+00
2.500391600000000108e+04 0.000000000000000000e+00
2.500399899999999980e+04 0.000000000000000000e+00
2.500408199999999852e+04 0.000000000000000000e+00
2.500416500000000087e+04 0.000000000000000000e+00
2.500424799999999959e+04 0.000000000000000000e+00
2.500433099999999831e+04 0.000000000000000000e+00
2.500441400000000067e+04 2.213168859481811523e+00
2.500449699999999939e+04 6.793506622314453125e+01
2.500458000000000175e+04 1.977687835693359375e+02
2.500466300000000047e+04 1.808752899169921875e+02
2.500474599999999919e+04 3.619019699096679688e+01
2.500482900000000154e+04 3.311394155025482178e-01
2.500491200000000026e+04 0.000000000000000000e+00
2.500499499999999898e+04 0.000000000000000000e+00
2.500507800000000134e+04 0.000000000000000000e+00
2.500516100000000006e+04 0.000000000000000000e+00
2.500524399999999878e+04 0.000000000000000000e+00
2.500532700000000114e+04 0.000000000000000000e+00
2.500540999999999985e+04 1.740879297256469727e+00
2.500549299999999857e+04 5.555937576293945312e+01
2.500557600000000093e+04 1.719390411376953125e+02
2.500565899999999965e+04 1.792458801269531250e+02
2.500574199999999837e+04 3.668152618408203125e+01
2.500582500000000073e+04 3.773407638072967529e-01
2.500590799999999945e+04 0.000000000000000000e+00
2.500599100000000180e+04 0.000000000000000000e+00
2.500607400000000052e+04 0.000000000000000000e+00
2.500615699999999924e+04 0.000000000000000000e+00
2.500624000000000160e+04 0.000000000000000000e+00
2.500632300000000032e+04 0.000000000000000000e+00
2.500640599999999904e+04 1.760855436325073242e+00
2.500648900000000140e+04 5.576796340942382812e+01
2.500657200000000012e+04 1.724636535644531250e+02
2.500665499999999884e+04 1.798462371826171875e+02
2.500673800000000119e+04 3.710094451904296875e+01
2.500682099999999991e+04 4.156944155693054199e-01
2.500690399999999863e+04 0.000000000000000000e+00
2.500698700000000099e+04 0.000000000000000000e+00
2.500706999999999971e+04 0.000000000000000000e+00
2.500715299999999843e+04 0.000000000000000000e+00
2.500723600000000079e+04 0.000000000000000000e+00
2.500731899999999951e+04 0.000000000000000000e+00
2.500740199999999822e+04 1.777697682380676270e+00
2.500748500000000058e+04 5.849533462524414062e+01
2.500756799999999930e+04 1.738343353271484375e+02
2.500765100000000166e+04 1.813355102539062500e+02
2.500773400000000038e+04 3.745697784423828125e+01
2.500781699999999910e+04 4.479553997516632080e-01
2.500790000000000146e+04 0.000000000000000000e+00
2.500798300000000017e+04 0.000000000000000000e+00
2.500806599999999889e+04 0.000000000000000000e+00
2.500814900000000125e+04 0.000000000000000000e+00
2.500823199999999997e+04 0.000000000000000000e+00
2.500831499999999869e+04 0.000000000000000000e+00
2.500839800000000105e+04 1.792073130607604980e+00
2.500848099999999977e+04 5.867251205444335938e+01
2.500856399999999849e+04 1.757200164794921875e+02
2.500864700000000084e+04 2.104323272705078125e+02
2.500872999999999956e+04 7.047986602783203125e+01
2.500881299999999828e+04 1.304993033409118652e+00
2.500889600000000064e+04 0.000000000000000000e+00
2.500897899999999936e+04 0.000000000000000000e+00
2.500906200000000172e+04 0.000000000000000000e+00
2.500914500000000044e+04 0.000000000000000000e+00
2.500922799999999916e+04 0.000000000000000000e+00
2.500931100000000151e+04 0.000000000000000000e+00
2.500939400000000023e+04 1.306751608848571777e+00
2.500947699999999895e+04 4.358616638183593750e+01
2.500956000000000131e+04 1.404931030273437500e+02
2.500964300000000003e+04 1.948613281250000000e+02
2.500972599999999875e+04 7.019116210937500000e+01
2.500980900000000111e+04 1.162432312965393066e+00
2.500989199999999983e+04 0.000000000000000000e+00
2.500997499999999854e+04 0.000000000000000000e+00
2.501005800000000090e+04 0.000000000000000000e+00
2.501014099999999962e+04 0.000000000000000000e+00
2.501022399999999834e+04 0.000000000000000000e+00
2.501030700000000070e+04 0.000000000000000000e+00
2.501038999999999942e+04 1.317231059074401855e+00
2.501047300000000178e+04 4.370120620727539062e+01
2.501055600000000049e+04 1.426135253906250000e+02
2.501063899999999921e+04 1.952672271728515625e+02
2.501072200000000157e+04 7.047579956054687500e+01
2.501080500000000029e+04 1.247106671333312988e+00
2.501088799999999901e+04 0.000000000000000000e+00
2.501097100000000137e+04 0.000000000000000000e+00
2.501105400000000009e+04 0.000000000000000000e+00
2.501113699999999881e+04 0.000000000000000000e+00
2.501122000000000116e+04 0.000000000000000000e+00
2.501130299999999988e+04 0.000000000000000000e+00
2.501138599999999860e+04 1.326407313346862793e+00
2.501146900000000096e+04 4.439382171630859375e+01
2.501155199999999968e+04 1.428899383544921875e+02
2.501163499999999840e+04 1.958659210205078125e+02
2.501171800000000076e+04 7.082276916503906250e+01
2.501180099999999948e+04 1.328271746635437012e+00
2.501188399999999820e+04 0.000000000000000000e+00
2.501196700000000055e+04 0.000000000000000000e+00
2.501204999999999927e+04 0.000000000000000000e+00
2.501213300000000163e+04 0.000000000000000000e+00
2.501221600000000035e+04 0.000000000000000000e+00
2.501229899999999907e+04 0.000000000000000000e+00
2.501238200000000143e+04 1.334498286247253418e+00
2.501246500000000015e+04 4.586141967773437500e+01
2.501254799999999886e+04 1.432566680908203125e+02
2.501263100000000122e+04 1.974915618896484375e+02
2.501271399999999994e+04 1.043053054809570312e+02
2.501279699999999866e+04 2.730010271072387695e+00
2.501288000000000102e+04 0.000000000000000000e+00
2.501296299999999974e+04 0.000000000000000000e+00
2.501304599999999846e+04 0.000000000000000000e+00
2.501312900000000081e+04 0.000000000000000000e+00
2.501321199999999953e+04 0.000000000000000000e+00
2.501329499999999825e+04 0.000000000000000000e+00
2.501337800000000061e+04 0.000000000000000000e+00
2.501346099999999933e+04 3.130100250244140625e+01
2.501354400000000169e+04 1.179815826416015625e+02
2.501362700000000041e+04 2.020208892822265625e+02
2.501370999999999913e+04 1.008812789916992188e+02
2.501379300000000148e+04 3.037942647933959961e+00
2.501387600000000020e+04 0.000000000000000000e+00
2.501395899999999892e+04 0.000000000000000000e+00
2.501404200000000128e+04 0.000000000000000000e+00
2.501412500000000000e+04 0.000000000000000000e+00
2.501420799999999872e+04 0.000000000000000000e+00
2.501429100000000108e+04 0.000000000000000000e+00
2.501437399999999980e+04 0.000000000000000000e+00
2.501445699999999852e+04 3.137102127075195312e+01
2.501454000000000087e+04 1.181708602905273438e+02
2.501462299999999959e+04 2.033002471923828125e+02
2.501470599999999831e+04 1.013883361816406250e+02
2.501478900000000067e+04 3.105595111846923828e+00
2.501487199999999939e+04 0.000000000000000000e+00
2.501495500000000175e+04 0.000000000000000000e+00
2.501503800000000047e+04 0.000000000000000000e+00
2.501512099999999919e+04 0.000000000000000000e+00
2.501520400000000154e+04 0.000000000000000000e+00
2.501528700000000026e+04 0.000000000000000000e+00
2.501536999999999898e+04 0.000000000000000000e+00
2.501545300000000134e+04 3.143478393554687500e+01
2.501553600000000006e+04 1.198360519409179688e+02
2.501561899999999878e+04 2.036088867187500000e+02
2.501570200000000114e+04 1.016096038818359375e+02
2.501578499999999985e+04 3.171672105789184570e+00
2.501586799999999857e+04 0.000000000000000000e+00
2.501595100000000093e+04 0.000000000000000000e+00
2.501603399999999965e+04 0.000000000000000000e+00
2.501611699999999837e+04 0.000000000000000000e+00
2.501620000000000073e+04 0.000000000000000000e+00
2.501628299999999945e+04 0.000000000000000000e+00
2.501636600000000180e+04 0.000000000000000000e+00
2.501644900000000052e+04 3.149321365356445312e+01
2.501653199999999924e+04 1.199812698364257812e+02
2.501661500000000160e+04 2.041959533691406250e+02
2.501669800000000032e+04 1.352376251220703125e+02
2.501678099999999904e+04 4.735785484313964844e+00
2.501686400000000140e+04 0.000000000000000000e+00
2.501694700000000012e+04 0.000000000000000000e+00
2.501702999999999884e+04 0.000000000000000000e+00
2.501711300000000119e+04 0.000000000000000000e+00
2.501719599999999991e+04 0.000000000000000000e+00
2.501727899999999863e+04 0.000000000000000000e+00
2.501736200000000099e+04 0.000000000000000000e+00
2.501744499999999971e+04 1.670115089416503906e+01
2.501752799999999843e+04 9.871706390380859375e+01
2.501761100000000079e+04 2.049660644531250000e+02
2.501769399999999951e+04 1.322626495361328125e+02
2.501777699999999822e+04 5.000224113464355469e+00
2.501786000000000058e+04 0.000000000000000000e+00
2.501794299999999930e+04 0.000000000000000000e+00
2.501802600000000166e+04 0.000000000000000000e+00
2.501810900000000038e+04 0.000000000000000000e+00
2.501819199999999910e+04 0.000000000000000000e+00
2.501827500000000146e+04 0.000000000000000000e+00
2.501835800000000017e+04 0.000000000000000000e+00
2.501844099999999889e+04 1.673320198059082031e+01
2.501852400000000125e+04 9.889102172851562500e+01
2.501860699999999997e+04 2.048935546875000000e+02
2.501868999999999869e+04 1.328964233398437500e+02
2.501877300000000105e+04 5.054394721984863281e+00
2.501885599999999977e+04 0.000000000000000000e+00
2.501893899999999849e+04 0.000000000000000000e+00
2.501902200000000084e+04 0.000000000000000000e+00
2.501910499999999956e+04 0.000000000000000000e+00
2.501918799999999828e+04 0.000000000000000000e+00
2.501927100000000064e+04 0.000000000000000000e+00
2.501935399999999936e+04 0.000000000000000000e+00
2.501943700000000172e+04 1.676291275024414062e+01
2.501952000000000044e+04 1.003922348022460938e+02
2.501960299999999916e+04 2.064422912597656250e+02
2.501968600000000151e+04 1.332031250000000000e+02
2.501976900000000023e+04 5.103692054748535156e+00
2.501985199999999895e+04 0.000000000000000000e+00
2.501993500000000131e+04 0.000000000000000000e+00
