2.500009800000000178e+04 8.733071327209472656e+00
2.500018100000000049e+04 7.067305564880371094e+00
2.500026399999999921e+04 5.744359493255615234e+00
2.500034700000000157e+04 4.696666240692138672e+00
2.500043000000000029e+04 4.288974761962890625e+00
2.500051299999999901e+04 5.770649433135986328e+00
2.500059600000000137e+04 9.301716804504394531e+00
2.500067900000000009e+04 9.339546203613281250e+00
2.500076199999999881e+04 9.333953857421875000e+00
2.500084500000000116e+04 9.249781608581542969e+00
2.500092799999999988e+04 7.674778461456298828e+00
2.500101099999999860e+04 6.373426437377929688e+00
2.500109400000000096e+04 5.319250583648681641e+00
2.500117699999999968e+04 4.456295490264892578e+00
2.500125999999999840e+04 3.751055479049682617e+00
2.500134300000000076e+04 3.170181989669799805e+00
2.500142599999999948e+04 2.697631835937500000e+00
2.500150899999999820e+04 3.775912284851074219e+00
2.500159200000000055e+04 9.296561241149902344e+00
2.500167499999999927e+04 9.351184844970703125e+00
2.500175800000000163e+04 9.352313995361328125e+00
2.500184100000000035e+04 9.326975822448730469e+00
2.500192399999999907e+04 7.927124500274658203e+00
2.500200700000000143e+04 6.743214607238769531e+00
2.500209000000000015e+04 5.756253242492675781e+00
2.500217299999999886e+04 4.930259227752685547e+00
2.500225600000000122e+04 4.239175796508789062e+00
2.500233899999999994e+04 3.654091596603393555e+00
2.500242199999999866e+04 3.168049812316894531e+00
2.500250500000000102e+04 4.515206336975097656e+00
2.500258799999999974e+04 9.330791473388671875e+00
2.500267099999999846e+04 9.362107276916503906e+00
2.500275400000000081e+04 9.368506431579589844e+00
2.500283699999999953e+04 9.319450378417968750e+00
2.500291999999999825e+04 8.073676109313964844e+00
2.500300300000000061e+04 6.994283199310302734e+00
2.500308599999999933e+04 6.073284626007080078e+00
2.500316900000000169e+04 5.292561531066894531e+00
2.500325200000000041e+04 4.624722003936767578e+00
2.500333499999999913e+04 4.049775123596191406e+00
2.500341800000000148e+04 3.564091920852661133e+00
2.500350100000000020e+04 5.153529167175292969e+00
2.500358399999999892e+04 9.350217819213867188e+00
2.500366700000000128e+04 9.382376670837402344e+00
2.500375000000000000e+04 9.381727218627929688e+00
2.500383299999999872e+04 9.350270271301269531e+00
2.500391600000000108e+04 8.219531059265136719e+00
2.500399899999999980e+04 7.216854095458984375e+00
2.500408199999999852e+04 6.355556964874267578e+00
2.500416500000000087e+04 5.608577728271484375e+00
2.500424799999999959e+04 4.962811946868896484e+00
2.500433099999999831e+04 4.400431156158447266e+00
2.500441400000000067e+04 3.919091701507568359e+00
2.500449699999999939e+04 5.741209506988525391e+00
2.500458000000000175e+04 9.361285209655761719e+00
2.500466300000000047e+04 9.390627861022949219e+00
2.500474599999999919e+04 9.433410644531250000e+00
2.500482900000000154e+04 9.451529502868652344e+00
2.500491200000000026e+04 9.173355102539062500e+00
2.500499499999999898e+04 8.144432067871093750e+00
2.500507800000000134e+04 7.246892929077148438e+00
2.500516100000000006e+04 6.465444087982177734e+00
2.500524399999999878e+04 5.777632713317871094e+00
2.500532700000000114e+04 5.172415733337402344e+00
2.500540999999999985e+04 4.649093627929687500e+00
2.500549299999999857e+04 6.236789226531982422e+00
2.500557600000000093e+04 9.377104759216308594e+00
2.500565899999999965e+04 9.407293319702148438e+00
2.500574199999999837e+04 9.406396865844726562e+00
2.500582500000000073e+04 9.392603874206542969e+00
2.500590799999999945e+04 9.227186203002929688e+00
2.500599100000000180e+04 8.284291267395019531e+00
2.500607400000000052e+04 7.437300205230712891e+00
2.500615699999999924e+04 6.695448398590087891e+00
2.500624000000000160e+04 6.033886909484863281e+00
2.500632300000000032e+04 5.447487354278564453e+00
2.500640599999999904e+04 4.936737060546875000e+00
2.500648900000000140e+04 6.652268886566162109e+00
2.500657200000000012e+04 9.383802413940429688e+00
2.500665499999999884e+04 9.416476249694824219e+00
2.500673800000000119e+04 9.426363945007324219e+00
2.500682099999999991e+04 9.406161308288574219e+00
2.500690399999999863e+04 9.288301467895507812e+00
2.500698700000000099e+04 8.396168708801269531e+00
2.500706999999999971e+04 7.596180915832519531e+00
2.500715299999999843e+04 6.884864807128906250e+00
2.500723600000000079e+04 6.254981040954589844e+00
2.500731899999999951e+04 5.686811447143554688e+00
2.500740199999999822e+04 5.185627937316894531e+00
2.500748500000000058e+04 7.052532196044921875e+00
2.500756799999999930e+04 9.398670196533203125e+00
2.500765100000000166e+04 9.430961608886718750e+00
2.500773400000000038e+04 9.437738418579101562e+00
2.500781699999999910e+04 9.410153388977050781e+00
2.500790000000000146e+04 9.308962821960449219e+00
2.500798300000000017e+04 8.477435111999511719e+00
2.500806599999999889e+04 7.715676307678222656e+00
2.500814900000000125e+04 7.039922714233398438e+00
2.500823199999999997e+04 6.430123805999755859e+00
2.500831499999999869e+04 5.886082649230957031e+00
2.500839800000000105e+04 5.393231868743896484e+00
2.500848099999999977e+04 7.333473205566406250e+00
2.500856399999999849e+04 9.423940658569335938e+00
2.500864700000000084e+04 9.442564964294433594e+00
2.500872999999999956e+04 9.442723274230957031e+00
2.500881299999999828e+04 9.433398246765136719e+00
2.500889600000000064e+04 9.338211059570312500e+00
2.500897899999999936e+04 8.548644065856933594e+00
2.500906200000000172e+04 7.825608253479003906e+00
2.500914500000000044e+04 7.172755718231201172e+00
2.500922799999999916e+04 6.581488132476806641e+00
2.500931100000000151e+04 6.052844047546386719e+00
2.500939400000000023e+04 5.577661514282226562e+00
2.500947699999999895e+04 6.947560310363769531e+00
2.500956000000000131e+04 9.418367385864257812e+00
2.500964300000000003e+04 9.450269699096679688e+00
2.500972599999999875e+04 9.450615882873535156e+00
2.500980900000000111e+04 9.443465232849121094e+00
2.500989199999999983e+04 9.334383010864257812e+00
2.500997499999999854e+04 8.589221000671386719e+00
2.501005800000000090e+04 7.889234066009521484e+00
2.501014099999999962e+04 7.251206398010253906e+00
2.501022399999999834e+04 6.686360359191894531e+00
2.501030700000000070e+04 6.171065330505371094e+00
2.501038999999999942e+04 5.713301181793212891e+00
2.501047300000000178e+04 7.158766746520996094e+00
2.501055600000000049e+04 9.403599739074707031e+00
2.501063899999999921e+04 9.430432319641113281e+00
2.501072200000000157e+04 9.440773010253906250e+00
2.501080500000000029e+04 9.429705619812011719e+00
2.501088799999999901e+04 9.336731910705566406e+00
2.501097100000000137e+04 8.630961418151855469e+00
2.501105400000000009e+04 7.962718963623046875e+00
2.501113699999999881e+04 7.361840248107910156e+00
2.501122000000000116e+04 6.810494899749755859e+00
2.501130299999999988e+04 6.311827659606933594e+00
2.501138599999999860e+04 5.863634109497070312e+00
2.501146900000000096e+04 7.362933158874511719e+00
2.501155199999999968e+04 9.421504020690917969e+00
2.501163499999999840e+04 9.443419456481933594e+00
2.501171800000000076e+04 9.458947181701660156e+00
2.501180099999999948e+04 9.507079124450683594e+00
2.501188399999999820e+04 9.413092613220214844e+00
2.501196700000000055e+04 8.688369750976562500e+00
2.501204999999999927e+04 8.043796539306640625e+00
2.501213300000000163e+04 7.457458019256591797e+00
2.501221600000000035e+04 6.924206733703613281e+00
2.501229899999999907e+04 6.435941696166992188e+00
2.501238200000000143e+04 5.994987010955810547e+00
2.501246500000000015e+04 7.534224510192871094e+00
2.501254799999999886e+04 9.432617187500000000e+00
2.501263100000000122e+04 9.461239814758300781e+00
2.501271399999999994e+04 9.466895103454589844e+00
2.501279699999999866e+04 9.449560165405273438e+00
2.501288000000000102e+04 9.429215431213378906e+00
2.501296299999999974e+04 8.775017738342285156e+00
2.501304599999999846e+04 8.150893211364746094e+00
2.501312900000000081e+04 7.575742244720458984e+00
2.501321199999999953e+04 7.049477577209472656e+00
2.501329499999999825e+04 6.572576522827148438e+00
2.501337800000000061e+04 6.136909961700439453e+00
2.501346099999999933e+04 7.037807464599609375e+00
2.501354400000000169e+04 9.440080642700195312e+00
2.501362700000000041e+04 9.458471298217773438e+00
2.501370999999999913e+04 9.473731040954589844e+00
2.501379300000000148e+04 9.462984085083007812e+00
2.501387600000000020e+04 9.438904762268066406e+00
2.501395899999999892e+04 8.802052497863769531e+00
2.501404200000000128e+04 8.192308425903320312e+00
2.501412500000000000e+04 7.642369270324707031e+00
2.501420799999999872e+04 7.131974697113037109e+00
2.501429100000000108e+04 6.667509555816650391e+00
2.501437399999999980e+04 6.240688323974609375e+00
2.501445699999999852e+04 7.168852806091308594e+00
2.501454000000000087e+04 9.443137168884277344e+00
2.501462299999999959e+04 9.471746444702148438e+00
2.501470599999999831e+04 9.488157272338867188e+00
2.501478900000000067e+04 9.476911544799804688e+00
2.501487199999999939e+04 9.457015991210937500e+00
2.501495500000000175e+04 8.833234786987304688e+00
2.501503800000000047e+04 8.243553161621093750e+00
2.501512099999999919e+04 7.702150344848632812e+00
2.501520400000000154e+04 7.204733371734619141e+00
2.501528700000000026e+04 6.746304512023925781e+00
2.501536999999999898e+04 6.333010673522949219e+00
2.501545300000000134e+04 7.281785011291503906e+00
2.501553600000000006e+04 9.453544616699218750e+00
2.501561899999999878e+04 9.478158950805664062e+00
2.501570200000000114e+04 9.497126579284667969e+00
2.501578499999999985e+04 9.487137794494628906e+00
2.501586799999999857e+04 9.461142539978027344e+00
2.501595100000000093e+04 8.866527557373046875e+00
2.501603399999999965e+04 8.289912223815917969e+00
2.501611699999999837e+04 7.762139797210693359e+00
2.501620000000000073e+04 7.270965099334716797e+00
2.501628299999999945e+04 6.828476428985595703e+00
2.501636600000000180e+04 6.416848659515380859e+00
2.501644900000000052e+04 7.378588676452636719e+00
2.501653199999999924e+04 9.468531608581542969e+00
2.501661500000000160e+04 9.495828628540039062e+00
2.501669800000000032e+04 9.501421928405761719e+00
2.501678099999999904e+04 9.500639915466308594e+00
2.501686400000000140e+04 9.476069450378417969e+00
2.501694700000000012e+04 8.899456977844238281e+00
2.501702999999999884e+04 8.337607383728027344e+00
2.501711300000000119e+04 7.811778545379638672e+00
2.501719599999999991e+04 7.337022781372070312e+00
2.501727899999999863e+04 6.899492740631103516e+00
2.501736200000000099e+04 6.492736816406250000e+00
2.501744499999999971e+04 7.488789081573486328e+00
2.501752799999999843e+04 9.460190773010253906e+00
2.501761100000000079e+04 9.500618934631347656e+00
2.501769399999999951e+04 9.516520500183105469e+00
2.501777699999999822e+04 9.506506919860839844e+00
2.501786000000000058e+04 9.487175941467285156e+00
2.501794299999999930e+04 8.922925949096679688e+00
2.501802600000000166e+04 8.368353843688964844e+00
2.501810900000000038e+04 7.863700389862060547e+00
2.501819199999999910e+04 7.394887924194335938e+00
2.501827500000000146e+04 6.962187767028808594e+00
2.501835800000000017e+04 6.565289020538330078e+00
2.501844099999999889e+04 6.876706600189208984e+00
2.501852400000000125e+04 9.463239669799804688e+00
2.501860699999999997e+04 9.511357307434082031e+00
2.501868999999999869e+04 9.529979705810546875e+00
2.501877300000000105e+04 9.518275260925292969e+00
2.501885599999999977e+04 9.501504898071289062e+00
2.501893899999999849e+04 8.944045066833496094e+00
2.501902200000000084e+04 8.407276153564453125e+00
2.501910499999999956e+04 7.907491207122802734e+00
2.501918799999999828e+04 7.445197582244873047e+00
2.501927100000000064e+04 7.017498016357421875e+00
2.501935399999999936e+04 6.626629829406738281e+00
2.501943700000000172e+04 6.961274147033691406e+00
2.501952000000000044e+04 9.478940963745117188e+00
2.501960299999999916e+04 9.515077590942382812e+00
2.501968600000000151e+04 9.535948753356933594e+00
2.501976900000000023e+04 9.531713485717773438e+00
2.501985199999999895e+04 9.503411293029785156e+00
2.501993500000000131e+04 8.962177276611328125e+00
