2.500009800000000178e+04 8.724935302734375000e+02
2.500018100000000049e+04 8.725009765625000000e+02
2.500026399999999921e+04 8.725097045898437500e+02
2.500034700000000157e+04 8.725187377929687500e+02
2.500043000000000029e+04 8.725268554687500000e+02
2.500051299999999901e+04 8.725244140625000000e+02
2.500059600000000137e+04 8.725026855468750000e+02
2.500067900000000009e+04 8.724859619140625000e+02
2.500076199999999881e+04 8.724944458007812500e+02
2.500084500000000116e+04 8.725009765625000000e+02
2.500092799999999988e+04 8.725067749023437500e+02
2.500101099999999860e+04 8.725131225585937500e+02
2.500109400000000096e+04 8.725194091796875000e+02
2.500117699999999968e+04 8.725261230468750000e+02
2.500125999999999840e+04 8.725343017578125000e+02
2.500134300000000076e+04 8.725432128906250000e+02
2.500142599999999948e+04 8.725509643554687500e+02
2.500150899999999820e+04 8.725499267578125000e+02
2.500159200000000055e+04 8.725299072265625000e+02
2.500167499999999927e+04 8.725125122070312500e+02
2.500175800000000163e+04 8.725203247070312500e+02
2.500184100000000035e+04 8.725265502929687500e+02
2.500192399999999907e+04 8.725319824218750000e+02
2.500200700000000143e+04 8.725380249023437500e+02
2.500209000000000015e+04 8.725440673828125000e+02
2.500217299999999886e+04 8.725504760742187500e+02
2.500225600000000122e+04 8.725583496093750000e+02
2.500233899999999994e+04 8.725669555664062500e+02
2.500242199999999866e+04 8.725744628906250000e+02
2.500250500000000102e+04 8.725731201171875000e+02
2.500258799999999974e+04 8.725525512695312500e+02
2.500267099999999846e+04 8.725346679687500000e+02
2.500275400000000081e+04 8.725419311523437500e+02
2.500283699999999953e+04 8.725479736328125000e+02
2.500291999999999825e+04 8.725531616210937500e+02
2.500300300000000061e+04 8.725589599609375000e+02
2.500308599999999933e+04 8.725646972656250000e+02
2.500316900000000169e+04 8.725709228515625000e+02
2.500325200000000041e+04 8.725786132812500000e+02
2.500333499999999913e+04 8.725869750976562500e+02
2.500341800000000148e+04 8.725942382812500000e+02
2.500350100000000020e+04 8.725926513671875000e+02
2.500358399999999892e+04 8.725716552734375000e+02
2.500366700000000128e+04 8.725534057617187500e+02
2.500375000000000000e+04 8.725603027343750000e+02
2.500383299999999872e+04 8.725661010742187500e+02
2.500391600000000108e+04 8.725711669921875000e+02
2.500399899999999980e+04 8.725767211914062500e+02
2.500408199999999852e+04 8.725823364257812500e+02
2.500416500000000087e+04 8.725882568359375000e+02
2.500424799999999959e+04 8.725957641601562500e+02
2.500433099999999831e+04 8.726039428710937500e+02
2.500441400000000067e+04 8.726110229492187500e+02
2.500449699999999939e+04 8.726083984375000000e+02
2.500458000000000175e+04 8.725870361328125000e+02
2.500466300000000047e+04 8.725647583007812500e+02
2.500474599999999919e+04 8.725663452148437500e+02
2.500482900000000154e+04 8.725719604492187500e+02
2.500491200000000026e+04 8.725768432617187500e+02
2.500499499999999898e+04 8.725821533203125000e+02
2.500507800000000134e+04 8.725875854492187500e+02
2.500516100000000006e+04 8.725933837890625000e+02
2.500524399999999878e+04 8.726004028320312500e+02
2.500532700000000114e+04 8.726083374023437500e+02
2.500540999999999985e+04 8.726154785156250000e+02
2.500549299999999857e+04 8.726145019531250000e+02
2.500557600000000093e+04 8.725974121093750000e+02
2.500565899999999965e+04 8.725748901367187500e+02
2.500574199999999837e+04 8.725761718750000000e+02
2.500582500000000073e+04 8.725816650390625000e+02
2.500590799999999945e+04 8.725864257812500000e+02
2.500599100000000180e+04 8.725916137695312500e+02
2.500607400000000052e+04 8.725969238281250000e+02
2.500615699999999924e+04 8.726026000976562500e+02
2.500624000000000160e+04 8.726094970703125000e+02
2.500632300000000032e+04 8.726173095703125000e+02
2.500640599999999904e+04 8.726243286132812500e+02
2.500648900000000140e+04 8.726234130859375000e+02
2.500657200000000012e+04 8.726060791015625000e+02
2.500665499999999884e+04 8.725833129882812500e+02
2.500673800000000119e+04 8.725844116210937500e+02
2.500682099999999991e+04 8.725897827148437500e+02
2.500690399999999863e+04 8.725944213867187500e+02
2.500698700000000099e+04 8.725994873046875000e+02
2.500706999999999971e+04 8.726047363281250000e+02
2.500715299999999843e+04 8.726102905273437500e+02
2.500723600000000079e+04 8.726170654296875000e+02
2.500731899999999951e+04 8.726248168945312500e+02
2.500740199999999822e+04 8.726317138671875000e+02
2.500748500000000058e+04 8.726306762695312500e+02
2.500756799999999930e+04 8.726131591796875000e+02
2.500765100000000166e+04 8.725902099609375000e+02
2.500773400000000038e+04 8.725911254882812500e+02
2.500781699999999910e+04 8.725964355468750000e+02
2.500790000000000146e+04 8.726009521484375000e+02
2.500798300000000017e+04 8.726059570312500000e+02
2.500806599999999889e+04 8.726110839843750000e+02
2.500814900000000125e+04 8.726164550781250000e+02
2.500823199999999997e+04 8.726231689453125000e+02
2.500831499999999869e+04 8.726307983398437500e+02
2.500839800000000105e+04 8.726376342773437500e+02
2.500848099999999977e+04 8.726364746093750000e+02
2.500856399999999849e+04 8.726187744140625000e+02
2.500864700000000084e+04 8.725919799804687500e+02
2.500872999999999956e+04 8.725876464843750000e+02
2.500881299999999828e+04 8.725938110351562500e+02
2.500889600000000064e+04 8.725983886718750000e+02
2.500897899999999936e+04 8.726032104492187500e+02
2.500906200000000172e+04 8.726082763671875000e+02
2.500914500000000044e+04 8.726135864257812500e+02
2.500922799999999916e+04 8.726199340820312500e+02
2.500931100000000151e+04 8.726273193359375000e+02
2.500939400000000023e+04 8.726343383789062500e+02
2.500947699999999895e+04 8.726355590820312500e+02
2.500956000000000131e+04 8.726247558593750000e+02
2.500964300000000003e+04 8.725977783203125000e+02
2.500972599999999875e+04 8.725933227539062500e+02
2.500980900000000111e+04 8.725993652343750000e+02
2.500989199999999983e+04 8.726038818359375000e+02
2.500997499999999854e+04 8.726086425781250000e+02
2.501005800000000090e+04 8.726136474609375000e+02
2.501014099999999962e+04 8.726188354492187500e+02
2.501022399999999834e+04 8.726251220703125000e+02
2.501030700000000070e+04 8.726324462890625000e+02
2.501038999999999942e+04 8.726394042968750000e+02
2.501047300000000178e+04 8.726397094726562500e+02
2.501055600000000049e+04 8.726287841796875000e+02
2.501063899999999921e+04 8.726016845703125000e+02
2.501072200000000157e+04 8.725971069335937500e+02
2.501080500000000029e+04 8.726030273437500000e+02
2.501088799999999901e+04 8.726074829101562500e+02
2.501097100000000137e+04 8.726121826171875000e+02
2.501105400000000009e+04 8.726170654296875000e+02
2.501113699999999881e+04 8.726222534179687500e+02
2.501122000000000116e+04 8.726284790039062500e+02
2.501130299999999988e+04 8.726357421875000000e+02
2.501138599999999860e+04 8.726425781250000000e+02
2.501146900000000096e+04 8.726430053710937500e+02
2.501155199999999968e+04 8.726319580078125000e+02
2.501163499999999840e+04 8.726047973632812500e+02
2.501171800000000076e+04 8.726000976562500000e+02
2.501180099999999948e+04 8.726058959960937500e+02
2.501188399999999820e+04 8.726103515625000000e+02
2.501196700000000055e+04 8.726149291992187500e+02
2.501204999999999927e+04 8.726198120117187500e+02
2.501213300000000163e+04 8.726248168945312500e+02
2.501221600000000035e+04 8.726310424804687500e+02
2.501229899999999907e+04 8.726382446289062500e+02
2.501238200000000143e+04 8.726450805664062500e+02
2.501246500000000015e+04 8.726453857421875000e+02
2.501254799999999886e+04 8.726342773437500000e+02
2.501263100000000122e+04 8.726069335937500000e+02
2.501271399999999994e+04 8.725971069335937500e+02
2.501279699999999866e+04 8.726027221679687500e+02
2.501288000000000102e+04 8.726072998046875000e+02
2.501296299999999974e+04 8.726117553710937500e+02
2.501304599999999846e+04 8.726165771484375000e+02
2.501312900000000081e+04 8.726215209960937500e+02
2.501321199999999953e+04 8.726276855468750000e+02
2.501329499999999825e+04 8.726347045898437500e+02
2.501337800000000061e+04 8.726417236328125000e+02
2.501346099999999933e+04 8.726445312500000000e+02
2.501354400000000169e+04 8.726383056640625000e+02
2.501362700000000041e+04 8.726104736328125000e+02
2.501370999999999913e+04 8.726005249023437500e+02
2.501379300000000148e+04 8.726060791015625000e+02
2.501387600000000020e+04 8.726106567382812500e+02
2.501395899999999892e+04 8.726150512695312500e+02
2.501404200000000128e+04 8.726198120117187500e+02
2.501412500000000000e+04 8.726247558593750000e+02
2.501420799999999872e+04 8.726305541992187500e+02
2.501429100000000108e+04 8.726375122070312500e+02
2.501437399999999980e+04 8.726445312500000000e+02
2.501445699999999852e+04 8.726472778320312500e+02
2.501454000000000087e+04 8.726409912109375000e+02
2.501462299999999959e+04 8.726128540039062500e+02
2.501470599999999831e+04 8.726029052734375000e+02
2.501478900000000067e+04 8.726083374023437500e+02
2.501487199999999939e+04 8.726128540039062500e+02
2.501495500000000175e+04 8.726172485351562500e+02
2.501503800000000047e+04 8.726220092773437500e+02
2.501512099999999919e+04 8.726268920898437500e+02
2.501520400000000154e+04 8.726326904296875000e+02
2.501528700000000026e+04 8.726395874023437500e+02
2.501536999999999898e+04 8.726465454101562500e+02
2.501545300000000134e+04 8.726492919921875000e+02
2.501553600000000006e+04 8.726429443359375000e+02
2.501561899999999878e+04 8.726147460937500000e+02
2.501570200000000114e+04 8.726047363281250000e+02
2.501578499999999985e+04 8.726101074218750000e+02
2.501586799999999857e+04 8.726145629882812500e+02
2.501595100000000093e+04 8.726189575195312500e+02
2.501603399999999965e+04 8.726236572265625000e+02
2.501611699999999837e+04 8.726284179687500000e+02
2.501620000000000073e+04 8.726341552734375000e+02
2.501628299999999945e+04 8.726411132812500000e+02
2.501636600000000180e+04 8.726480102539062500e+02
2.501644900000000052e+04 8.726506958007812500e+02
2.501653199999999924e+04 8.726443481445312500e+02
2.501661500000000160e+04 8.726159667968750000e+02
2.501669800000000032e+04 8.726008300781250000e+02
2.501678099999999904e+04 8.726060180664062500e+02
2.501686400000000140e+04 8.726107177734375000e+02
2.501694700000000012e+04 8.726149291992187500e+02
2.501702999999999884e+04 8.726195678710937500e+02
2.501711300000000119e+04 8.726243286132812500e+02
2.501719599999999991e+04 8.726300659179687500e+02
2.501727899999999863e+04 8.726367797851562500e+02
2.501736200000000099e+04 8.726436767578125000e+02
2.501744499999999971e+04 8.726481323242187500e+02
2.501752799999999843e+04 8.726434936523437500e+02
2.501761100000000079e+04 8.726174316406250000e+02
2.501769399999999951e+04 8.726022338867187500e+02
2.501777699999999822e+04 8.726074218750000000e+02
2.501786000000000058e+04 8.726120605468750000e+02
2.501794299999999930e+04 8.726162109375000000e+02
2.501802600000000166e+04 8.726208496093750000e+02
2.501810900000000038e+04 8.726256103515625000e+02
2.501819199999999910e+04 8.726309814453125000e+02
2.501827500000000146e+04 8.726376953125000000e+02
2.501835800000000017e+04 8.726447753906250000e+02
2.501844099999999889e+04 8.726492309570312500e+02
2.501852400000000125e+04 8.726445312500000000e+02
2.501860699999999997e+04 8.726186523437500000e+02
2.501868999999999869e+04 8.726033935546875000e+02
2.501877300000000105e+04 8.726085205078125000e+02
2.501885599999999977e+04 8.726131591796875000e+02
2.501893899999999849e+04 8.726173095703125000e+02
2.501902200000000084e+04 8.726219482421875000e+02
2.501910499999999956e+04 8.726266479492187500e+02
2.501918799999999828e+04 8.726320190429687500e+02
2.501927100000000064e+04 8.726387329101562500e+02
2.501935399999999936e+04 8.726457519531250000e+02
2.501943700000000172e+04 8.726501464843750000e+02
2.501952000000000044e+04 8.726454467773437500e+02
2.501960299999999916e+04 8.726195068359375000e+02
2.501968600000000151e+04 8.726041870117187500e+02
2.501976900000000023e+04 8.726093139648437500e+02
2.501985199999999895e+04 8.726138916015625000e+02
2.501993500000000131e+04 8.726180419921875000e+02
