2.500009800000000178e+04 1.467206542968750000e+03
2.500018100000000049e+04 1.467210571289062500e+03
2.500026399999999921e+04 1.467215454101562500e+03
2.500034700000000157e+04 1.467220947265625000e+03
2.500043000000000029e+04 1.467226440429687500e+03
2.500051299999999901e+04 1.467232421875000000e+03
2.500059600000000137e+04 1.467511962890625000e+03
2.500067900000000009e+04 1.467517211914062500e+03
2.500076199999999881e+04 1.467557739257812500e+03
2.500084500000000116e+04 1.467561401367187500e+03
2.500092799999999988e+04 1.467564453125000000e+03
2.500101099999999860e+04 1.467567871093750000e+03
2.500109400000000096e+04 1.467571289062500000e+03
2.500117699999999968e+04 1.467575073242187500e+03
2.500125999999999840e+04 1.467579833984375000e+03
2.500134300000000076e+04 1.467585205078125000e+03
2.500142599999999948e+04 1.467590820312500000e+03
2.500150899999999820e+04 1.467596679687500000e+03
2.500159200000000055e+04 1.467690551757812500e+03
2.500167499999999927e+04 1.467695800781250000e+03
2.500175800000000163e+04 1.467728027343750000e+03
2.500184100000000035e+04 1.467731811523437500e+03
2.500192399999999907e+04 1.467734863281250000e+03
2.500200700000000143e+04 1.467738281250000000e+03
2.500209000000000015e+04 1.467741699218750000e+03
2.500217299999999886e+04 1.467745361328125000e+03
2.500225600000000122e+04 1.467750244140625000e+03
2.500233899999999994e+04 1.467755615234375000e+03
2.500242199999999866e+04 1.467761230468750000e+03
2.500250500000000102e+04 1.467767089843750000e+03
2.500258799999999974e+04 1.467850097656250000e+03
2.500267099999999846e+04 1.467855224609375000e+03
2.500275400000000081e+04 1.467884155273437500e+03
2.500283699999999953e+04 1.467887939453125000e+03
2.500291999999999825e+04 1.467890991210937500e+03
2.500300300000000061e+04 1.467894409179687500e+03
2.500308599999999933e+04 1.467897827148437500e+03
2.500316900000000169e+04 1.467901489257812500e+03
2.500325200000000041e+04 1.467906372070312500e+03
2.500333499999999913e+04 1.467911743164062500e+03
2.500341800000000148e+04 1.467917358398437500e+03
2.500350100000000020e+04 1.467923217773437500e+03
2.500358399999999892e+04 1.467998046875000000e+03
2.500366700000000128e+04 1.468003295898437500e+03
2.500375000000000000e+04 1.468029663085937500e+03
2.500383299999999872e+04 1.468033447265625000e+03
2.500391600000000108e+04 1.468036376953125000e+03
2.500399899999999980e+04 1.468039794921875000e+03
2.500408199999999852e+04 1.468043212890625000e+03
2.500416500000000087e+04 1.468046875000000000e+03
2.500424799999999959e+04 1.468051757812500000e+03
2.500433099999999831e+04 1.468057128906250000e+03
2.500441400000000067e+04 1.468062744140625000e+03
2.500449699999999939e+04 1.468068603515625000e+03
2.500458000000000175e+04 1.468137084960937500e+03
2.500466300000000047e+04 1.468142456054687500e+03
2.500474599999999919e+04 1.468166992187500000e+03
2.500482900000000154e+04 1.468170898437500000e+03
2.500491200000000026e+04 1.468173950195312500e+03
2.500499499999999898e+04 1.468177368164062500e+03
2.500507800000000134e+04 1.468180786132812500e+03
2.500516100000000006e+04 1.468184448242187500e+03
2.500524399999999878e+04 1.468189086914062500e+03
2.500532700000000114e+04 1.468194335937500000e+03
2.500540999999999985e+04 1.468199829101562500e+03
2.500549299999999857e+04 1.468205688476562500e+03
2.500557600000000093e+04 1.468268920898437500e+03
2.500565899999999965e+04 1.468274291992187500e+03
2.500574199999999837e+04 1.468297241210937500e+03
2.500582500000000073e+04 1.468301147460937500e+03
2.500590799999999945e+04 1.468304321289062500e+03
2.500599100000000180e+04 1.468307617187500000e+03
2.500607400000000052e+04 1.468311035156250000e+03
2.500615699999999924e+04 1.468314697265625000e+03
2.500624000000000160e+04 1.468319335937500000e+03
2.500632300000000032e+04 1.468324584960937500e+03
2.500640599999999904e+04 1.468330078125000000e+03
2.500648900000000140e+04 1.468335937500000000e+03
2.500657200000000012e+04 1.468395019531250000e+03
2.500665499999999884e+04 1.468400390625000000e+03
2.500673800000000119e+04 1.468421875000000000e+03
2.500682099999999991e+04 1.468425781250000000e+03
2.500690399999999863e+04 1.468428955078125000e+03
2.500698700000000099e+04 1.468432250976562500e+03
2.500706999999999971e+04 1.468435668945312500e+03
2.500715299999999843e+04 1.468439453125000000e+03
2.500723600000000079e+04 1.468443969726562500e+03
2.500731899999999951e+04 1.468449218750000000e+03
2.500740199999999822e+04 1.468454833984375000e+03
2.500748500000000058e+04 1.468460571289062500e+03
2.500756799999999930e+04 1.468516113281250000e+03
2.500765100000000166e+04 1.468521484375000000e+03
2.500773400000000038e+04 1.468541870117187500e+03
2.500781699999999910e+04 1.468545776367187500e+03
2.500790000000000146e+04 1.468548950195312500e+03
2.500798300000000017e+04 1.468552246093750000e+03
2.500806599999999889e+04 1.468555664062500000e+03
2.500814900000000125e+04 1.468559326171875000e+03
2.500823199999999997e+04 1.468563964843750000e+03
2.500831499999999869e+04 1.468569213867187500e+03
2.500839800000000105e+04 1.468574707031250000e+03
2.500848099999999977e+04 1.468580566406250000e+03
2.500856399999999849e+04 1.468632934570312500e+03
2.500864700000000084e+04 1.468638427734375000e+03
2.500872999999999956e+04 1.468658081054687500e+03
2.500881299999999828e+04 1.468662109375000000e+03
2.500889600000000064e+04 1.468665405273437500e+03
2.500897899999999936e+04 1.468668701171875000e+03
2.500906200000000172e+04 1.468672119140625000e+03
2.500914500000000044e+04 1.468675659179687500e+03
2.500922799999999916e+04 1.468680053710937500e+03
2.500931100000000151e+04 1.468685180664062500e+03
2.500939400000000023e+04 1.468690673828125000e+03
2.500947699999999895e+04 1.468696533203125000e+03
2.500956000000000131e+04 1.468746337890625000e+03
2.500964300000000003e+04 1.468751831054687500e+03
2.500972599999999875e+04 1.468770629882812500e+03
2.500980900000000111e+04 1.468774658203125000e+03
2.500989199999999983e+04 1.468777954101562500e+03
2.500997499999999854e+04 1.468781127929687500e+03
2.501005800000000090e+04 1.468784545898437500e+03
2.501014099999999962e+04 1.468788208007812500e+03
2.501022399999999834e+04 1.468792602539062500e+03
2.501030700000000070e+04 1.468797729492187500e+03
2.501038999999999942e+04 1.468803222656250000e+03
2.501047300000000178e+04 1.468808959960937500e+03
2.501055600000000049e+04 1.468856567382812500e+03
2.501063899999999921e+04 1.468862060546875000e+03
2.501072200000000157e+04 1.468880126953125000e+03
2.501080500000000029e+04 1.468884155273437500e+03
2.501088799999999901e+04 1.468887451171875000e+03
2.501097100000000137e+04 1.468890747070312500e+03
2.501105400000000009e+04 1.468894165039062500e+03
2.501113699999999881e+04 1.468897827148437500e+03
2.501122000000000116e+04 1.468902221679687500e+03
2.501130299999999988e+04 1.468907348632812500e+03
2.501138599999999860e+04 1.468912841796875000e+03
2.501146900000000096e+04 1.468918579101562500e+03
2.501155199999999968e+04 1.468964111328125000e+03
2.501163499999999840e+04 1.468969604492187500e+03
2.501171800000000076e+04 1.468987182617187500e+03
2.501180099999999948e+04 1.468991210937500000e+03
2.501188399999999820e+04 1.468994506835937500e+03
2.501196700000000055e+04 1.468997680664062500e+03
2.501204999999999927e+04 1.469001098632812500e+03
2.501213300000000163e+04 1.469004638671875000e+03
2.501221600000000035e+04 1.469009033203125000e+03
2.501229899999999907e+04 1.469014282226562500e+03
2.501238200000000143e+04 1.469019775390625000e+03
2.501246500000000015e+04 1.469025512695312500e+03
2.501254799999999886e+04 1.469069335937500000e+03
2.501263100000000122e+04 1.469074829101562500e+03
2.501271399999999994e+04 1.469091918945312500e+03
2.501279699999999866e+04 1.469096069335937500e+03
2.501288000000000102e+04 1.469099487304687500e+03
2.501296299999999974e+04 1.469102661132812500e+03
2.501304599999999846e+04 1.469106201171875000e+03
2.501312900000000081e+04 1.469109741210937500e+03
2.501321199999999953e+04 1.469114135742187500e+03
2.501329499999999825e+04 1.469119140625000000e+03
2.501337800000000061e+04 1.469124511718750000e+03
2.501346099999999933e+04 1.469130249023437500e+03
2.501354400000000169e+04 1.469172607421875000e+03
2.501362700000000041e+04 1.469178222656250000e+03
2.501370999999999913e+04 1.469194946289062500e+03
2.501379300000000148e+04 1.469198974609375000e+03
2.501387600000000020e+04 1.469202514648437500e+03
2.501395899999999892e+04 1.469205688476562500e+03
2.501404200000000128e+04 1.469209106445312500e+03
2.501412500000000000e+04 1.469212646484375000e+03
2.501420799999999872e+04 1.469216796875000000e+03
2.501429100000000108e+04 1.469221801757812500e+03
2.501437399999999980e+04 1.469227294921875000e+03
2.501445699999999852e+04 1.469233032226562500e+03
2.501454000000000087e+04 1.469274047851562500e+03
2.501462299999999959e+04 1.469279663085937500e+03
2.501470599999999831e+04 1.469295776367187500e+03
2.501478900000000067e+04 1.469299926757812500e+03
2.501487199999999939e+04 1.469303466796875000e+03
2.501495500000000175e+04 1.469306518554687500e+03
2.501503800000000047e+04 1.469310058593750000e+03
2.501512099999999919e+04 1.469313598632812500e+03
2.501520400000000154e+04 1.469317749023437500e+03
2.501528700000000026e+04 1.469322753906250000e+03
2.501536999999999898e+04 1.469328247070312500e+03
2.501545300000000134e+04 1.469333862304687500e+03
2.501553600000000006e+04 1.469373779296875000e+03
2.501561899999999878e+04 1.469379394531250000e+03
2.501570200000000114e+04 1.469395141601562500e+03
2.501578499999999985e+04 1.469399291992187500e+03
2.501586799999999857e+04 1.469402709960937500e+03
2.501595100000000093e+04 1.469405883789062500e+03
2.501603399999999965e+04 1.469409423828125000e+03
2.501611699999999837e+04 1.469412841796875000e+03
2.501620000000000073e+04 1.469416992187500000e+03
2.501628299999999945e+04 1.469422119140625000e+03
2.501636600000000180e+04 1.469427490234375000e+03
2.501644900000000052e+04 1.469433227539062500e+03
2.501653199999999924e+04 1.469471923828125000e+03
2.501661500000000160e+04 1.469477539062500000e+03
2.501669800000000032e+04 1.469493286132812500e+03
2.501678099999999904e+04 1.469497558593750000e+03
2.501686400000000140e+04 1.469501098632812500e+03
2.501694700000000012e+04 1.469504150390625000e+03
2.501702999999999884e+04 1.469507568359375000e+03
2.501711300000000119e+04 1.469511108398437500e+03
2.501719599999999991e+04 1.469515258789062500e+03
2.501727899999999863e+04 1.469520263671875000e+03
2.501736200000000099e+04 1.469525634765625000e+03
2.501744499999999971e+04 1.469531250000000000e+03
2.501752799999999843e+04 1.469569091796875000e+03
2.501761100000000079e+04 1.469574829101562500e+03
2.501769399999999951e+04 1.469590209960937500e+03
2.501777699999999822e+04 1.469594482421875000e+03
2.501786000000000058e+04 1.469598022460937500e+03
2.501794299999999930e+04 1.469601196289062500e+03
2.501802600000000166e+04 1.469604614257812500e+03
2.501810900000000038e+04 1.469608032226562500e+03
2.501819199999999910e+04 1.469612060546875000e+03
2.501827500000000146e+04 1.469616943359375000e+03
2.501835800000000017e+04 1.469622314453125000e+03
2.501844099999999889e+04 1.469627929687500000e+03
2.501852400000000125e+04 1.469664916992187500e+03
2.501860699999999997e+04 1.469670654296875000e+03
2.501868999999999869e+04 1.469685791015625000e+03
2.501877300000000105e+04 1.469690063476562500e+03
2.501885599999999977e+04 1.469693603515625000e+03
2.501893899999999849e+04 1.469696655273437500e+03
2.501902200000000084e+04 1.469700073242187500e+03
2.501910499999999956e+04 1.469703613281250000e+03
2.501918799999999828e+04 1.469707519531250000e+03
2.501927100000000064e+04 1.469712524414062500e+03
2.501935399999999936e+04 1.469717895507812500e+03
2.501943700000000172e+04 1.469723510742187500e+03
2.501952000000000044e+04 1.469759643554687500e+03
2.501960299999999916e+04 1.469765502929687500e+03
2.501968600000000151e+04 1.469780273437500000e+03
2.501976900000000023e+04 1.469784545898437500e+03
2.501985199999999895e+04 1.469788085937500000e+03
2.501993500000000131e+04 1.469791259765625000e+03
