2.500009800000000178e+04 1.312702148437500000e+03
2.500018100000000049e+04 1.312706176757812500e+03
2.500026399999999921e+04 1.312711059570312500e+03
2.500034700000000157e+04 1.312716552734375000e+03
2.500043000000000029e+04 1.312722045898437500e+03
2.500051299999999901e+04 1.312728027343750000e+03
2.500059600000000137e+04 1.313007568359375000e+03
2.500067900000000009e+04 1.313012695312500000e+03
2.500076199999999881e+04 1.313053344726562500e+03
2.500084500000000116e+04 1.313057006835937500e+03
2.500092799999999988e+04 1.313060058593750000e+03
2.500101099999999860e+04 1.313063476562500000e+03
2.500109400000000096e+04 1.313066894531250000e+03
2.500117699999999968e+04 1.313070678710937500e+03
2.500125999999999840e+04 1.313075439453125000e+03
2.500134300000000076e+04 1.313080810546875000e+03
2.500142599999999948e+04 1.313086425781250000e+03
2.500150899999999820e+04 1.313092285156250000e+03
2.500159200000000055e+04 1.313186157226562500e+03
2.500167499999999927e+04 1.313191406250000000e+03
2.500175800000000163e+04 1.313223632812500000e+03
2.500184100000000035e+04 1.313227416992187500e+03
2.500192399999999907e+04 1.313230346679687500e+03
2.500200700000000143e+04 1.313233764648437500e+03
2.500209000000000015e+04 1.313237304687500000e+03
2.500217299999999886e+04 1.313240966796875000e+03
2.500225600000000122e+04 1.313245849609375000e+03
2.500233899999999994e+04 1.313251220703125000e+03
2.500242199999999866e+04 1.313256713867187500e+03
2.500250500000000102e+04 1.313262695312500000e+03
2.500258799999999974e+04 1.313345581054687500e+03
2.500267099999999846e+04 1.313350830078125000e+03
2.500275400000000081e+04 1.313379760742187500e+03
2.500283699999999953e+04 1.313383544921875000e+03
2.500291999999999825e+04 1.313386474609375000e+03
2.500300300000000061e+04 1.313389892578125000e+03
2.500308599999999933e+04 1.313393432617187500e+03
2.500316900000000169e+04 1.313397094726562500e+03
2.500325200000000041e+04 1.313401977539062500e+03
2.500333499999999913e+04 1.313407348632812500e+03
2.500341800000000148e+04 1.313412841796875000e+03
2.500350100000000020e+04 1.313418823242187500e+03
2.500358399999999892e+04 1.313493652343750000e+03
2.500366700000000128e+04 1.313498901367187500e+03
2.500375000000000000e+04 1.313525268554687500e+03
2.500383299999999872e+04 1.313528930664062500e+03
2.500391600000000108e+04 1.313531982421875000e+03
2.500399899999999980e+04 1.313535400390625000e+03
2.500408199999999852e+04 1.313538818359375000e+03
2.500416500000000087e+04 1.313542480468750000e+03
2.500424799999999959e+04 1.313547363281250000e+03
2.500433099999999831e+04 1.313552734375000000e+03
2.500441400000000067e+04 1.313558227539062500e+03
2.500449699999999939e+04 1.313564208984375000e+03
2.500458000000000175e+04 1.313632568359375000e+03
2.500466300000000047e+04 1.313637939453125000e+03
2.500474599999999919e+04 1.313662597656250000e+03
2.500482900000000154e+04 1.313666381835937500e+03
2.500491200000000026e+04 1.313669555664062500e+03
2.500499499999999898e+04 1.313672851562500000e+03
2.500507800000000134e+04 1.313676391601562500e+03
2.500516100000000006e+04 1.313680053710937500e+03
2.500524399999999878e+04 1.313684570312500000e+03
2.500532700000000114e+04 1.313689819335937500e+03
2.500540999999999985e+04 1.313695434570312500e+03
2.500549299999999857e+04 1.313701293945312500e+03
2.500557600000000093e+04 1.313764526367187500e+03
2.500565899999999965e+04 1.313769897460937500e+03
2.500574199999999837e+04 1.313792846679687500e+03
2.500582500000000073e+04 1.313796752929687500e+03
2.500590799999999945e+04 1.313799804687500000e+03
2.500599100000000180e+04 1.313803222656250000e+03
2.500607400000000052e+04 1.313806640625000000e+03
2.500615699999999924e+04 1.313810302734375000e+03
2.500624000000000160e+04 1.313814941406250000e+03
2.500632300000000032e+04 1.313820190429687500e+03
2.500640599999999904e+04 1.313825683593750000e+03
2.500648900000000140e+04 1.313831542968750000e+03
2.500657200000000012e+04 1.313890502929687500e+03
2.500665499999999884e+04 1.313895874023437500e+03
2.500673800000000119e+04 1.313917480468750000e+03
2.500682099999999991e+04 1.313921386718750000e+03
2.500690399999999863e+04 1.313924560546875000e+03
2.500698700000000099e+04 1.313927856445312500e+03
2.500706999999999971e+04 1.313931274414062500e+03
2.500715299999999843e+04 1.313934936523437500e+03
2.500723600000000079e+04 1.313939575195312500e+03
2.500731899999999951e+04 1.313944824218750000e+03
2.500740199999999822e+04 1.313950317382812500e+03
2.500748500000000058e+04 1.313956176757812500e+03
2.500756799999999930e+04 1.314011596679687500e+03
2.500765100000000166e+04 1.314016967773437500e+03
2.500773400000000038e+04 1.314037475585937500e+03
2.500781699999999910e+04 1.314041381835937500e+03
2.500790000000000146e+04 1.314044433593750000e+03
2.500798300000000017e+04 1.314047851562500000e+03
2.500806599999999889e+04 1.314051269531250000e+03
2.500814900000000125e+04 1.314054931640625000e+03
2.500823199999999997e+04 1.314059448242187500e+03
2.500831499999999869e+04 1.314064697265625000e+03
2.500839800000000105e+04 1.314070312500000000e+03
2.500848099999999977e+04 1.314076049804687500e+03
2.500856399999999849e+04 1.314128540039062500e+03
2.500864700000000084e+04 1.314134033203125000e+03
2.500872999999999956e+04 1.314153686523437500e+03
2.500881299999999828e+04 1.314157714843750000e+03
2.500889600000000064e+04 1.314161010742187500e+03
2.500897899999999936e+04 1.314164184570312500e+03
2.500906200000000172e+04 1.314167602539062500e+03
2.500914500000000044e+04 1.314171264648437500e+03
2.500922799999999916e+04 1.314175659179687500e+03
2.500931100000000151e+04 1.314180786132812500e+03
2.500939400000000023e+04 1.314186279296875000e+03
2.500947699999999895e+04 1.314192016601562500e+03
2.500956000000000131e+04 1.314241821289062500e+03
2.500964300000000003e+04 1.314247314453125000e+03
2.500972599999999875e+04 1.314266235351562500e+03
2.500980900000000111e+04 1.314270141601562500e+03
2.500989199999999983e+04 1.314273437500000000e+03
2.500997499999999854e+04 1.314276733398437500e+03
2.501005800000000090e+04 1.313843872070312500e+03
2.501014099999999962e+04 1.313847534179687500e+03
2.501022399999999834e+04 1.313851928710937500e+03
2.501030700000000070e+04 1.313857055664062500e+03
2.501038999999999942e+04 1.313862548828125000e+03
2.501047300000000178e+04 1.313868286132812500e+03
2.501055600000000049e+04 1.313915893554687500e+03
2.501063899999999921e+04 1.313921386718750000e+03
2.501072200000000157e+04 1.313939453125000000e+03
2.501080500000000029e+04 1.313943481445312500e+03
2.501088799999999901e+04 1.313946777343750000e+03
2.501097100000000137e+04 1.313950073242187500e+03
2.501105400000000009e+04 1.313953491210937500e+03
2.501113699999999881e+04 1.313957153320312500e+03
2.501122000000000116e+04 1.313961547851562500e+03
2.501130299999999988e+04 1.313966674804687500e+03
2.501138599999999860e+04 1.313972167968750000e+03
2.501146900000000096e+04 1.313977905273437500e+03
2.501155199999999968e+04 1.314023437500000000e+03
2.501163499999999840e+04 1.314028930664062500e+03
2.501171800000000076e+04 1.314046508789062500e+03
2.501180099999999948e+04 1.314050537109375000e+03
2.501188399999999820e+04 1.314053833007812500e+03
2.501196700000000055e+04 1.314057006835937500e+03
2.501204999999999927e+04 1.314060424804687500e+03
2.501213300000000163e+04 1.314063964843750000e+03
2.501221600000000035e+04 1.314068359375000000e+03
2.501229899999999907e+04 1.314073608398437500e+03
2.501238200000000143e+04 1.314079101562500000e+03
2.501246500000000015e+04 1.314084838867187500e+03
2.501254799999999886e+04 1.314128662109375000e+03
2.501263100000000122e+04 1.314134155273437500e+03
2.501271399999999994e+04 1.314151245117187500e+03
2.501279699999999866e+04 1.314155395507812500e+03
2.501288000000000102e+04 1.314158935546875000e+03
2.501296299999999974e+04 1.314161987304687500e+03
2.501304599999999846e+04 1.314165527343750000e+03
2.501312900000000081e+04 1.314169067382812500e+03
2.501321199999999953e+04 1.314173461914062500e+03
2.501329499999999825e+04 1.314178466796875000e+03
2.501337800000000061e+04 1.314183959960937500e+03
2.501346099999999933e+04 1.314189575195312500e+03
2.501354400000000169e+04 1.314231933593750000e+03
2.501362700000000041e+04 1.314237548828125000e+03
2.501370999999999913e+04 1.314254272460937500e+03
2.501379300000000148e+04 1.314258300781250000e+03
2.501387600000000020e+04 1.314261840820312500e+03
2.501395899999999892e+04 1.314265014648437500e+03
2.501404200000000128e+04 1.314268432617187500e+03
2.501412500000000000e+04 1.314271972656250000e+03
2.501420799999999872e+04 1.314276123046875000e+03
2.501429100000000108e+04 1.314281127929687500e+03
2.501437399999999980e+04 1.314286621093750000e+03
2.501445699999999852e+04 1.314292358398437500e+03
2.501454000000000087e+04 1.314333374023437500e+03
2.501462299999999959e+04 1.314338989257812500e+03
2.501470599999999831e+04 1.314355102539062500e+03
2.501478900000000067e+04 1.314359252929687500e+03
2.501487199999999939e+04 1.314362792968750000e+03
2.501495500000000175e+04 1.314365966796875000e+03
2.501503800000000047e+04 1.314369384765625000e+03
2.501512099999999919e+04 1.314372924804687500e+03
2.501520400000000154e+04 1.314377075195312500e+03
2.501528700000000026e+04 1.314382080078125000e+03
2.501536999999999898e+04 1.314387573242187500e+03
2.501545300000000134e+04 1.314393310546875000e+03
2.501553600000000006e+04 1.314433105468750000e+03
2.501561899999999878e+04 1.314438720703125000e+03
2.501570200000000114e+04 1.314454589843750000e+03
2.501578499999999985e+04 1.314458618164062500e+03
2.501586799999999857e+04 1.314462158203125000e+03
2.501595100000000093e+04 1.314465332031250000e+03
2.501603399999999965e+04 1.314468750000000000e+03
2.501611699999999837e+04 1.314472167968750000e+03
2.501620000000000073e+04 1.314476318359375000e+03
2.501628299999999945e+04 1.314481445312500000e+03
2.501636600000000180e+04 1.314486816406250000e+03
2.501644900000000052e+04 1.314492553710937500e+03
2.501653199999999924e+04 1.314531250000000000e+03
2.501661500000000160e+04 1.314536987304687500e+03
2.501669800000000032e+04 1.314552612304687500e+03
2.501678099999999904e+04 1.314556884765625000e+03
2.501686400000000140e+04 1.314560424804687500e+03
2.501694700000000012e+04 1.314563476562500000e+03
2.501702999999999884e+04 1.314567016601562500e+03
2.501711300000000119e+04 1.314570434570312500e+03
2.501719599999999991e+04 1.314574584960937500e+03
2.501727899999999863e+04 1.314579589843750000e+03
2.501736200000000099e+04 1.314584960937500000e+03
2.501744499999999971e+04 1.314590576171875000e+03
2.501752799999999843e+04 1.314628417968750000e+03
2.501761100000000079e+04 1.314634155273437500e+03
2.501769399999999951e+04 1.314649536132812500e+03
2.501777699999999822e+04 1.314653808593750000e+03
2.501786000000000058e+04 1.314657348632812500e+03
2.501794299999999930e+04 1.314660522460937500e+03
2.501802600000000166e+04 1.314663940429687500e+03
2.501810900000000038e+04 1.314667358398437500e+03
2.501819199999999910e+04 1.314671386718750000e+03
2.501827500000000146e+04 1.314676269531250000e+03
2.501835800000000017e+04 1.314681640625000000e+03
2.501844099999999889e+04 1.314687377929687500e+03
2.501852400000000125e+04 1.314724243164062500e+03
2.501860699999999997e+04 1.314729980468750000e+03
2.501868999999999869e+04 1.314745117187500000e+03
2.501877300000000105e+04 1.314749389648437500e+03
2.501885599999999977e+04 1.314752929687500000e+03
2.501893899999999849e+04 1.314756103515625000e+03
2.501902200000000084e+04 1.314759521484375000e+03
2.501910499999999956e+04 1.314762939453125000e+03
2.501918799999999828e+04 1.314766967773437500e+03
2.501927100000000064e+04 1.314771850585937500e+03
2.501935399999999936e+04 1.314777221679687500e+03
2.501943700000000172e+04 1.314782836914062500e+03
2.501952000000000044e+04 1.314819091796875000e+03
2.501960299999999916e+04 1.314824829101562500e+03
2.501968600000000151e+04 1.314839599609375000e+03
2.501976900000000023e+04 1.314843872070312500e+03
2.501985199999999895e+04 1.314847534179687500e+03
2.501993500000000131e+04 1.314850585937500000e+03
