2.500009800000000178e+04 8.173478393554687500e+02
2.500018100000000049e+04 8.173595581054687500e+02
2.500026399999999921e+04 8.173725585937500000e+02
2.500034700000000157e+04 8.173859252929687500e+02
2.500043000000000029e+04 8.173983154296875000e+02
2.500051299999999901e+04 8.174001464843750000e+02
2.500059600000000137e+04 8.173807373046875000e+02
2.500067900000000009e+04 8.173670043945312500e+02
2.500076199999999881e+04 8.173780517578125000e+02
2.500084500000000116e+04 8.173847656250000000e+02
2.500092799999999988e+04 8.173911743164062500e+02
2.500101099999999860e+04 8.173988647460937500e+02
2.500109400000000096e+04 8.174071044921875000e+02
2.500117699999999968e+04 8.174161987304687500e+02
2.500125999999999840e+04 8.174271850585937500e+02
2.500134300000000076e+04 8.174390869140625000e+02
2.500142599999999948e+04 8.174500732421875000e+02
2.500150899999999820e+04 8.174506835937500000e+02
2.500159200000000055e+04 8.174306640625000000e+02
2.500167499999999927e+04 8.174155273437500000e+02
2.500175800000000163e+04 8.174252319335937500e+02
2.500184100000000035e+04 8.174312133789062500e+02
2.500192399999999907e+04 8.174369506835937500e+02
2.500200700000000143e+04 8.174439086914062500e+02
2.500209000000000015e+04 8.174513549804687500e+02
2.500217299999999886e+04 8.174596557617187500e+02
2.500225600000000122e+04 8.174697875976562500e+02
2.500233899999999994e+04 8.174810180664062500e+02
2.500242199999999866e+04 8.174912719726562500e+02
2.500250500000000102e+04 8.174908447265625000e+02
2.500258799999999974e+04 8.174740600585937500e+02
2.500267099999999846e+04 8.174579467773437500e+02
2.500275400000000081e+04 8.174666748046875000e+02
2.500283699999999953e+04 8.174722900390625000e+02
2.500291999999999825e+04 8.174774780273437500e+02
2.500300300000000061e+04 8.174838256835937500e+02
2.500308599999999933e+04 8.174906616210937500e+02
2.500316900000000169e+04 8.174983520507812500e+02
2.500325200000000041e+04 8.175079345703125000e+02
2.500333499999999913e+04 8.175184936523437500e+02
2.500341800000000148e+04 8.175281372070312500e+02
2.500350100000000020e+04 8.175267944335937500e+02
2.500358399999999892e+04 8.175092163085937500e+02
2.500366700000000128e+04 8.174923095703125000e+02
2.500375000000000000e+04 8.175003051757812500e+02
2.500383299999999872e+04 8.175055541992187500e+02
2.500391600000000108e+04 8.175102539062500000e+02
2.500399899999999980e+04 8.175161743164062500e+02
2.500408199999999852e+04 8.175225219726562500e+02
2.500416500000000087e+04 8.175296630859375000e+02
2.500424799999999959e+04 8.175386962890625000e+02
2.500433099999999831e+04 8.175487670898437500e+02
2.500441400000000067e+04 8.175579833984375000e+02
2.500449699999999939e+04 8.175558471679687500e+02
2.500458000000000175e+04 8.175374755859375000e+02
2.500466300000000047e+04 8.175163574218750000e+02
2.500474599999999919e+04 8.175187377929687500e+02
2.500482900000000154e+04 8.175235595703125000e+02
2.500491200000000026e+04 8.175274047851562500e+02
2.500499499999999898e+04 8.175321044921875000e+02
2.500507800000000134e+04 8.175374145507812500e+02
2.500516100000000006e+04 8.175435791015625000e+02
2.500524399999999878e+04 8.175514526367187500e+02
2.500532700000000114e+04 8.175605468750000000e+02
2.500540999999999985e+04 8.175692138671875000e+02
2.500549299999999857e+04 8.175682983398437500e+02
2.500557600000000093e+04 8.175538330078125000e+02
2.500565899999999965e+04 8.175321655273437500e+02
2.500574199999999837e+04 8.175340576171875000e+02
2.500582500000000073e+04 8.175385742187500000e+02
2.500590799999999945e+04 8.175422363281250000e+02
2.500599100000000180e+04 8.175467529296875000e+02
2.500607400000000052e+04 8.175518188476562500e+02
2.500615699999999924e+04 8.175576782226562500e+02
2.500624000000000160e+04 8.175652465820312500e+02
2.500632300000000032e+04 8.175740356445312500e+02
2.500640599999999904e+04 8.175823364257812500e+02
2.500648900000000140e+04 8.175809326171875000e+02
2.500657200000000012e+04 8.175660400390625000e+02
2.500665499999999884e+04 8.175439453125000000e+02
2.500673800000000119e+04 8.175454101562500000e+02
2.500682099999999991e+04 8.175498046875000000e+02
2.500690399999999863e+04 8.175532836914062500e+02
2.500698700000000099e+04 8.175575561523437500e+02
2.500706999999999971e+04 8.175624389648437500e+02
2.500715299999999843e+04 8.175680541992187500e+02
2.500723600000000079e+04 8.175753173828125000e+02
2.500731899999999951e+04 8.175838623046875000e+02
2.500740199999999822e+04 8.175918579101562500e+02
2.500748500000000058e+04 8.175900878906250000e+02
2.500756799999999930e+04 8.175748291015625000e+02
2.500765100000000166e+04 8.175523681640625000e+02
2.500773400000000038e+04 8.175535278320312500e+02
2.500781699999999910e+04 8.175577392578125000e+02
2.500790000000000146e+04 8.175610961914062500e+02
2.500798300000000017e+04 8.175651855468750000e+02
2.500806599999999889e+04 8.175698852539062500e+02
2.500814900000000125e+04 8.175751953125000000e+02
2.500823199999999997e+04 8.175822753906250000e+02
2.500831499999999869e+04 8.175905761718750000e+02
2.500839800000000105e+04 8.175983886718750000e+02
2.500848099999999977e+04 8.175962524414062500e+02
2.500856399999999849e+04 8.175805664062500000e+02
2.500864700000000084e+04 8.175541381835937500e+02
2.500872999999999956e+04 8.175499877929687500e+02
2.500881299999999828e+04 8.175562133789062500e+02
2.500889600000000064e+04 8.175595703125000000e+02
2.500897899999999936e+04 8.175634155273437500e+02
2.500906200000000172e+04 8.175678710937500000e+02
2.500914500000000044e+04 8.175729370117187500e+02
2.500922799999999916e+04 8.175795288085937500e+02
2.500931100000000151e+04 8.175874023437500000e+02
2.500939400000000023e+04 8.175952148437500000e+02
2.500947699999999895e+04 8.175953369140625000e+02
2.500956000000000131e+04 8.175853271484375000e+02
2.500964300000000003e+04 8.175586547851562500e+02
2.500972599999999875e+04 8.175542602539062500e+02
2.500980900000000111e+04 8.175601806640625000e+02
2.500989199999999983e+04 8.175635375976562500e+02
2.500997499999999854e+04 8.175671997070312500e+02
2.501005800000000090e+04 8.174659423828125000e+02
2.501014099999999962e+04 8.174708862304687500e+02
2.501022399999999834e+04 8.174772949218750000e+02
2.501030700000000070e+04 8.174850463867187500e+02
2.501038999999999942e+04 8.174926757812500000e+02
2.501047300000000178e+04 8.174925537109375000e+02
2.501055600000000049e+04 8.174844360351562500e+02
2.501063899999999921e+04 8.174575195312500000e+02
2.501072200000000157e+04 8.174528808593750000e+02
2.501080500000000029e+04 8.174586181640625000e+02
2.501088799999999901e+04 8.174619140625000000e+02
2.501097100000000137e+04 8.174655151367187500e+02
2.501105400000000009e+04 8.174697265625000000e+02
2.501113699999999881e+04 8.174746093750000000e+02
2.501122000000000116e+04 8.174808349609375000e+02
2.501130299999999988e+04 8.174884643554687500e+02
2.501138599999999860e+04 8.174959106445312500e+02
2.501146900000000096e+04 8.174956665039062500e+02
2.501155199999999968e+04 8.174873046875000000e+02
2.501163499999999840e+04 8.174602050781250000e+02
2.501171800000000076e+04 8.174553833007812500e+02
2.501180099999999948e+04 8.174609375000000000e+02
2.501188399999999820e+04 8.174641723632812500e+02
2.501196700000000055e+04 8.174677124023437500e+02
2.501204999999999927e+04 8.174718627929687500e+02
2.501213300000000163e+04 8.174765014648437500e+02
2.501221600000000035e+04 8.174826660156250000e+02
2.501229899999999907e+04 8.174901733398437500e+02
2.501238200000000143e+04 8.174974975585937500e+02
2.501246500000000015e+04 8.174970703125000000e+02
2.501254799999999886e+04 8.174884643554687500e+02
2.501263100000000122e+04 8.174611816406250000e+02
2.501271399999999994e+04 8.174512329101562500e+02
2.501279699999999866e+04 8.174564819335937500e+02
2.501288000000000102e+04 8.174598388671875000e+02
2.501296299999999974e+04 8.174631958007812500e+02
2.501304599999999846e+04 8.174672851562500000e+02
2.501312900000000081e+04 8.174718017578125000e+02
2.501321199999999953e+04 8.174779052734375000e+02
2.501329499999999825e+04 8.174851074218750000e+02
2.501337800000000061e+04 8.174925537109375000e+02
2.501346099999999933e+04 8.174946289062500000e+02
2.501354400000000169e+04 8.174872436523437500e+02
2.501362700000000041e+04 8.174612426757812500e+02
2.501370999999999913e+04 8.174511108398437500e+02
2.501379300000000148e+04 8.174562988281250000e+02
2.501387600000000020e+04 8.174595947265625000e+02
2.501395899999999892e+04 8.174628295898437500e+02
2.501404200000000128e+04 8.174667968750000000e+02
2.501412500000000000e+04 8.174712524414062500e+02
2.501420799999999872e+04 8.174769287109375000e+02
2.501429100000000108e+04 8.174840698242187500e+02
2.501437399999999980e+04 8.174913940429687500e+02
2.501445699999999852e+04 8.174933471679687500e+02
2.501454000000000087e+04 8.174859008789062500e+02
2.501462299999999959e+04 8.174595336914062500e+02
2.501470599999999831e+04 8.174492797851562500e+02
2.501478900000000067e+04 8.174542846679687500e+02
2.501487199999999939e+04 8.174575195312500000e+02
2.501495500000000175e+04 8.174607543945312500e+02
2.501503800000000047e+04 8.174646606445312500e+02
2.501512099999999919e+04 8.174689941406250000e+02
2.501520400000000154e+04 8.174745483398437500e+02
2.501528700000000026e+04 8.174816284179687500e+02
2.501536999999999898e+04 8.174888305664062500e+02
2.501545300000000134e+04 8.174906616210937500e+02
2.501553600000000006e+04 8.174831542968750000e+02
2.501561899999999878e+04 8.174566650390625000e+02
2.501570200000000114e+04 8.174462890625000000e+02
2.501578499999999985e+04 8.174511718750000000e+02
2.501586799999999857e+04 8.174544067382812500e+02
2.501595100000000093e+04 8.174575195312500000e+02
2.501603399999999965e+04 8.174613647460937500e+02
2.501611699999999837e+04 8.174655761718750000e+02
2.501620000000000073e+04 8.174710693359375000e+02
2.501628299999999945e+04 8.174780273437500000e+02
2.501636600000000180e+04 8.174851684570312500e+02
2.501644900000000052e+04 8.174868164062500000e+02
2.501653199999999924e+04 8.174793090820312500e+02
2.501661500000000160e+04 8.174526367187500000e+02
2.501669800000000032e+04 8.174371337890625000e+02
2.501678099999999904e+04 8.174418334960937500e+02
2.501686400000000140e+04 8.174451904296875000e+02
2.501694700000000012e+04 8.174481201171875000e+02
2.501702999999999884e+04 8.174519042968750000e+02
2.501711300000000119e+04 8.174560546875000000e+02
2.501719599999999991e+04 8.174614257812500000e+02
2.501727899999999863e+04 8.174681396484375000e+02
2.501736200000000099e+04 8.174752807617187500e+02
2.501744499999999971e+04 8.174785766601562500e+02
2.501752799999999843e+04 8.174727172851562500e+02
2.501761100000000079e+04 8.174483642578125000e+02
2.501769399999999951e+04 8.174328002929687500e+02
2.501777699999999822e+04 8.174373779296875000e+02
2.501786000000000058e+04 8.174407348632812500e+02
2.501794299999999930e+04 8.174436035156250000e+02
2.501802600000000166e+04 8.174473266601562500e+02
2.501810900000000038e+04 8.174514160156250000e+02
2.501819199999999910e+04 8.174564208984375000e+02
2.501827500000000146e+04 8.174630737304687500e+02
2.501835800000000017e+04 8.174703369140625000e+02
2.501844099999999889e+04 8.174743652343750000e+02
2.501852400000000125e+04 8.174685058593750000e+02
2.501860699999999997e+04 8.174442749023437500e+02
2.501868999999999869e+04 8.174285888671875000e+02
2.501877300000000105e+04 8.174331054687500000e+02
2.501885599999999977e+04 8.174364013671875000e+02
2.501893899999999849e+04 8.174392700195312500e+02
2.501902200000000084e+04 8.174429321289062500e+02
2.501910499999999956e+04 8.174469604492187500e+02
2.501918799999999828e+04 8.174519042968750000e+02
2.501927100000000064e+04 8.174584960937500000e+02
2.501935399999999936e+04 8.174656982421875000e+02
2.501943700000000172e+04 8.174696655273437500e+02
2.501952000000000044e+04 8.174637451171875000e+02
2.501960299999999916e+04 8.174393920898437500e+02
2.501968600000000151e+04 8.174236450195312500e+02
2.501976900000000023e+04 8.174281005859375000e+02
2.501985199999999895e+04 8.174313964843750000e+02
2.501993500000000131e+04 8.174342041015625000e+02
