2.500009800000000178e+04 5.141739845275878906e-01
2.500018100000000049e+04 5.174810290336608887e-01
2.500026399999999921e+04 5.149933099746704102e-01
2.500034700000000157e+04 5.135796666145324707e-01
2.500043000000000029e+04 5.135145187377929688e-01
2.500051299999999901e+04 5.152217745780944824e-01
2.500059600000000137e+04 1.332555651664733887e+00
2.500067900000000009e+04 5.332365036010742188e+00
2.500076199999999881e+04 5.379569530487060547e+00
2.500084500000000116e+04 5.367833614349365234e+00
2.500092799999999988e+04 4.558747768402099609e+00
2.500101099999999860e+04 3.864046573638916016e+00
2.500109400000000096e+04 3.292702436447143555e+00
2.500117699999999968e+04 2.829964399337768555e+00
2.500125999999999840e+04 2.449062347412109375e+00
2.500134300000000076e+04 2.134433269500732422e+00
2.500142599999999948e+04 1.877951145172119141e+00
2.500150899999999820e+04 2.433650016784667969e+00
2.500159200000000055e+04 5.357448577880859375e+00
2.500167499999999927e+04 5.397838592529296875e+00
2.500175800000000163e+04 5.401107788085937500e+00
2.500184100000000035e+04 5.395763397216796875e+00
2.500192399999999907e+04 4.680903911590576172e+00
2.500200700000000143e+04 4.052196025848388672e+00
2.500209000000000015e+04 3.523390531539916992e+00
2.500217299999999886e+04 3.083358764648437500e+00
2.500225600000000122e+04 2.712234735488891602e+00
2.500233899999999994e+04 2.398170709609985352e+00
2.500242199999999866e+04 2.136224269866943359e+00
2.500250500000000102e+04 2.811790227890014648e+00
2.500258799999999974e+04 5.381521224975585938e+00
2.500267099999999846e+04 5.406614303588867188e+00
2.500275400000000081e+04 5.409963607788085938e+00
2.500283699999999953e+04 5.407833099365234375e+00
2.500291999999999825e+04 4.773163318634033203e+00
2.500300300000000061e+04 4.203472614288330078e+00
2.500308599999999933e+04 3.710882186889648438e+00
2.500316900000000169e+04 3.291353464126586914e+00
2.500325200000000041e+04 2.933043718338012695e+00
2.500333499999999913e+04 2.624064445495605469e+00
2.500341800000000148e+04 2.362045764923095703e+00
2.500350100000000020e+04 3.163189888000488281e+00
2.500358399999999892e+04 5.404578208923339844e+00
2.500366700000000128e+04 5.422156810760498047e+00
2.500375000000000000e+04 5.425015449523925781e+00
2.500383299999999872e+04 5.424302577972412109e+00
2.500391600000000108e+04 4.846269130706787109e+00
2.500399899999999980e+04 4.324866771697998047e+00
2.500408199999999852e+04 3.863126993179321289e+00
2.500416500000000087e+04 3.466492891311645508e+00
2.500424799999999959e+04 3.121530532836914062e+00
2.500433099999999831e+04 2.819618463516235352e+00
2.500441400000000067e+04 2.560752153396606445e+00
2.500449699999999939e+04 3.482804298400878906e+00
2.500458000000000175e+04 5.421992301940917969e+00
2.500466300000000047e+04 5.437469005584716797e+00
2.500474599999999919e+04 5.440820217132568359e+00
2.500482900000000154e+04 5.440690517425537109e+00
2.500491200000000026e+04 5.362743377685546875e+00
2.500499499999999898e+04 4.841732501983642578e+00
2.500507800000000134e+04 4.360928535461425781e+00
2.500516100000000006e+04 3.945536851882934570e+00
2.500524399999999878e+04 3.577361583709716797e+00
2.500532700000000114e+04 3.251559019088745117e+00
2.500540999999999985e+04 2.968781709671020508e+00
2.500549299999999857e+04 3.772924184799194336e+00
2.500557600000000093e+04 5.438681602478027344e+00
2.500565899999999965e+04 5.452141761779785156e+00
2.500574199999999837e+04 5.455376148223876953e+00
2.500582500000000073e+04 5.455063343048095703e+00
2.500590799999999945e+04 5.412039756774902344e+00
2.500599100000000180e+04 4.923449039459228516e+00
2.500607400000000052e+04 4.475594520568847656e+00
2.500615699999999924e+04 4.079521656036376953e+00
2.500624000000000160e+04 3.723872900009155273e+00
2.500632300000000032e+04 3.411933183670043945e+00
2.500640599999999904e+04 3.133285045623779297e+00
2.500648900000000140e+04 4.014373302459716797e+00
2.500657200000000012e+04 5.454011917114257812e+00
2.500665499999999884e+04 5.465657234191894531e+00
2.500673800000000119e+04 5.468961715698242188e+00
2.500682099999999991e+04 5.468631267547607422e+00
2.500690399999999863e+04 5.447551727294921875e+00
2.500698700000000099e+04 4.990037441253662109e+00
2.500706999999999971e+04 4.567959308624267578e+00
2.500715299999999843e+04 4.187588214874267578e+00
2.500723600000000079e+04 3.849108219146728516e+00
2.500731899999999951e+04 3.544565916061401367e+00
2.500740199999999822e+04 3.276745080947875977e+00
2.500748500000000058e+04 4.223186016082763672e+00
2.500756799999999930e+04 5.466373920440673828e+00
2.500765100000000166e+04 5.479215145111083984e+00
2.500773400000000038e+04 5.482349872589111328e+00
2.500781699999999910e+04 5.481946468353271484e+00
2.500790000000000146e+04 5.464952468872070312e+00
2.500798300000000017e+04 5.037475585937500000e+00
2.500806599999999889e+04 4.633882999420166016e+00
2.500814900000000125e+04 4.274307250976562500e+00
2.500823199999999997e+04 3.951557159423828125e+00
2.500831499999999869e+04 3.654268503189086914e+00
2.500839800000000105e+04 3.393123865127563477e+00
2.500848099999999977e+04 4.397419929504394531e+00
2.500856399999999849e+04 5.480450153350830078e+00
2.500864700000000084e+04 5.492554664611816406e+00
2.500872999999999956e+04 5.495357036590576172e+00
2.500881299999999828e+04 5.495769023895263672e+00
2.500889600000000064e+04 5.475804328918457031e+00
2.500897899999999936e+04 5.073264598846435547e+00
2.500906200000000172e+04 4.692527770996093750e+00
2.500914500000000044e+04 4.343842506408691406e+00
2.500922799999999916e+04 4.033614158630371094e+00
2.500931100000000151e+04 3.748073577880859375e+00
2.500939400000000023e+04 3.491398572921752930e+00
2.500947699999999895e+04 4.180795192718505859e+00
2.500956000000000131e+04 5.491504192352294922e+00
2.500964300000000003e+04 5.503913879394531250e+00
2.500972599999999875e+04 5.507421970367431641e+00
2.500980900000000111e+04 5.507659435272216797e+00
2.500989199999999983e+04 5.493470668792724609e+00
2.500997499999999854e+04 5.110918045043945312e+00
2.501005800000000090e+04 4.751888275146484375e+00
2.501014099999999962e+04 4.407745361328125000e+00
2.501022399999999834e+04 4.107059478759765625e+00
2.501030700000000070e+04 3.831324100494384766e+00
2.501038999999999942e+04 3.581524610519409180e+00
2.501047300000000178e+04 4.303596019744873047e+00
2.501055600000000049e+04 5.496668815612792969e+00
2.501063899999999921e+04 5.508080959320068359e+00
2.501072200000000157e+04 5.511682510375976562e+00
2.501080500000000029e+04 5.511847496032714844e+00
2.501088799999999901e+04 5.502715110778808594e+00
2.501097100000000137e+04 5.140471935272216797e+00
2.501105400000000009e+04 4.790994167327880859e+00
2.501113699999999881e+04 4.472252845764160156e+00
2.501122000000000116e+04 4.176974773406982422e+00
2.501130299999999988e+04 3.907777070999145508e+00
2.501138599999999860e+04 3.665080308914184570e+00
2.501146900000000096e+04 4.417595386505126953e+00
2.501155199999999968e+04 5.508666992187500000e+00
2.501163499999999840e+04 5.518904209136962891e+00
2.501171800000000076e+04 5.522916316986083984e+00
2.501180099999999948e+04 5.523126602172851562e+00
2.501188399999999820e+04 5.517663002014160156e+00
2.501196700000000055e+04 5.167731285095214844e+00
2.501204999999999927e+04 4.831793785095214844e+00
2.501213300000000163e+04 4.523705482482910156e+00
2.501221600000000035e+04 4.237887382507324219e+00
2.501229899999999907e+04 3.977099180221557617e+00
2.501238200000000143e+04 3.741463899612426758e+00
2.501246500000000015e+04 4.520109653472900391e+00
2.501254799999999886e+04 5.519711494445800781e+00
2.501263100000000122e+04 5.529597282409667969e+00
2.501271399999999994e+04 5.533441543579101562e+00
2.501279699999999866e+04 5.534284114837646484e+00
2.501288000000000102e+04 5.532476902008056641e+00
2.501296299999999974e+04 5.200204849243164062e+00
2.501304599999999846e+04 4.874814510345458984e+00
2.501312900000000081e+04 4.575354099273681641e+00
2.501321199999999953e+04 4.297635078430175781e+00
2.501329499999999825e+04 4.040737628936767578e+00
2.501337800000000061e+04 3.807552576065063477e+00
2.501346099999999933e+04 4.236350059509277344e+00
2.501354400000000169e+04 5.527390480041503906e+00
2.501362700000000041e+04 5.539190292358398438e+00
2.501370999999999913e+04 5.544038295745849609e+00
2.501379300000000148e+04 5.544714450836181641e+00
2.501387600000000020e+04 5.542891025543212891e+00
2.501395899999999892e+04 5.219608306884765625e+00
2.501404200000000128e+04 4.909723758697509766e+00
2.501412500000000000e+04 4.616874217987060547e+00
2.501420799999999872e+04 4.345073699951171875e+00
2.501429100000000108e+04 4.097152709960937500e+00
2.501437399999999980e+04 3.868968725204467773e+00
2.501445699999999852e+04 4.304908275604248047e+00
2.501454000000000087e+04 5.539952754974365234e+00
2.501462299999999959e+04 5.549164295196533203e+00
2.501470599999999831e+04 5.554092884063720703e+00
2.501478900000000067e+04 5.554825782775878906e+00
2.501487199999999939e+04 5.552729129791259766e+00
2.501495500000000175e+04 5.242707252502441406e+00
2.501503800000000047e+04 4.936828136444091797e+00
2.501512099999999919e+04 4.652595043182373047e+00
2.501520400000000154e+04 4.389131069183349609e+00
2.501528700000000026e+04 4.148016452789306641e+00
2.501536999999999898e+04 3.922068834304809570e+00
2.501545300000000134e+04 4.373390674591064453e+00
2.501553600000000006e+04 5.548269271850585938e+00
2.501561899999999878e+04 5.558685779571533203e+00
2.501570200000000114e+04 5.563786029815673828e+00
2.501578499999999985e+04 5.564587116241455078e+00
2.501586799999999857e+04 5.562797069549560547e+00
2.501595100000000093e+04 5.261802673339843750e+00
2.501603399999999965e+04 4.963793754577636719e+00
2.501611699999999837e+04 4.686315536499023438e+00
2.501620000000000073e+04 4.427834510803222656e+00
2.501628299999999945e+04 4.189858913421630859e+00
2.501636600000000180e+04 3.969983577728271484e+00
2.501644900000000052e+04 4.435509204864501953e+00
2.501653199999999924e+04 5.557626724243164062e+00
2.501661500000000160e+04 5.568045616149902344e+00
2.501669800000000032e+04 5.572667598724365234e+00
2.501678099999999904e+04 5.574528217315673828e+00
2.501686400000000140e+04 5.572649955749511719e+00
2.501694700000000012e+04 5.281709671020507812e+00
2.501702999999999884e+04 4.993526458740234375e+00
2.501711300000000119e+04 4.721565246582031250e+00
2.501719599999999991e+04 4.468475341796875000e+00
2.501727899999999863e+04 4.232694625854492188e+00
2.501736200000000099e+04 4.016836643218994141e+00
2.501744499999999971e+04 4.500618457794189453e+00
2.501752799999999843e+04 5.565270423889160156e+00
2.501761100000000079e+04 5.576994419097900391e+00
2.501769399999999951e+04 5.582262039184570312e+00
2.501777699999999822e+04 5.583766460418701172e+00
2.501786000000000058e+04 5.581841945648193359e+00
2.501794299999999930e+04 5.295837402343750000e+00
2.501802600000000166e+04 5.019721508026123047e+00
2.501810900000000038e+04 4.748857021331787109e+00
2.501819199999999910e+04 4.501925468444824219e+00
2.501827500000000146e+04 4.270123004913330078e+00
2.501835800000000017e+04 4.057065486907958984e+00
2.501844099999999889e+04 4.195259571075439453e+00
2.501852400000000125e+04 5.570330142974853516e+00
2.501860699999999997e+04 5.585387706756591797e+00
2.501868999999999869e+04 5.590754985809326172e+00
2.501877300000000105e+04 5.592538833618164062e+00
2.501885599999999977e+04 5.590650558471679688e+00
2.501893899999999849e+04 5.313622474670410156e+00
2.501902200000000084e+04 5.044565200805664062e+00
2.501910499999999956e+04 4.775172233581542969e+00
2.501918799999999828e+04 4.531551361083984375e+00
2.501927100000000064e+04 4.307672977447509766e+00
2.501935399999999936e+04 4.094744205474853516e+00
2.501943700000000172e+04 4.239361286163330078e+00
2.501952000000000044e+04 5.579766273498535156e+00
2.501960299999999916e+04 5.594191551208496094e+00
2.501968600000000151e+04 5.599404811859130859e+00
2.501976900000000023e+04 5.601050376892089844e+00
2.501985199999999895e+04 5.599167346954345703e+00
2.501993500000000131e+04 5.327829360961914062e+00
