2.500009800000000178e+04 2.185147488489747047e-03
2.500018100000000049e+04 2.185195218771696091e-03
2.500026399999999921e+04 2.185209188610315323e-03
2.500034700000000157e+04 2.185223624110221863e-03
2.500043000000000029e+04 2.185237593948841095e-03
2.500051299999999901e+04 2.185251563787460327e-03
2.500059600000000137e+04 2.185287419706583023e-03
2.500067900000000009e+04 2.478658687323331833e-03
2.500076199999999881e+04 2.456501359120011330e-03
2.500084500000000116e+04 2.494610613211989403e-03
2.500092799999999988e+04 2.478442620486021042e-03
2.500101099999999860e+04 2.465144265443086624e-03
2.500109400000000096e+04 2.453576540574431419e-03
2.500117699999999968e+04 2.443510107696056366e-03
2.500125999999999840e+04 2.434750786051154137e-03
2.500134300000000076e+04 2.427131868898868561e-03
2.500142599999999948e+04 2.420509699732065201e-03
2.500150899999999820e+04 2.414760878309607506e-03
2.500159200000000055e+04 2.409794833511114120e-03
2.500167499999999927e+04 2.541457302868366241e-03
2.500175800000000163e+04 2.527918200939893723e-03
2.500184100000000035e+04 2.555683720856904984e-03
2.500192399999999907e+04 2.543548354879021645e-03
2.500200700000000143e+04 2.533353632315993309e-03
2.500209000000000015e+04 2.524495823308825493e-03
2.500217299999999886e+04 2.516806125640869141e-03
2.500225600000000122e+04 2.510138787329196930e-03
2.500233899999999994e+04 2.504368778318166733e-03
2.500242199999999866e+04 2.499386435374617577e-03
2.500250500000000102e+04 2.495097229257225990e-03
2.500258799999999974e+04 2.491435501724481583e-03
2.500267099999999846e+04 2.610597992315888405e-03
2.500275400000000081e+04 2.600376494228839874e-03
2.500283699999999953e+04 2.625968074426054955e-03
2.500291999999999825e+04 2.616516780108213425e-03
2.500300300000000061e+04 2.608473878353834152e-03
2.500308599999999933e+04 2.601500134915113449e-03
2.500316900000000169e+04 2.595464000478386879e-03
2.500325200000000041e+04 2.590252086520195007e-03
2.500333499999999913e+04 2.585765672847628593e-03
2.500341800000000148e+04 2.581918146461248398e-03
2.500350100000000020e+04 2.578634535893797874e-03
2.500358399999999892e+04 2.575865481048822403e-03
2.500366700000000128e+04 2.685141982510685921e-03
2.500375000000000000e+04 2.677193609997630119e-03
2.500383299999999872e+04 2.700991695746779442e-03
2.500391600000000108e+04 2.693415619432926178e-03
2.500399899999999980e+04 2.686890074983239174e-03
2.500408199999999852e+04 2.681243699043989182e-03
2.500416500000000087e+04 2.676370320841670036e-03
2.500424799999999959e+04 2.672178205102682114e-03
2.500433099999999831e+04 2.668587025254964828e-03
2.500441400000000067e+04 2.665526000782847404e-03
2.500449699999999939e+04 2.662933664396405220e-03
2.500458000000000175e+04 2.660772996023297310e-03
2.500466300000000047e+04 2.761905547231435776e-03
2.500474599999999919e+04 2.755572320893406868e-03
2.500482900000000154e+04 2.777834655717015266e-03
2.500491200000000026e+04 2.771603176370263100e-03
2.500499499999999898e+04 2.766170771792531013e-03
2.500507800000000134e+04 2.761476673185825348e-03
2.500516100000000006e+04 2.757433569058775902e-03
2.500524399999999878e+04 2.753964858129620552e-03
2.500532700000000114e+04 2.751003485172986984e-03
2.500540999999999985e+04 2.748490544036030769e-03
2.500549299999999857e+04 2.746373880654573441e-03
2.500557600000000093e+04 2.744622528553009033e-03
2.500565899999999965e+04 2.838884480297565460e-03
2.500574199999999837e+04 2.833711449056863785e-03
2.500582500000000073e+04 2.854621969163417816e-03
2.500590799999999945e+04 2.849372336640954018e-03
2.500599100000000180e+04 2.844739006832242012e-03
2.500607400000000052e+04 2.840736880898475647e-03
2.500615699999999924e+04 2.837292151525616646e-03
2.500624000000000160e+04 2.834339626133441925e-03
2.500632300000000032e+04 2.831822494044899940e-03
2.500640599999999904e+04 2.829690463840961456e-03
2.500648900000000140e+04 2.827898599207401276e-03
2.500657200000000012e+04 2.826423151418566704e-03
2.500665499999999884e+04 2.914814511314034462e-03
2.500673800000000119e+04 2.910491544753313065e-03
2.500682099999999991e+04 2.930201124399900436e-03
2.500690399999999863e+04 2.925677457824349403e-03
2.500698700000000099e+04 2.921633189544081688e-03
2.500706999999999971e+04 2.918136771768331528e-03
2.500715299999999843e+04 2.915124641731381416e-03
2.500723600000000079e+04 2.912540221586823463e-03
2.500731899999999951e+04 2.910334616899490356e-03
2.500740199999999822e+04 2.908463822677731514e-03
2.500748500000000058e+04 2.906888956204056740e-03
2.500756799999999930e+04 2.905591856688261032e-03
2.500765100000000166e+04 2.988904248923063278e-03
2.500773400000000038e+04 2.985186874866485596e-03
2.500781699999999910e+04 3.003824269399046898e-03
2.500790000000000146e+04 2.999844728037714958e-03
2.500798300000000017e+04 2.996239578351378441e-03
2.500806599999999889e+04 2.993116388097405434e-03
2.500814900000000125e+04 2.990418579429388046e-03
2.500823199999999997e+04 2.988097490742802620e-03
2.500831499999999869e+04 2.986110048368573189e-03
2.500839800000000105e+04 2.984417136758565903e-03
2.500848099999999977e+04 2.982984762638807297e-03
2.500856399999999849e+04 2.981798956170678139e-03
2.500864700000000084e+04 3.060684073716402054e-03
2.500872999999999956e+04 3.057470312342047691e-03
2.500881299999999828e+04 3.075147978961467743e-03
2.500889600000000064e+04 3.071573097258806229e-03
2.500897899999999936e+04 3.068292280659079552e-03
2.500906200000000172e+04 3.065439406782388687e-03
2.500914500000000044e+04 3.062965348362922668e-03
2.500922799999999916e+04 3.060826100409030914e-03
2.500931100000000151e+04 3.058983478695154190e-03
2.500939400000000023e+04 3.057403024286031723e-03
2.500947699999999895e+04 3.056054236367344856e-03
2.500956000000000131e+04 3.054922912269830704e-03
2.500964300000000003e+04 3.129907185211777687e-03
2.500972599999999875e+04 3.127040574327111244e-03
2.500980900000000111e+04 3.143846988677978516e-03
2.500989199999999983e+04 3.140574786812067032e-03
2.500997499999999854e+04 3.137533552944660187e-03
2.501005800000000090e+04 3.134876489639282227e-03
2.501014099999999962e+04 3.124173032119870186e-03
2.501022399999999834e+04 3.122162539511919022e-03
2.501030700000000070e+04 3.120417939499020576e-03
2.501038999999999942e+04 3.118907799944281578e-03
2.501047300000000178e+04 3.117605345323681831e-03
2.501055600000000049e+04 3.116498701274394989e-03
2.501063899999999921e+04 3.187850816175341606e-03
2.501072200000000157e+04 3.185248933732509613e-03
2.501080500000000029e+04 3.201222745701670647e-03
2.501088799999999901e+04 3.198184771463274956e-03
2.501097100000000137e+04 3.195327008143067360e-03
2.501105400000000009e+04 3.192816395312547684e-03
2.501113699999999881e+04 3.190613118931651115e-03
2.501122000000000116e+04 3.188681788742542267e-03
2.501130299999999988e+04 3.186991205438971519e-03
2.501138599999999860e+04 3.185513429343700409e-03
2.501146900000000096e+04 3.184223547577857971e-03
2.501155199999999968e+04 3.183112479746341705e-03
2.501163499999999840e+04 3.251429181545972824e-03
2.501171800000000076e+04 3.249016590416431427e-03
2.501180099999999948e+04 3.264277940616011620e-03
2.501188399999999820e+04 3.261406673118472099e-03
2.501196700000000055e+04 3.258675569668412209e-03
2.501204999999999927e+04 3.256261814385652542e-03
2.501213300000000163e+04 3.254128620028495789e-03
2.501221600000000035e+04 3.252244088798761368e-03
2.501229899999999907e+04 3.250579582527279854e-03
2.501238200000000143e+04 3.249109257012605667e-03
2.501246500000000015e+04 3.247810527682304382e-03
2.501254799999999886e+04 3.246676176786422729e-03
2.501263100000000122e+04 3.312291344627737999e-03
2.501271399999999994e+04 3.310017054900527000e-03
2.501279699999999866e+04 3.324637887999415398e-03
2.501288000000000102e+04 3.321889089420437813e-03
2.501296299999999974e+04 3.319247858598828316e-03
2.501304599999999846e+04 3.316898597404360771e-03
2.501312900000000081e+04 3.314807778224349022e-03
2.501321199999999953e+04 3.312945831567049026e-03
2.501329499999999825e+04 3.311286447569727898e-03
2.501337800000000061e+04 3.309805644676089287e-03
2.501346099999999933e+04 3.308482700958848000e-03
2.501354400000000169e+04 3.307307837530970573e-03
2.501362700000000041e+04 3.370497375726699829e-03
2.501370999999999913e+04 3.368332516402006149e-03
2.501379300000000148e+04 3.382364986464381218e-03
2.501387600000000020e+04 3.379704430699348450e-03
2.501395899999999892e+04 3.377124899998307228e-03
2.501404200000000128e+04 3.374816151335835457e-03
2.501412500000000000e+04 3.372746985405683517e-03
2.501420799999999872e+04 3.370889928191900253e-03
2.501429100000000108e+04 3.369220299646258354e-03
2.501437399999999980e+04 3.367716446518898010e-03
2.501445699999999852e+04 3.366358811035752296e-03
2.501454000000000087e+04 3.365138545632362366e-03
2.501462299999999959e+04 3.426165087148547173e-03
2.501470599999999831e+04 3.424070077016949654e-03
2.501478900000000067e+04 3.437566105276346207e-03
2.501487199999999939e+04 3.434967715293169022e-03
2.501495500000000175e+04 3.432428697124123573e-03
2.501503800000000047e+04 3.430142067372798920e-03
2.501512099999999919e+04 3.428079187870025635e-03
2.501520400000000154e+04 3.426213748753070831e-03
2.501528700000000026e+04 3.424523398280143738e-03
2.501536999999999898e+04 3.422987647354602814e-03
2.501545300000000134e+04 3.421587636694312096e-03
2.501553600000000006e+04 3.420316847041249275e-03
2.501561899999999878e+04 3.479398554190993309e-03
2.501570200000000114e+04 3.477350343018770218e-03
2.501578499999999985e+04 3.490357194095849991e-03
2.501586799999999857e+04 3.487800946459174156e-03
2.501595100000000093e+04 3.485286142677068710e-03
2.501603399999999965e+04 3.483008127659559250e-03
2.501611699999999837e+04 3.480939893051981926e-03
2.501620000000000073e+04 3.479056758806109428e-03
2.501628299999999945e+04 3.477338002994656563e-03
2.501636600000000180e+04 3.475764067843556404e-03
2.501644900000000052e+04 3.474317491054534912e-03
2.501653199999999924e+04 3.472992451861500740e-03
2.501661500000000160e+04 3.530320245772600174e-03
2.501669800000000032e+04 3.528301604092121124e-03
2.501678099999999904e+04 3.540868172422051430e-03
2.501686400000000140e+04 3.538338933140039444e-03
2.501694700000000012e+04 3.535836236551403999e-03
2.501702999999999884e+04 3.533556358888745308e-03
2.501711300000000119e+04 3.531474387273192406e-03
2.501719599999999991e+04 3.529567271471023560e-03
2.501727899999999863e+04 3.527814755216240883e-03
2.501736200000000099e+04 3.526198677718639374e-03
2.501744499999999971e+04 3.524702740833163261e-03
2.501752799999999843e+04 3.523317165672779083e-03
2.501761100000000079e+04 3.579045413061976433e-03
2.501769399999999951e+04 3.577054711058735847e-03
2.501777699999999822e+04 3.589211497455835342e-03
2.501786000000000058e+04 3.586697624996304512e-03
2.501794299999999930e+04 3.584197489544749260e-03
2.501802600000000166e+04 3.581908531486988068e-03
2.501810900000000038e+04 3.579806769266724586e-03
2.501819199999999910e+04 3.577870782464742661e-03
2.501827500000000146e+04 3.576081246137619019e-03
2.501835800000000017e+04 3.574421163648366928e-03
2.501844099999999889e+04 3.572874236851930618e-03
2.501852400000000125e+04 3.571432083845138550e-03
2.501860699999999997e+04 3.625721437856554985e-03
2.501868999999999869e+04 3.623737487941980362e-03
2.501877300000000105e+04 3.635518718510866165e-03
2.501885599999999977e+04 3.633011132478713989e-03
2.501893899999999849e+04 3.630506573244929314e-03
2.501902200000000084e+04 3.628202946856617928e-03
2.501910499999999956e+04 3.626077901571989059e-03
2.501918799999999828e+04 3.624110016971826553e-03
2.501927100000000064e+04 3.622281597927212715e-03
2.501935399999999936e+04 3.620575880631804466e-03
2.501943700000000172e+04 3.618978196755051613e-03
2.501952000000000044e+04 3.617480164393782616e-03
2.501960299999999916e+04 3.670460544526576996e-03
2.501968600000000151e+04 3.668475896120071411e-03
2.501976900000000023e+04 3.679912071675062180e-03
2.501985199999999895e+04 3.677404252812266350e-03
2.501993500000000131e+04 3.674890147522091866e-03
