2.500009800000000178e+04 1.456030151367187500e+03
2.500018100000000049e+04 1.456044067382812500e+03
2.500026399999999921e+04 1.456058715820312500e+03
2.500034700000000157e+04 1.456073730468750000e+03
2.500043000000000029e+04 1.456088745117187500e+03
2.500051299999999901e+04 1.456104003906250000e+03
2.500059600000000137e+04 1.456119140625000000e+03
2.500067900000000009e+04 1.456133422851562500e+03
2.500076199999999881e+04 1.456146728515625000e+03
2.500084500000000116e+04 1.456159301757812500e+03
2.500092799999999988e+04 1.456171020507812500e+03
2.500101099999999860e+04 1.456183105468750000e+03
2.500109400000000096e+04 1.456194946289062500e+03
2.500117699999999968e+04 1.456207153320312500e+03
2.500125999999999840e+04 1.456220336914062500e+03
2.500134300000000076e+04 1.456233886718750000e+03
2.500142599999999948e+04 1.456247558593750000e+03
2.500150899999999820e+04 1.456261474609375000e+03
2.500159200000000055e+04 1.456275390625000000e+03
2.500167499999999927e+04 1.456288452148437500e+03
2.500175800000000163e+04 1.456300537109375000e+03
2.500184100000000035e+04 1.456312011718750000e+03
2.500192399999999907e+04 1.456322509765625000e+03
2.500200700000000143e+04 1.456333496093750000e+03
2.500209000000000015e+04 1.456344360351562500e+03
2.500217299999999886e+04 1.456355468750000000e+03
2.500225600000000122e+04 1.456367553710937500e+03
2.500233899999999994e+04 1.456380126953125000e+03
2.500242199999999866e+04 1.456392822265625000e+03
2.500250500000000102e+04 1.456405761718750000e+03
2.500258799999999974e+04 1.456418701171875000e+03
2.500267099999999846e+04 1.456430908203125000e+03
2.500275400000000081e+04 1.456442138671875000e+03
2.500283699999999953e+04 1.456452636718750000e+03
2.500291999999999825e+04 1.456462402343750000e+03
2.500300300000000061e+04 1.456472534179687500e+03
2.500308599999999933e+04 1.456482543945312500e+03
2.500316900000000169e+04 1.456492797851562500e+03
2.500325200000000041e+04 1.456504150390625000e+03
2.500333499999999913e+04 1.456515869140625000e+03
2.500341800000000148e+04 1.456527832031250000e+03
2.500350100000000020e+04 1.456540161132812500e+03
2.500358399999999892e+04 1.456552368164062500e+03
2.500366700000000128e+04 1.456563720703125000e+03
2.500375000000000000e+04 1.456574340820312500e+03
2.500383299999999872e+04 1.456584228515625000e+03
2.500391600000000108e+04 1.456593261718750000e+03
2.500399899999999980e+04 1.456602661132812500e+03
2.500408199999999852e+04 1.456612060546875000e+03
2.500416500000000087e+04 1.456621704101562500e+03
2.500424799999999959e+04 1.456632324218750000e+03
2.500433099999999831e+04 1.456643554687500000e+03
2.500441400000000067e+04 1.456654907226562500e+03
2.500449699999999939e+04 1.456666625976562500e+03
2.500458000000000175e+04 1.456678222656250000e+03
2.500466300000000047e+04 1.456689208984375000e+03
2.500474599999999919e+04 1.456699340820312500e+03
2.500482900000000154e+04 1.456708862304687500e+03
2.500491200000000026e+04 1.456717529296875000e+03
2.500499499999999898e+04 1.456726318359375000e+03
2.500507800000000134e+04 1.456735229492187500e+03
2.500516100000000006e+04 1.456744262695312500e+03
2.500524399999999878e+04 1.456754272460937500e+03
2.500532700000000114e+04 1.456764892578125000e+03
2.500540999999999985e+04 1.456775634765625000e+03
2.500549299999999857e+04 1.456786743164062500e+03
2.500557600000000093e+04 1.456797973632812500e+03
2.500565899999999965e+04 1.456808471679687500e+03
2.500574199999999837e+04 1.456818237304687500e+03
2.500582500000000073e+04 1.456827270507812500e+03
2.500590799999999945e+04 1.456835449218750000e+03
2.500599100000000180e+04 1.456843872070312500e+03
2.500607400000000052e+04 1.456852294921875000e+03
2.500615699999999924e+04 1.456860961914062500e+03
2.500624000000000160e+04 1.456870483398437500e+03
2.500632300000000032e+04 1.456880737304687500e+03
2.500640599999999904e+04 1.456891113281250000e+03
2.500648900000000140e+04 1.456901855468750000e+03
2.500657200000000012e+04 1.456912597656250000e+03
2.500665499999999884e+04 1.456922851562500000e+03
2.500673800000000119e+04 1.456932128906250000e+03
2.500682099999999991e+04 1.456940795898437500e+03
2.500690399999999863e+04 1.456948608398437500e+03
2.500698700000000099e+04 1.456956665039062500e+03
2.500706999999999971e+04 1.456964843750000000e+03
2.500715299999999843e+04 1.456973144531250000e+03
2.500723600000000079e+04 1.456982299804687500e+03
2.500731899999999951e+04 1.456992187500000000e+03
2.500740199999999822e+04 1.457002319335937500e+03
2.500748500000000058e+04 1.457012695312500000e+03
2.500756799999999930e+04 1.457023193359375000e+03
2.500765100000000166e+04 1.457032958984375000e+03
2.500773400000000038e+04 1.457041992187500000e+03
2.500781699999999910e+04 1.457050415039062500e+03
2.500790000000000146e+04 1.457057861328125000e+03
2.500798300000000017e+04 1.457065673828125000e+03
2.500806599999999889e+04 1.457073486328125000e+03
2.500814900000000125e+04 1.457081420898437500e+03
2.500823199999999997e+04 1.457090332031250000e+03
2.500831499999999869e+04 1.457099975585937500e+03
2.500839800000000105e+04 1.457109741210937500e+03
2.500848099999999977e+04 1.457119873046875000e+03
2.500856399999999849e+04 1.457130004882812500e+03
2.500864700000000084e+04 1.457139770507812500e+03
2.500872999999999956e+04 1.457148681640625000e+03
2.500881299999999828e+04 1.457156860351562500e+03
2.500889600000000064e+04 1.457164306640625000e+03
2.500897899999999936e+04 1.457171752929687500e+03
2.500906200000000172e+04 1.457179321289062500e+03
2.500914500000000044e+04 1.457187011718750000e+03
2.500922799999999916e+04 1.457195434570312500e+03
2.500931100000000151e+04 1.457204711914062500e+03
2.500939400000000023e+04 1.457214233398437500e+03
2.500947699999999895e+04 1.457223999023437500e+03
2.500956000000000131e+04 1.457234008789062500e+03
2.500964300000000003e+04 1.457243530273437500e+03
2.500972599999999875e+04 1.457252197265625000e+03
2.500980900000000111e+04 1.457260131835937500e+03
2.500989199999999983e+04 1.457267333984375000e+03
2.500997499999999854e+04 1.457274536132812500e+03
2.501005800000000090e+04 1.457281860351562500e+03
2.501014099999999962e+04 1.457289428710937500e+03
2.501022399999999834e+04 1.457297607421875000e+03
2.501030700000000070e+04 1.457306640625000000e+03
2.501038999999999942e+04 1.457316040039062500e+03
2.501047300000000178e+04 1.457325561523437500e+03
2.501055600000000049e+04 1.457335327148437500e+03
2.501063899999999921e+04 1.457344604492187500e+03
2.501072200000000157e+04 1.457352783203125000e+03
2.501080500000000029e+04 1.457360351562500000e+03
2.501088799999999901e+04 1.457367431640625000e+03
2.501097100000000137e+04 1.457374389648437500e+03
2.501105400000000009e+04 1.457381591796875000e+03
2.501113699999999881e+04 1.457388916015625000e+03
2.501122000000000116e+04 1.457396972656250000e+03
2.501130299999999988e+04 1.457405761718750000e+03
2.501138599999999860e+04 1.457414916992187500e+03
2.501146900000000096e+04 1.457424438476562500e+03
2.501155199999999968e+04 1.457433959960937500e+03
2.501163499999999840e+04 1.457443115234375000e+03
2.501171800000000076e+04 1.457450927734375000e+03
2.501180099999999948e+04 1.457458374023437500e+03
2.501188399999999820e+04 1.457465332031250000e+03
2.501196700000000055e+04 1.457472167968750000e+03
2.501204999999999927e+04 1.457479125976562500e+03
2.501213300000000163e+04 1.457486206054687500e+03
2.501221600000000035e+04 1.457494140625000000e+03
2.501229899999999907e+04 1.457502807617187500e+03
2.501238200000000143e+04 1.457511840820312500e+03
2.501246500000000015e+04 1.457521118164062500e+03
2.501254799999999886e+04 1.457530517578125000e+03
2.501263100000000122e+04 1.457539428710937500e+03
2.501271399999999994e+04 1.457547607421875000e+03
2.501279699999999866e+04 1.457554565429687500e+03
2.501288000000000102e+04 1.457561401367187500e+03
2.501296299999999974e+04 1.457567993164062500e+03
2.501304599999999846e+04 1.457574829101562500e+03
2.501312900000000081e+04 1.457581787109375000e+03
2.501321199999999953e+04 1.457589599609375000e+03
2.501329499999999825e+04 1.457598022460937500e+03
2.501337800000000061e+04 1.457606933593750000e+03
2.501346099999999933e+04 1.457615966796875000e+03
2.501354400000000169e+04 1.457625244140625000e+03
2.501362700000000041e+04 1.457634277343750000e+03
2.501370999999999913e+04 1.457641479492187500e+03
2.501379300000000148e+04 1.457648803710937500e+03
2.501387600000000020e+04 1.457655639648437500e+03
2.501395899999999892e+04 1.457662109375000000e+03
2.501404200000000128e+04 1.457668823242187500e+03
2.501412500000000000e+04 1.457675659179687500e+03
2.501420799999999872e+04 1.457683105468750000e+03
2.501429100000000108e+04 1.457691406250000000e+03
2.501437399999999980e+04 1.457700073242187500e+03
2.501445699999999852e+04 1.457709106445312500e+03
2.501454000000000087e+04 1.457718261718750000e+03
2.501462299999999959e+04 1.457727050781250000e+03
2.501470599999999831e+04 1.457734252929687500e+03
2.501478900000000067e+04 1.457741455078125000e+03
2.501487199999999939e+04 1.457748168945312500e+03
2.501495500000000175e+04 1.457754516601562500e+03
2.501503800000000047e+04 1.457761108398437500e+03
2.501512099999999919e+04 1.457767822265625000e+03
2.501520400000000154e+04 1.457775146484375000e+03
2.501528700000000026e+04 1.457783325195312500e+03
2.501536999999999898e+04 1.457791992187500000e+03
2.501545300000000134e+04 1.457800781250000000e+03
2.501553600000000006e+04 1.457809936523437500e+03
2.501561899999999878e+04 1.457818603515625000e+03
2.501570200000000114e+04 1.457825195312500000e+03
2.501578499999999985e+04 1.457832275390625000e+03
2.501586799999999857e+04 1.457838867187500000e+03
2.501595100000000093e+04 1.457845092773437500e+03
2.501603399999999965e+04 1.457851562500000000e+03
2.501611699999999837e+04 1.457858154296875000e+03
2.501620000000000073e+04 1.457865356445312500e+03
2.501628299999999945e+04 1.457873535156250000e+03
2.501636600000000180e+04 1.457882080078125000e+03
2.501644900000000052e+04 1.457890747070312500e+03
2.501653199999999924e+04 1.457899780273437500e+03
2.501661500000000160e+04 1.457908447265625000e+03
2.501669800000000032e+04 1.457915527343750000e+03
2.501678099999999904e+04 1.457922363281250000e+03
2.501686400000000140e+04 1.457928955078125000e+03
2.501694700000000012e+04 1.457935058593750000e+03
2.501702999999999884e+04 1.457941528320312500e+03
2.501711300000000119e+04 1.457947998046875000e+03
2.501719599999999991e+04 1.457955200195312500e+03
2.501727899999999863e+04 1.457963134765625000e+03
2.501736200000000099e+04 1.457971557617187500e+03
2.501744499999999971e+04 1.457980102539062500e+03
2.501752799999999843e+04 1.457989013671875000e+03
2.501761100000000079e+04 1.457997802734375000e+03
2.501769399999999951e+04 1.458003295898437500e+03
2.501777699999999822e+04 1.458010375976562500e+03
2.501786000000000058e+04 1.458016967773437500e+03
2.501794299999999930e+04 1.458022949218750000e+03
2.501802600000000166e+04 1.458029296875000000e+03
2.501810900000000038e+04 1.458035644531250000e+03
2.501819199999999910e+04 1.458042602539062500e+03
2.501827500000000146e+04 1.458050415039062500e+03
2.501835800000000017e+04 1.458058715820312500e+03
2.501844099999999889e+04 1.458067260742187500e+03
2.501852400000000125e+04 1.458076049804687500e+03
2.501860699999999997e+04 1.458084716796875000e+03
2.501868999999999869e+04 1.458090209960937500e+03
2.501877300000000105e+04 1.458097290039062500e+03
2.501885599999999977e+04 1.458103759765625000e+03
2.501893899999999849e+04 1.458109619140625000e+03
2.501902200000000084e+04 1.458115966796875000e+03
2.501910499999999956e+04 1.458122314453125000e+03
2.501918799999999828e+04 1.458129028320312500e+03
2.501927100000000064e+04 1.458136840820312500e+03
2.501935399999999936e+04 1.458145141601562500e+03
2.501943700000000172e+04 1.458153564453125000e+03
2.501952000000000044e+04 1.458162353515625000e+03
2.501960299999999916e+04 1.458170898437500000e+03
2.501968600000000151e+04 1.458176635742187500e+03
2.501976900000000023e+04 1.458183593750000000e+03
2.501985199999999895e+04 1.458189941406250000e+03
2.501993500000000131e+04 1.458195800781250000e+03
