2.500009800000000178e+04 7.956018676757812500e+02
2.500018100000000049e+04 7.956091308593750000e+02
2.500026399999999921e+04 7.956182861328125000e+02
2.500034700000000157e+04 7.956281127929687500e+02
2.500043000000000029e+04 7.956332397460937500e+02
2.500051299999999901e+04 7.956309814453125000e+02
2.500059600000000137e+04 7.956211547851562500e+02
2.500067900000000009e+04 7.956116943359375000e+02
2.500076199999999881e+04 7.956275024414062500e+02
2.500084500000000116e+04 7.956329345703125000e+02
2.500092799999999988e+04 7.956376342773437500e+02
2.500101099999999860e+04 7.956436157226562500e+02
2.500109400000000096e+04 7.956500244140625000e+02
2.500117699999999968e+04 7.956572875976562500e+02
2.500125999999999840e+04 7.956664428710937500e+02
2.500134300000000076e+04 7.956765747070312500e+02
2.500142599999999948e+04 7.956855468750000000e+02
2.500150899999999820e+04 7.956891479492187500e+02
2.500159200000000055e+04 7.956760253906250000e+02
2.500167499999999927e+04 7.956649780273437500e+02
2.500175800000000163e+04 7.956793823242187500e+02
2.500184100000000035e+04 7.956836547851562500e+02
2.500192399999999907e+04 7.956873779296875000e+02
2.500200700000000143e+04 7.956926269531250000e+02
2.500209000000000015e+04 7.956983032226562500e+02
2.500217299999999886e+04 7.957048339843750000e+02
2.500225600000000122e+04 7.957132568359375000e+02
2.500233899999999994e+04 7.957225952148437500e+02
2.500242199999999866e+04 7.957308349609375000e+02
2.500250500000000102e+04 7.957334594726562500e+02
2.500258799999999974e+04 7.957200927734375000e+02
2.500267099999999846e+04 7.957084960937500000e+02
2.500275400000000081e+04 7.957222290039062500e+02
2.500283699999999953e+04 7.957266235351562500e+02
2.500291999999999825e+04 7.957301635742187500e+02
2.500300300000000061e+04 7.957348632812500000e+02
2.500308599999999933e+04 7.957400512695312500e+02
2.500316900000000169e+04 7.957459716796875000e+02
2.500325200000000041e+04 7.957537841796875000e+02
2.500333499999999913e+04 7.957625732421875000e+02
2.500341800000000148e+04 7.957701416015625000e+02
2.500350100000000020e+04 7.957727661132812500e+02
2.500358399999999892e+04 7.957585449218750000e+02
2.500366700000000128e+04 7.957462768554687500e+02
2.500375000000000000e+04 7.957590332031250000e+02
2.500383299999999872e+04 7.957625732421875000e+02
2.500391600000000108e+04 7.957653198242187500e+02
2.500399899999999980e+04 7.957695922851562500e+02
2.500408199999999852e+04 7.957743530273437500e+02
2.500416500000000087e+04 7.957797241210937500e+02
2.500424799999999959e+04 7.957870483398437500e+02
2.500433099999999831e+04 7.957954101562500000e+02
2.500441400000000067e+04 7.958024902343750000e+02
2.500449699999999939e+04 7.958043212890625000e+02
2.500458000000000175e+04 7.957898559570312500e+02
2.500466300000000047e+04 7.957733764648437500e+02
2.500474599999999919e+04 7.957809448242187500e+02
2.500482900000000154e+04 7.957890625000000000e+02
2.500491200000000026e+04 7.957921142578125000e+02
2.500499499999999898e+04 7.957958374023437500e+02
2.500507800000000134e+04 7.958001708984375000e+02
2.500516100000000006e+04 7.958051757812500000e+02
2.500524399999999878e+04 7.958117675781250000e+02
2.500532700000000114e+04 7.958194580078125000e+02
2.500540999999999985e+04 7.958263549804687500e+02
2.500549299999999857e+04 7.958271484375000000e+02
2.500557600000000093e+04 7.958176879882812500e+02
2.500565899999999965e+04 7.958006591796875000e+02
2.500574199999999837e+04 7.958078613281250000e+02
2.500582500000000073e+04 7.958156738281250000e+02
2.500590799999999945e+04 7.958185424804687500e+02
2.500599100000000180e+04 7.958220825195312500e+02
2.500607400000000052e+04 7.958261108398437500e+02
2.500615699999999924e+04 7.958308105468750000e+02
2.500624000000000160e+04 7.958370971679687500e+02
2.500632300000000032e+04 7.958445434570312500e+02
2.500640599999999904e+04 7.958511352539062500e+02
2.500648900000000140e+04 7.958512573242187500e+02
2.500657200000000012e+04 7.958416748046875000e+02
2.500665499999999884e+04 7.958240356445312500e+02
2.500673800000000119e+04 7.958306274414062500e+02
2.500682099999999991e+04 7.958378295898437500e+02
2.500690399999999863e+04 7.958402099609375000e+02
2.500698700000000099e+04 7.958435668945312500e+02
2.500706999999999971e+04 7.958473510742187500e+02
2.500715299999999843e+04 7.958518676757812500e+02
2.500723600000000079e+04 7.958579101562500000e+02
2.500731899999999951e+04 7.958650512695312500e+02
2.500740199999999822e+04 7.958713378906250000e+02
2.500748500000000058e+04 7.958718872070312500e+02
2.500756799999999930e+04 7.958615112304687500e+02
2.500765100000000166e+04 7.958435668945312500e+02
2.500773400000000038e+04 7.958497924804687500e+02
2.500781699999999910e+04 7.958566894531250000e+02
2.500790000000000146e+04 7.958588256835937500e+02
2.500798300000000017e+04 7.958619384765625000e+02
2.500806599999999889e+04 7.958656005859375000e+02
2.500814900000000125e+04 7.958697509765625000e+02
2.500823199999999997e+04 7.958756103515625000e+02
2.500831499999999869e+04 7.958825683593750000e+02
2.500839800000000105e+04 7.958886108398437500e+02
2.500848099999999977e+04 7.958886718750000000e+02
2.500856399999999849e+04 7.958782348632812500e+02
2.500864700000000084e+04 7.958565673828125000e+02
2.500872999999999956e+04 7.958578491210937500e+02
2.500881299999999828e+04 7.958665161132812500e+02
2.500889600000000064e+04 7.958691406250000000e+02
2.500897899999999936e+04 7.958718872070312500e+02
2.500906200000000172e+04 7.958752441406250000e+02
2.500914500000000044e+04 7.958792114257812500e+02
2.500922799999999916e+04 7.958845214843750000e+02
2.500931100000000151e+04 7.958910522460937500e+02
2.500939400000000023e+04 7.958971557617187500e+02
2.500947699999999895e+04 7.958966064453125000e+02
2.500956000000000131e+04 7.958971557617187500e+02
2.500964300000000003e+04 7.958732910156250000e+02
2.500972599999999875e+04 7.958744506835937500e+02
2.500980900000000111e+04 7.958828125000000000e+02
2.500989199999999983e+04 7.958853149414062500e+02
2.500997499999999854e+04 7.958879394531250000e+02
2.501005800000000090e+04 7.958911743164062500e+02
2.501014099999999962e+04 7.958949584960937500e+02
2.501022399999999834e+04 7.959000854492187500e+02
2.501030700000000070e+04 7.959064941406250000e+02
2.501038999999999942e+04 7.959124145507812500e+02
2.501047300000000178e+04 7.959116821289062500e+02
2.501055600000000049e+04 7.959120483398437500e+02
2.501063899999999921e+04 7.958880615234375000e+02
2.501072200000000157e+04 7.958890380859375000e+02
2.501080500000000029e+04 7.958973388671875000e+02
2.501088799999999901e+04 7.958996582031250000e+02
2.501097100000000137e+04 7.959021606445312500e+02
2.501105400000000009e+04 7.959052734375000000e+02
2.501113699999999881e+04 7.959089965820312500e+02
2.501122000000000116e+04 7.959139404296875000e+02
2.501130299999999988e+04 7.959202270507812500e+02
2.501138599999999860e+04 7.959260253906250000e+02
2.501146900000000096e+04 7.959251098632812500e+02
2.501155199999999968e+04 7.959252929687500000e+02
2.501163499999999840e+04 7.959010620117187500e+02
2.501171800000000076e+04 7.959015502929687500e+02
2.501180099999999948e+04 7.959094238281250000e+02
2.501188399999999820e+04 7.959112548828125000e+02
2.501196700000000055e+04 7.959136962890625000e+02
2.501204999999999927e+04 7.959166870117187500e+02
2.501213300000000163e+04 7.959201660156250000e+02
2.501221600000000035e+04 7.959250488281250000e+02
2.501229899999999907e+04 7.959311523437500000e+02
2.501238200000000143e+04 7.959368286132812500e+02
2.501246500000000015e+04 7.959359130859375000e+02
2.501254799999999886e+04 7.959356079101562500e+02
2.501263100000000122e+04 7.959130859375000000e+02
2.501271399999999994e+04 7.959086914062500000e+02
2.501279699999999866e+04 7.959188232421875000e+02
2.501288000000000102e+04 7.959212036132812500e+02
2.501296299999999974e+04 7.959232788085937500e+02
2.501304599999999846e+04 7.959261474609375000e+02
2.501312900000000081e+04 7.959294433593750000e+02
2.501321199999999953e+04 7.959341430664062500e+02
2.501329499999999825e+04 7.959399414062500000e+02
2.501337800000000061e+04 7.959456787109375000e+02
2.501346099999999933e+04 7.959462280273437500e+02
2.501354400000000169e+04 7.959478149414062500e+02
2.501362700000000041e+04 7.959246826171875000e+02
2.501370999999999913e+04 7.959202880859375000e+02
2.501379300000000148e+04 7.959302368164062500e+02
2.501387600000000020e+04 7.959325561523437500e+02
2.501395899999999892e+04 7.959346313476562500e+02
2.501404200000000128e+04 7.959373779296875000e+02
2.501412500000000000e+04 7.959405517578125000e+02
2.501420799999999872e+04 7.959448242187500000e+02
2.501429100000000108e+04 7.959505615234375000e+02
2.501437399999999980e+04 7.959562377929687500e+02
2.501445699999999852e+04 7.959566650390625000e+02
2.501454000000000087e+04 7.959582519531250000e+02
2.501462299999999959e+04 7.959348144531250000e+02
2.501470599999999831e+04 7.959302978515625000e+02
2.501478900000000067e+04 7.959401245117187500e+02
2.501487199999999939e+04 7.959423828125000000e+02
2.501495500000000175e+04 7.959443969726562500e+02
2.501503800000000047e+04 7.959470825195312500e+02
2.501512099999999919e+04 7.959501953125000000e+02
2.501520400000000154e+04 7.959544677734375000e+02
2.501528700000000026e+04 7.959600830078125000e+02
2.501536999999999898e+04 7.959656372070312500e+02
2.501545300000000134e+04 7.959660644531250000e+02
2.501553600000000006e+04 7.959675292968750000e+02
2.501561899999999878e+04 7.959437255859375000e+02
2.501570200000000114e+04 7.959388427734375000e+02
2.501578499999999985e+04 7.959482421875000000e+02
2.501586799999999857e+04 7.959500122070312500e+02
2.501595100000000093e+04 7.959519042968750000e+02
2.501603399999999965e+04 7.959545288085937500e+02
2.501611699999999837e+04 7.959575195312500000e+02
2.501620000000000073e+04 7.959616699218750000e+02
2.501628299999999945e+04 7.959671630859375000e+02
2.501636600000000180e+04 7.959726562500000000e+02
2.501644900000000052e+04 7.959730224609375000e+02
2.501653199999999924e+04 7.959744262695312500e+02
2.501661500000000160e+04 7.959508056640625000e+02
2.501669800000000032e+04 7.959410400390625000e+02
2.501678099999999904e+04 7.959508056640625000e+02
2.501686400000000140e+04 7.959531250000000000e+02
2.501694700000000012e+04 7.959547729492187500e+02
2.501702999999999884e+04 7.959572143554687500e+02
2.501711300000000119e+04 7.959599609375000000e+02
2.501719599999999991e+04 7.959639282226562500e+02
2.501727899999999863e+04 7.959690551757812500e+02
2.501736200000000099e+04 7.959744873046875000e+02
2.501744499999999971e+04 7.959765625000000000e+02
2.501752799999999843e+04 7.959781494140625000e+02
2.501761100000000079e+04 7.959569091796875000e+02
2.501769399999999951e+04 7.959471435546875000e+02
2.501777699999999822e+04 7.959567871093750000e+02
2.501786000000000058e+04 7.959591064453125000e+02
2.501794299999999930e+04 7.959607543945312500e+02
2.501802600000000166e+04 7.959631347656250000e+02
2.501810900000000038e+04 7.959658813476562500e+02
2.501819199999999910e+04 7.959694213867187500e+02
2.501827500000000146e+04 7.959745483398437500e+02
2.501835800000000017e+04 7.959801025390625000e+02
2.501844099999999889e+04 7.959821166992187500e+02
2.501852400000000125e+04 7.959840087890625000e+02
2.501860699999999997e+04 7.959629516601562500e+02
2.501868999999999869e+04 7.959530639648437500e+02
2.501877300000000105e+04 7.959627075195312500e+02
2.501885599999999977e+04 7.959649658203125000e+02
2.501893899999999849e+04 7.959665527343750000e+02
2.501902200000000084e+04 7.959689331054687500e+02
2.501910499999999956e+04 7.959715576171875000e+02
2.501918799999999828e+04 7.959750976562500000e+02
2.501927100000000064e+04 7.959802246093750000e+02
2.501935399999999936e+04 7.959857177734375000e+02
2.501943700000000172e+04 7.959877319335937500e+02
2.501952000000000044e+04 7.959895019531250000e+02
2.501960299999999916e+04 7.959682617187500000e+02
2.501968600000000151e+04 7.959581909179687500e+02
2.501976900000000023e+04 7.959677124023437500e+02
2.501985199999999895e+04 7.959700317382812500e+02
2.501993500000000131e+04 7.959715576171875000e+02
