2.500009800000000178e+04 8.262317504882812500e+02
2.500018100000000049e+04 8.262390136718750000e+02
2.500026399999999921e+04 8.262481689453125000e+02
2.500034700000000157e+04 8.262579956054687500e+02
2.500043000000000029e+04 8.262631225585937500e+02
2.500051299999999901e+04 8.262608642578125000e+02
2.500059600000000137e+04 8.262510375976562500e+02
2.500067900000000009e+04 8.262415771484375000e+02
2.500076199999999881e+04 8.262573242187500000e+02
2.500084500000000116e+04 8.262628173828125000e+02
2.500092799999999988e+04 8.262675170898437500e+02
2.500101099999999860e+04 8.262734985351562500e+02
2.500109400000000096e+04 8.262799072265625000e+02
2.500117699999999968e+04 8.262871704101562500e+02
2.500125999999999840e+04 8.262963256835937500e+02
2.500134300000000076e+04 8.263064575195312500e+02
2.500142599999999948e+04 8.263154296875000000e+02
2.500150899999999820e+04 8.263190307617187500e+02
2.500159200000000055e+04 8.263059082031250000e+02
2.500167499999999927e+04 8.262948608398437500e+02
2.500175800000000163e+04 8.263092041015625000e+02
2.500184100000000035e+04 8.263135375976562500e+02
2.500192399999999907e+04 8.263172607421875000e+02
2.500200700000000143e+04 8.263225097656250000e+02
2.500209000000000015e+04 8.263281860351562500e+02
2.500217299999999886e+04 8.263347167968750000e+02
2.500225600000000122e+04 8.263430786132812500e+02
2.500233899999999994e+04 8.263524780273437500e+02
2.500242199999999866e+04 8.263607177734375000e+02
2.500250500000000102e+04 8.263632812500000000e+02
2.500258799999999974e+04 8.263499755859375000e+02
2.500267099999999846e+04 8.263383178710937500e+02
2.500275400000000081e+04 8.263520507812500000e+02
2.500283699999999953e+04 8.263565063476562500e+02
2.500291999999999825e+04 8.263600463867187500e+02
2.500300300000000061e+04 8.263647460937500000e+02
2.500308599999999933e+04 8.263698730468750000e+02
2.500316900000000169e+04 8.263758544921875000e+02
2.500325200000000041e+04 8.263836669921875000e+02
2.500333499999999913e+04 8.263924560546875000e+02
2.500341800000000148e+04 8.264000244140625000e+02
2.500350100000000020e+04 8.264026489257812500e+02
2.500358399999999892e+04 8.263884277343750000e+02
2.500366700000000128e+04 8.263761596679687500e+02
2.500375000000000000e+04 8.263889160156250000e+02
2.500383299999999872e+04 8.263924560546875000e+02
2.500391600000000108e+04 8.263952026367187500e+02
2.500399899999999980e+04 8.263994750976562500e+02
2.500408199999999852e+04 8.264041748046875000e+02
2.500416500000000087e+04 8.264096069335937500e+02
2.500424799999999959e+04 8.264169311523437500e+02
2.500433099999999831e+04 8.264252319335937500e+02
2.500441400000000067e+04 8.264323730468750000e+02
2.500449699999999939e+04 8.264342041015625000e+02
2.500458000000000175e+04 8.264197387695312500e+02
2.500466300000000047e+04 8.264032592773437500e+02
2.500474599999999919e+04 8.264108276367187500e+02
2.500482900000000154e+04 8.264189453125000000e+02
2.500491200000000026e+04 8.264219970703125000e+02
2.500499499999999898e+04 8.264257202148437500e+02
2.500507800000000134e+04 8.264300537109375000e+02
2.500516100000000006e+04 8.264349975585937500e+02
2.500524399999999878e+04 8.264416503906250000e+02
2.500532700000000114e+04 8.264493408203125000e+02
2.500540999999999985e+04 8.264562377929687500e+02
2.500549299999999857e+04 8.264570312500000000e+02
2.500557600000000093e+04 8.264475708007812500e+02
2.500565899999999965e+04 8.264305419921875000e+02
2.500574199999999837e+04 8.264377441406250000e+02
2.500582500000000073e+04 8.264455566406250000e+02
2.500590799999999945e+04 8.264484252929687500e+02
2.500599100000000180e+04 8.264519653320312500e+02
2.500607400000000052e+04 8.264559936523437500e+02
2.500615699999999924e+04 8.264606933593750000e+02
2.500624000000000160e+04 8.264669799804687500e+02
2.500632300000000032e+04 8.264744262695312500e+02
2.500640599999999904e+04 8.264810180664062500e+02
2.500648900000000140e+04 8.264811401367187500e+02
2.500657200000000012e+04 8.264715576171875000e+02
2.500665499999999884e+04 8.264539184570312500e+02
2.500673800000000119e+04 8.264605102539062500e+02
2.500682099999999991e+04 8.264677124023437500e+02
2.500690399999999863e+04 8.264700927734375000e+02
2.500698700000000099e+04 8.264733886718750000e+02
2.500706999999999971e+04 8.264772338867187500e+02
2.500715299999999843e+04 8.264816894531250000e+02
2.500723600000000079e+04 8.264877929687500000e+02
2.500731899999999951e+04 8.264949340820312500e+02
2.500740199999999822e+04 8.265012207031250000e+02
2.500748500000000058e+04 8.265017700195312500e+02
2.500756799999999930e+04 8.264913940429687500e+02
2.500765100000000166e+04 8.264734497070312500e+02
2.500773400000000038e+04 8.264796752929687500e+02
2.500781699999999910e+04 8.264865722656250000e+02
2.500790000000000146e+04 8.264887084960937500e+02
2.500798300000000017e+04 8.264918212890625000e+02
2.500806599999999889e+04 8.264954223632812500e+02
2.500814900000000125e+04 8.264996337890625000e+02
2.500823199999999997e+04 8.265054931640625000e+02
2.500831499999999869e+04 8.265124511718750000e+02
2.500839800000000105e+04 8.265184936523437500e+02
2.500848099999999977e+04 8.265185546875000000e+02
2.500856399999999849e+04 8.265081176757812500e+02
2.500864700000000084e+04 8.264864501953125000e+02
2.500872999999999956e+04 8.264877319335937500e+02
2.500881299999999828e+04 8.264963989257812500e+02
2.500889600000000064e+04 8.264990234375000000e+02
2.500897899999999936e+04 8.265017700195312500e+02
2.500906200000000172e+04 8.265051269531250000e+02
2.500914500000000044e+04 8.265090942382812500e+02
2.500922799999999916e+04 8.265144042968750000e+02
2.500931100000000151e+04 8.265209350585937500e+02
2.500939400000000023e+04 8.265270385742187500e+02
2.500947699999999895e+04 8.265264892578125000e+02
2.500956000000000131e+04 8.265270385742187500e+02
2.500964300000000003e+04 8.265031738281250000e+02
2.500972599999999875e+04 8.265043334960937500e+02
2.500980900000000111e+04 8.265126953125000000e+02
2.500989199999999983e+04 8.265151367187500000e+02
2.500997499999999854e+04 8.265178222656250000e+02
2.501005800000000090e+04 8.264041748046875000e+02
2.501014099999999962e+04 8.264079589843750000e+02
2.501022399999999834e+04 8.264130859375000000e+02
2.501030700000000070e+04 8.264194946289062500e+02
2.501038999999999942e+04 8.264254150390625000e+02
2.501047300000000178e+04 8.264246826171875000e+02
2.501055600000000049e+04 8.264250488281250000e+02
2.501063899999999921e+04 8.264010620117187500e+02
2.501072200000000157e+04 8.264020385742187500e+02
2.501080500000000029e+04 8.264103393554687500e+02
2.501088799999999901e+04 8.264126586914062500e+02
2.501097100000000137e+04 8.264152221679687500e+02
2.501105400000000009e+04 8.264182739257812500e+02
2.501113699999999881e+04 8.264219970703125000e+02
2.501122000000000116e+04 8.264269409179687500e+02
2.501130299999999988e+04 8.264332275390625000e+02
2.501138599999999860e+04 8.264390258789062500e+02
2.501146900000000096e+04 8.264381103515625000e+02
2.501155199999999968e+04 8.264382934570312500e+02
2.501163499999999840e+04 8.264140625000000000e+02
2.501171800000000076e+04 8.264145507812500000e+02
2.501180099999999948e+04 8.264224243164062500e+02
2.501188399999999820e+04 8.264242553710937500e+02
2.501196700000000055e+04 8.264266967773437500e+02
2.501204999999999927e+04 8.264296875000000000e+02
2.501213300000000163e+04 8.264331665039062500e+02
2.501221600000000035e+04 8.264380493164062500e+02
2.501229899999999907e+04 8.264442138671875000e+02
2.501238200000000143e+04 8.264498291015625000e+02
2.501246500000000015e+04 8.264489135742187500e+02
2.501254799999999886e+04 8.264486083984375000e+02
2.501263100000000122e+04 8.264260864257812500e+02
2.501271399999999994e+04 8.264216918945312500e+02
2.501279699999999866e+04 8.264318237304687500e+02
2.501288000000000102e+04 8.264342041015625000e+02
2.501296299999999974e+04 8.264363403320312500e+02
2.501304599999999846e+04 8.264391479492187500e+02
2.501312900000000081e+04 8.264424438476562500e+02
2.501321199999999953e+04 8.264471435546875000e+02
2.501329499999999825e+04 8.264529418945312500e+02
2.501337800000000061e+04 8.264586791992187500e+02
2.501346099999999933e+04 8.264592285156250000e+02
2.501354400000000169e+04 8.264608154296875000e+02
2.501362700000000041e+04 8.264376831054687500e+02
2.501370999999999913e+04 8.264333496093750000e+02
2.501379300000000148e+04 8.264432373046875000e+02
2.501387600000000020e+04 8.264455566406250000e+02
2.501395899999999892e+04 8.264476318359375000e+02
2.501404200000000128e+04 8.264503784179687500e+02
2.501412500000000000e+04 8.264535522460937500e+02
2.501420799999999872e+04 8.264578857421875000e+02
2.501429100000000108e+04 8.264635620117187500e+02
2.501437399999999980e+04 8.264692382812500000e+02
2.501445699999999852e+04 8.264697265625000000e+02
2.501454000000000087e+04 8.264712524414062500e+02
2.501462299999999959e+04 8.264478149414062500e+02
2.501470599999999831e+04 8.264432983398437500e+02
2.501478900000000067e+04 8.264531250000000000e+02
2.501487199999999939e+04 8.264553833007812500e+02
2.501495500000000175e+04 8.264573974609375000e+02
2.501503800000000047e+04 8.264600830078125000e+02
2.501512099999999919e+04 8.264631958007812500e+02
2.501520400000000154e+04 8.264674682617187500e+02
2.501528700000000026e+04 8.264730834960937500e+02
2.501536999999999898e+04 8.264786376953125000e+02
2.501545300000000134e+04 8.264790649414062500e+02
2.501553600000000006e+04 8.264805297851562500e+02
2.501561899999999878e+04 8.264567260742187500e+02
2.501570200000000114e+04 8.264518432617187500e+02
2.501578499999999985e+04 8.264612426757812500e+02
2.501586799999999857e+04 8.264630126953125000e+02
2.501595100000000093e+04 8.264649658203125000e+02
2.501603399999999965e+04 8.264675292968750000e+02
2.501611699999999837e+04 8.264705200195312500e+02
2.501620000000000073e+04 8.264746704101562500e+02
2.501628299999999945e+04 8.264801635742187500e+02
2.501636600000000180e+04 8.264856567382812500e+02
2.501644900000000052e+04 8.264860839843750000e+02
2.501653199999999924e+04 8.264874267578125000e+02
2.501661500000000160e+04 8.264638061523437500e+02
2.501669800000000032e+04 8.264540405273437500e+02
2.501678099999999904e+04 8.264638061523437500e+02
2.501686400000000140e+04 8.264661254882812500e+02
2.501694700000000012e+04 8.264677734375000000e+02
2.501702999999999884e+04 8.264702758789062500e+02
2.501711300000000119e+04 8.264730224609375000e+02
2.501719599999999991e+04 8.264769287109375000e+02
2.501727899999999863e+04 8.264820556640625000e+02
2.501736200000000099e+04 8.264874877929687500e+02
2.501744499999999971e+04 8.264895629882812500e+02
2.501752799999999843e+04 8.264911499023437500e+02
2.501761100000000079e+04 8.264699096679687500e+02
2.501769399999999951e+04 8.264601440429687500e+02
2.501777699999999822e+04 8.264697875976562500e+02
2.501786000000000058e+04 8.264721069335937500e+02
2.501794299999999930e+04 8.264737548828125000e+02
2.501802600000000166e+04 8.264761352539062500e+02
2.501810900000000038e+04 8.264788818359375000e+02
2.501819199999999910e+04 8.264824829101562500e+02
2.501827500000000146e+04 8.264876098632812500e+02
2.501835800000000017e+04 8.264931030273437500e+02
2.501844099999999889e+04 8.264951171875000000e+02
2.501852400000000125e+04 8.264970092773437500e+02
2.501860699999999997e+04 8.264759521484375000e+02
2.501868999999999869e+04 8.264660644531250000e+02
2.501877300000000105e+04 8.264757080078125000e+02
2.501885599999999977e+04 8.264780273437500000e+02
2.501893899999999849e+04 8.264795532226562500e+02
2.501902200000000084e+04 8.264819335937500000e+02
2.501910499999999956e+04 8.264845581054687500e+02
2.501918799999999828e+04 8.264880981445312500e+02
2.501927100000000064e+04 8.264932250976562500e+02
2.501935399999999936e+04 8.264987182617187500e+02
2.501943700000000172e+04 8.265007324218750000e+02
2.501952000000000044e+04 8.265025024414062500e+02
2.501960299999999916e+04 8.264812622070312500e+02
2.501968600000000151e+04 8.264711914062500000e+02
2.501976900000000023e+04 8.264807128906250000e+02
2.501985199999999895e+04 8.264830322265625000e+02
2.501993500000000131e+04 8.264845581054687500e+02
