2.500009800000000178e+04 7.288787231445312500e+02
2.500018100000000049e+04 7.288858032226562500e+02
2.500026399999999921e+04 7.288944091796875000e+02
2.500034700000000157e+04 7.289030761718750000e+02
2.500043000000000029e+04 7.289096679687500000e+02
2.500051299999999901e+04 7.289002075195312500e+02
2.500059600000000137e+04 7.288419189453125000e+02
2.500067900000000009e+04 7.288071899414062500e+02
2.500076199999999881e+04 7.288126220703125000e+02
2.500084500000000116e+04 7.288192749023437500e+02
2.500092799999999988e+04 7.288247680664062500e+02
2.500101099999999860e+04 7.288309936523437500e+02
2.500109400000000096e+04 7.288372192382812500e+02
2.500117699999999968e+04 7.288439331054687500e+02
2.500125999999999840e+04 7.288523559570312500e+02
2.500134300000000076e+04 7.288615722656250000e+02
2.500142599999999948e+04 7.288682250976562500e+02
2.500150899999999820e+04 7.288610229492187500e+02
2.500159200000000055e+04 7.288073120117187500e+02
2.500167499999999927e+04 7.287727050781250000e+02
2.500175800000000163e+04 7.287780151367187500e+02
2.500184100000000035e+04 7.287846069335937500e+02
2.500192399999999907e+04 7.287901000976562500e+02
2.500200700000000143e+04 7.287963256835937500e+02
2.500209000000000015e+04 7.288025512695312500e+02
2.500217299999999886e+04 7.288093261718750000e+02
2.500225600000000122e+04 7.288177490234375000e+02
2.500233899999999994e+04 7.288269653320312500e+02
2.500242199999999866e+04 7.288335571289062500e+02
2.500250500000000102e+04 7.288264160156250000e+02
2.500258799999999974e+04 7.287726440429687500e+02
2.500267099999999846e+04 7.287379760742187500e+02
2.500275400000000081e+04 7.287432861328125000e+02
2.500283699999999953e+04 7.287499389648437500e+02
2.500291999999999825e+04 7.287554321289062500e+02
2.500300300000000061e+04 7.287616577148437500e+02
2.500308599999999933e+04 7.287678833007812500e+02
2.500316900000000169e+04 7.287745971679687500e+02
2.500325200000000041e+04 7.287830200195312500e+02
2.500333499999999913e+04 7.287922363281250000e+02
2.500341800000000148e+04 7.287988891601562500e+02
2.500350100000000020e+04 7.287916870117187500e+02
2.500358399999999892e+04 7.287379150390625000e+02
2.500366700000000128e+04 7.287032470703125000e+02
2.500375000000000000e+04 7.287085571289062500e+02
2.500383299999999872e+04 7.287152099609375000e+02
2.500391600000000108e+04 7.287207031250000000e+02
2.500399899999999980e+04 7.287268676757812500e+02
2.500408199999999852e+04 7.287330932617187500e+02
2.500416500000000087e+04 7.287397460937500000e+02
2.500424799999999959e+04 7.287481689453125000e+02
2.500433099999999831e+04 7.287574462890625000e+02
2.500441400000000067e+04 7.287640380859375000e+02
2.500449699999999939e+04 7.287568359375000000e+02
2.500458000000000175e+04 7.287030029296875000e+02
2.500466300000000047e+04 7.286633300781250000e+02
2.500474599999999919e+04 7.286605834960937500e+02
2.500482900000000154e+04 7.286672973632812500e+02
2.500491200000000026e+04 7.286730346679687500e+02
2.500499499999999898e+04 7.286790771484375000e+02
2.500507800000000134e+04 7.286853027343750000e+02
2.500516100000000006e+04 7.286919555664062500e+02
2.500524399999999878e+04 7.287000122070312500e+02
2.500532700000000114e+04 7.287090454101562500e+02
2.500540999999999985e+04 7.287161865234375000e+02
2.500549299999999857e+04 7.287117919921875000e+02
2.500557600000000093e+04 7.286652221679687500e+02
2.500565899999999965e+04 7.286259765625000000e+02
2.500574199999999837e+04 7.286230468750000000e+02
2.500582500000000073e+04 7.286297607421875000e+02
2.500590799999999945e+04 7.286354370117187500e+02
2.500599100000000180e+04 7.286415405273437500e+02
2.500607400000000052e+04 7.286477661132812500e+02
2.500615699999999924e+04 7.286543579101562500e+02
2.500624000000000160e+04 7.286624755859375000e+02
2.500632300000000032e+04 7.286715087890625000e+02
2.500640599999999904e+04 7.286786499023437500e+02
2.500648900000000140e+04 7.286742553710937500e+02
2.500657200000000012e+04 7.286276855468750000e+02
2.500665499999999884e+04 7.285884399414062500e+02
2.500673800000000119e+04 7.285855102539062500e+02
2.500682099999999991e+04 7.285921630859375000e+02
2.500690399999999863e+04 7.285979003906250000e+02
2.500698700000000099e+04 7.286039428710937500e+02
2.500706999999999971e+04 7.286101684570312500e+02
2.500715299999999843e+04 7.286168212890625000e+02
2.500723600000000079e+04 7.286248779296875000e+02
2.500731899999999951e+04 7.286339111328125000e+02
2.500740199999999822e+04 7.286410522460937500e+02
2.500748500000000058e+04 7.286366577148437500e+02
2.500756799999999930e+04 7.285900268554687500e+02
2.500765100000000166e+04 7.285507202148437500e+02
2.500773400000000038e+04 7.285477905273437500e+02
2.500781699999999910e+04 7.285545043945312500e+02
2.500790000000000146e+04 7.285602416992187500e+02
2.500798300000000017e+04 7.285662841796875000e+02
2.500806599999999889e+04 7.285725097656250000e+02
2.500814900000000125e+04 7.285790405273437500e+02
2.500823199999999997e+04 7.285870971679687500e+02
2.500831499999999869e+04 7.285961914062500000e+02
2.500839800000000105e+04 7.286032714843750000e+02
2.500848099999999977e+04 7.285988769531250000e+02
2.500856399999999849e+04 7.285521850585937500e+02
2.500864700000000084e+04 7.285079345703125000e+02
2.500872999999999956e+04 7.284968872070312500e+02
2.500881299999999828e+04 7.285035400390625000e+02
2.500889600000000064e+04 7.285095825195312500e+02
2.500897899999999936e+04 7.285155029296875000e+02
2.500906200000000172e+04 7.285217285156250000e+02
2.500914500000000044e+04 7.285282592773437500e+02
2.500922799999999916e+04 7.285360107421875000e+02
2.500931100000000151e+04 7.285449218750000000e+02
2.500939400000000023e+04 7.285525512695312500e+02
2.500947699999999895e+04 7.285508422851562500e+02
2.500956000000000131e+04 7.285157470703125000e+02
2.500964300000000003e+04 7.284712524414062500e+02
2.500972599999999875e+04 7.284600830078125000e+02
2.500980900000000111e+04 7.284667358398437500e+02
2.500989199999999983e+04 7.284727172851562500e+02
2.500997499999999854e+04 7.284786987304687500e+02
2.501005800000000090e+04 7.285914916992187500e+02
2.501014099999999962e+04 7.285980224609375000e+02
2.501022399999999834e+04 7.286057739257812500e+02
2.501030700000000070e+04 7.286146850585937500e+02
2.501038999999999942e+04 7.286223144531250000e+02
2.501047300000000178e+04 7.286206054687500000e+02
2.501055600000000049e+04 7.285855102539062500e+02
2.501063899999999921e+04 7.285409545898437500e+02
2.501072200000000157e+04 7.285298461914062500e+02
2.501080500000000029e+04 7.285364379882812500e+02
2.501088799999999901e+04 7.285424804687500000e+02
2.501097100000000137e+04 7.285484008789062500e+02
2.501105400000000009e+04 7.285546264648437500e+02
2.501113699999999881e+04 7.285611572265625000e+02
2.501122000000000116e+04 7.285689086914062500e+02
2.501130299999999988e+04 7.285778198242187500e+02
2.501138599999999860e+04 7.285854492187500000e+02
2.501146900000000096e+04 7.285837402343750000e+02
2.501155199999999968e+04 7.285485839843750000e+02
2.501163499999999840e+04 7.285040893554687500e+02
2.501171800000000076e+04 7.284929199218750000e+02
2.501180099999999948e+04 7.284995727539062500e+02
2.501188399999999820e+04 7.285055541992187500e+02
2.501196700000000055e+04 7.285115356445312500e+02
2.501204999999999927e+04 7.285177001953125000e+02
2.501213300000000163e+04 7.285241699218750000e+02
2.501221600000000035e+04 7.285319213867187500e+02
2.501229899999999907e+04 7.285408325195312500e+02
2.501238200000000143e+04 7.285484619140625000e+02
2.501246500000000015e+04 7.285467529296875000e+02
2.501254799999999886e+04 7.285115356445312500e+02
2.501263100000000122e+04 7.284669799804687500e+02
2.501271399999999994e+04 7.284475708007812500e+02
2.501279699999999866e+04 7.284542236328125000e+02
2.501288000000000102e+04 7.284605102539062500e+02
2.501296299999999974e+04 7.284663085937500000e+02
2.501304599999999846e+04 7.284725952148437500e+02
2.501312900000000081e+04 7.284790039062500000e+02
2.501321199999999953e+04 7.284867553710937500e+02
2.501329499999999825e+04 7.284954833984375000e+02
2.501337800000000061e+04 7.285036621093750000e+02
2.501346099999999933e+04 7.285047607421875000e+02
2.501354400000000169e+04 7.284808959960937500e+02
2.501362700000000041e+04 7.284304809570312500e+02
2.501370999999999913e+04 7.284114990234375000e+02
2.501379300000000148e+04 7.284179077148437500e+02
2.501387600000000020e+04 7.284242553710937500e+02
2.501395899999999892e+04 7.284300537109375000e+02
2.501404200000000128e+04 7.284362792968750000e+02
2.501412500000000000e+04 7.284427490234375000e+02
2.501420799999999872e+04 7.284501342773437500e+02
2.501429100000000108e+04 7.284589233398437500e+02
2.501437399999999980e+04 7.284671020507812500e+02
2.501445699999999852e+04 7.284681396484375000e+02
2.501454000000000087e+04 7.284440307617187500e+02
2.501462299999999959e+04 7.283936157226562500e+02
2.501470599999999831e+04 7.283746337890625000e+02
2.501478900000000067e+04 7.283810424804687500e+02
2.501487199999999939e+04 7.283873901367187500e+02
2.501495500000000175e+04 7.283931884765625000e+02
2.501503800000000047e+04 7.283994140625000000e+02
2.501512099999999919e+04 7.284058837890625000e+02
2.501520400000000154e+04 7.284132690429687500e+02
2.501528700000000026e+04 7.284220581054687500e+02
2.501536999999999898e+04 7.284302368164062500e+02
2.501545300000000134e+04 7.284312744140625000e+02
2.501553600000000006e+04 7.284071655273437500e+02
2.501561899999999878e+04 7.283566894531250000e+02
2.501570200000000114e+04 7.283377075195312500e+02
2.501578499999999985e+04 7.283441162109375000e+02
2.501586799999999857e+04 7.283504028320312500e+02
2.501595100000000093e+04 7.283562622070312500e+02
2.501603399999999965e+04 7.283624877929687500e+02
2.501611699999999837e+04 7.283688354492187500e+02
2.501620000000000073e+04 7.283762817382812500e+02
2.501628299999999945e+04 7.283850097656250000e+02
2.501636600000000180e+04 7.283931884765625000e+02
2.501644900000000052e+04 7.283942871093750000e+02
2.501653199999999924e+04 7.283700561523437500e+02
2.501661500000000160e+04 7.283195800781250000e+02
2.501669800000000032e+04 7.282922973632812500e+02
2.501678099999999904e+04 7.282983398437500000e+02
2.501686400000000140e+04 7.283048706054687500e+02
2.501694700000000012e+04 7.283105468750000000e+02
2.501702999999999884e+04 7.283167724609375000e+02
2.501711300000000119e+04 7.283231201171875000e+02
2.501719599999999991e+04 7.283305053710937500e+02
2.501727899999999863e+04 7.283391113281250000e+02
2.501736200000000099e+04 7.283472900390625000e+02
2.501744499999999971e+04 7.283511352539062500e+02
2.501752799999999843e+04 7.283378906250000000e+02
2.501761100000000079e+04 7.282821044921875000e+02
2.501769399999999951e+04 7.282551269531250000e+02
2.501777699999999822e+04 7.282609863281250000e+02
2.501786000000000058e+04 7.282674560546875000e+02
2.501794299999999930e+04 7.282731323242187500e+02
2.501802600000000166e+04 7.282794189453125000e+02
2.501810900000000038e+04 7.282857055664062500e+02
2.501819199999999910e+04 7.282928466796875000e+02
2.501827500000000146e+04 7.283013916015625000e+02
2.501835800000000017e+04 7.283101196289062500e+02
2.501844099999999889e+04 7.283139648437500000e+02
2.501852400000000125e+04 7.283014526367187500e+02
2.501860699999999997e+04 7.282456665039062500e+02
2.501868999999999869e+04 7.282186279296875000e+02
2.501877300000000105e+04 7.282245483398437500e+02
2.501885599999999977e+04 7.282310180664062500e+02
2.501893899999999849e+04 7.282366943359375000e+02
2.501902200000000084e+04 7.282429199218750000e+02
2.501910499999999956e+04 7.282492675781250000e+02
2.501918799999999828e+04 7.282563476562500000e+02
2.501927100000000064e+04 7.282649536132812500e+02
2.501935399999999936e+04 7.282736816406250000e+02
2.501943700000000172e+04 7.282775268554687500e+02
2.501952000000000044e+04 7.282650146484375000e+02
2.501960299999999916e+04 7.282091674804687500e+02
2.501968600000000151e+04 7.281820678710937500e+02
2.501976900000000023e+04 7.281879882812500000e+02
2.501985199999999895e+04 7.281945190429687500e+02
2.501993500000000131e+04 7.282001953125000000e+02
