2.500009800000000178e+04 1.179064750671386719e+01
2.500018100000000049e+04 1.163885498046875000e+01
2.500026399999999921e+04 1.148165702819824219e+01
2.500034700000000157e+04 1.120014190673828125e+01
2.500043000000000029e+04 1.108844470977783203e+01
2.500051299999999901e+04 1.112842941284179688e+01
2.500059600000000137e+04 1.235276412963867188e+01
2.500067900000000009e+04 1.277408218383789062e+01
2.500076199999999881e+04 1.285879325866699219e+01
2.500084500000000116e+04 1.272536659240722656e+01
2.500092799999999988e+04 1.241084671020507812e+01
2.500101099999999860e+04 1.205165100097656250e+01
2.500109400000000096e+04 1.189338970184326172e+01
2.500117699999999968e+04 1.157200431823730469e+01
2.500125999999999840e+04 1.142544555664062500e+01
2.500134300000000076e+04 1.126609992980957031e+01
2.500142599999999948e+04 1.098076820373535156e+01
2.500150899999999820e+04 1.100930786132812500e+01
2.500159200000000055e+04 1.228298854827880859e+01
2.500167499999999927e+04 1.279200553894042969e+01
2.500175800000000163e+04 1.285828876495361328e+01
2.500184100000000035e+04 1.273151111602783203e+01
2.500192399999999907e+04 1.242039299011230469e+01
2.500200700000000143e+04 1.204936218261718750e+01
2.500209000000000015e+04 1.178050708770751953e+01
2.500217299999999886e+04 1.162549114227294922e+01
2.500225600000000122e+04 1.145283508300781250e+01
2.500233899999999994e+04 1.127531433105468750e+01
2.500242199999999866e+04 1.099503040313720703e+01
2.500250500000000102e+04 1.101811408996582031e+01
2.500258799999999974e+04 1.229025840759277344e+01
2.500267099999999846e+04 1.278586769104003906e+01
2.500275400000000081e+04 1.285595607757568359e+01
2.500283699999999953e+04 1.273849678039550781e+01
2.500291999999999825e+04 1.242016983032226562e+01
2.500300300000000061e+04 1.205275440216064453e+01
2.500308599999999933e+04 1.190464591979980469e+01
2.500316900000000169e+04 1.157104587554931641e+01
2.500325200000000041e+04 1.141122627258300781e+01
2.500333499999999913e+04 1.113831424713134766e+01
2.500341800000000148e+04 1.101715660095214844e+01
2.500350100000000020e+04 1.100518894195556641e+01
2.500358399999999892e+04 1.230403327941894531e+01
2.500366700000000128e+04 1.277898120880126953e+01
2.500375000000000000e+04 1.285934257507324219e+01
2.500383299999999872e+04 1.274070167541503906e+01
2.500391600000000108e+04 1.241701984405517578e+01
2.500399899999999980e+04 1.205535793304443359e+01
2.500408199999999852e+04 1.178237533569335938e+01
2.500416500000000087e+04 1.162134265899658203e+01
2.500424799999999959e+04 1.144845199584960938e+01
2.500433099999999831e+04 1.116066932678222656e+01
2.500441400000000067e+04 1.103028869628906250e+01
2.500449699999999939e+04 1.100439167022705078e+01
2.500458000000000175e+04 1.240311336517333984e+01
2.500466300000000047e+04 1.279843044281005859e+01
2.500474599999999919e+04 1.285917758941650391e+01
2.500482900000000154e+04 1.279030323028564453e+01
2.500491200000000026e+04 1.243376159667968750e+01
2.500499499999999898e+04 1.206081199645996094e+01
2.500507800000000134e+04 1.178052711486816406e+01
2.500516100000000006e+04 1.161453723907470703e+01
2.500524399999999878e+04 1.144040203094482422e+01
2.500532700000000114e+04 1.126325416564941406e+01
2.500540999999999985e+04 1.096222305297851562e+01
2.500549299999999857e+04 1.088976860046386719e+01
2.500557600000000093e+04 1.224785995483398438e+01
2.500565899999999965e+04 1.276503467559814453e+01
2.500574199999999837e+04 1.286213493347167969e+01
2.500582500000000073e+04 1.278068256378173828e+01
2.500590799999999945e+04 1.243383216857910156e+01
2.500599100000000180e+04 1.205416965484619141e+01
2.500607400000000052e+04 1.178245544433593750e+01
2.500615699999999924e+04 1.149940586090087891e+01
2.500624000000000160e+04 1.136127471923828125e+01
2.500632300000000032e+04 1.121055507659912109e+01
2.500640599999999904e+04 1.092470550537109375e+01
2.500648900000000140e+04 1.087260437011718750e+01
2.500657200000000012e+04 1.223615550994873047e+01
2.500665499999999884e+04 1.276957321166992188e+01
2.500673800000000119e+04 1.286410236358642578e+01
2.500682099999999991e+04 1.277850246429443359e+01
2.500690399999999863e+04 1.242804718017578125e+01
2.500698700000000099e+04 1.205717182159423828e+01
2.500706999999999971e+04 1.177486133575439453e+01
2.500715299999999843e+04 1.161538791656494141e+01
2.500723600000000079e+04 1.144624042510986328e+01
2.500731899999999951e+04 1.127101993560791016e+01
2.500740199999999822e+04 1.096299266815185547e+01
2.500748500000000058e+04 1.087994861602783203e+01
2.500756799999999930e+04 1.224782943725585938e+01
2.500765100000000166e+04 1.276344871520996094e+01
2.500773400000000038e+04 1.286234188079833984e+01
2.500781699999999910e+04 1.278332901000976562e+01
2.500790000000000146e+04 1.242999362945556641e+01
2.500798300000000017e+04 1.205748558044433594e+01
2.500806599999999889e+04 1.177781867980957031e+01
2.500814900000000125e+04 1.161552333831787109e+01
2.500823199999999997e+04 1.143947124481201172e+01
2.500831499999999869e+04 1.126677322387695312e+01
2.500839800000000105e+04 1.096499252319335938e+01
2.500848099999999977e+04 1.088515663146972656e+01
2.500856399999999849e+04 1.224747085571289062e+01
2.500864700000000084e+04 1.276587104797363281e+01
2.500872999999999956e+04 1.287026500701904297e+01
2.500881299999999828e+04 1.281057548522949219e+01
2.500889600000000064e+04 1.248947715759277344e+01
2.500897899999999936e+04 1.216799831390380859e+01
2.500906200000000172e+04 1.189744949340820312e+01
2.500914500000000044e+04 1.173442268371582031e+01
2.500922799999999916e+04 1.155603122711181641e+01
2.500931100000000151e+04 1.137847995758056641e+01
2.500939400000000023e+04 1.106760978698730469e+01
2.500947699999999895e+04 1.092016410827636719e+01
2.500956000000000131e+04 1.210758113861083984e+01
2.500964300000000003e+04 1.273620033264160156e+01
2.500972599999999875e+04 1.284914970397949219e+01
2.500980900000000111e+04 1.278952217102050781e+01
2.500989199999999983e+04 1.249225807189941406e+01
2.500997499999999854e+04 1.215344429016113281e+01
2.501005800000000090e+04 1.190099716186523438e+01
2.501014099999999962e+04 1.153897953033447266e+01
2.501022399999999834e+04 1.142179107666015625e+01
2.501030700000000070e+04 1.127487850189208984e+01
2.501038999999999942e+04 1.099226856231689453e+01
2.501047300000000178e+04 1.091310119628906250e+01
2.501055600000000049e+04 1.206719017028808594e+01
2.501063899999999921e+04 1.275014019012451172e+01
2.501072200000000157e+04 1.286004543304443359e+01
2.501080500000000029e+04 1.279754161834716797e+01
2.501088799999999901e+04 1.249926662445068359e+01
2.501097100000000137e+04 1.215589141845703125e+01
2.501105400000000009e+04 1.190556621551513672e+01
2.501113699999999881e+04 1.162350368499755859e+01
2.501122000000000116e+04 1.147360324859619141e+01
2.501130299999999988e+04 1.131411647796630859e+01
2.501138599999999860e+04 1.102106380462646484e+01
2.501146900000000096e+04 1.090919113159179688e+01
2.501155199999999968e+04 1.209556293487548828e+01
2.501163499999999840e+04 1.275144100189208984e+01
2.501171800000000076e+04 1.285605049133300781e+01
2.501180099999999948e+04 1.279628562927246094e+01
2.501188399999999820e+04 1.249862480163574219e+01
2.501196700000000055e+04 1.215682983398437500e+01
2.501204999999999927e+04 1.190322303771972656e+01
2.501213300000000163e+04 1.162840938568115234e+01
2.501221600000000035e+04 1.147783374786376953e+01
2.501229899999999907e+04 1.130968856811523438e+01
2.501238200000000143e+04 1.102416706085205078e+01
2.501246500000000015e+04 1.093167591094970703e+01
2.501254799999999886e+04 1.198991489410400391e+01
2.501263100000000122e+04 1.272416877746582031e+01
2.501271399999999994e+04 1.287078762054443359e+01
2.501279699999999866e+04 1.283048439025878906e+01
2.501288000000000102e+04 1.255430507659912109e+01
2.501296299999999974e+04 1.224678802490234375e+01
2.501304599999999846e+04 1.197975063323974609e+01
2.501312900000000081e+04 1.170786285400390625e+01
2.501321199999999953e+04 1.155046844482421875e+01
2.501329499999999825e+04 1.138053512573242188e+01
2.501337800000000061e+04 1.121237659454345703e+01
2.501346099999999933e+04 1.096798801422119141e+01
2.501354400000000169e+04 1.171616268157958984e+01
2.501362700000000041e+04 1.259513092041015625e+01
2.501370999999999913e+04 1.285950756072998047e+01
2.501379300000000148e+04 1.281879329681396484e+01
2.501387600000000020e+04 1.258309555053710938e+01
2.501395899999999892e+04 1.225878810882568359e+01
2.501404200000000128e+04 1.199280834197998047e+01
2.501412500000000000e+04 1.171763896942138672e+01
2.501420799999999872e+04 1.155728244781494141e+01
2.501429100000000108e+04 1.138116550445556641e+01
2.501437399999999980e+04 1.108980178833007812e+01
2.501445699999999852e+04 1.096573925018310547e+01
2.501454000000000087e+04 1.172300052642822266e+01
2.501462299999999959e+04 1.261215019226074219e+01
2.501470599999999831e+04 1.285948562622070312e+01
2.501478900000000067e+04 1.282045173645019531e+01
2.501487199999999939e+04 1.257448291778564453e+01
2.501495500000000175e+04 1.226451015472412109e+01
2.501503800000000047e+04 1.198883819580078125e+01
2.501512099999999919e+04 1.170805835723876953e+01
2.501520400000000154e+04 1.155638313293457031e+01
2.501528700000000026e+04 1.137965869903564453e+01
2.501536999999999898e+04 1.107617378234863281e+01
2.501545300000000134e+04 1.096065235137939453e+01
2.501553600000000006e+04 1.171955490112304688e+01
2.501561899999999878e+04 1.261487388610839844e+01
2.501570200000000114e+04 1.285268306732177734e+01
2.501578499999999985e+04 1.281589794158935547e+01
2.501586799999999857e+04 1.257829952239990234e+01
2.501595100000000093e+04 1.225954151153564453e+01
2.501603399999999965e+04 1.199423885345458984e+01
2.501611699999999837e+04 1.170476055145263672e+01
2.501620000000000073e+04 1.154968357086181641e+01
2.501628299999999945e+04 1.138017654418945312e+01
2.501636600000000180e+04 1.107506752014160156e+01
2.501644900000000052e+04 1.095983600616455078e+01
2.501653199999999924e+04 1.172092628479003906e+01
2.501661500000000160e+04 1.261445522308349609e+01
2.501669800000000032e+04 1.285252094268798828e+01
2.501678099999999904e+04 1.283880043029785156e+01
2.501686400000000140e+04 1.265203475952148438e+01
2.501694700000000012e+04 1.235120582580566406e+01
2.501702999999999884e+04 1.199326324462890625e+01
2.501711300000000119e+04 1.184590911865234375e+01
2.501719599999999991e+04 1.167740440368652344e+01
2.501727899999999863e+04 1.150292110443115234e+01
2.501736200000000099e+04 1.131429767608642578e+01
2.501744499999999971e+04 1.102402400970458984e+01
2.501752799999999843e+04 1.152894783020019531e+01
2.501761100000000079e+04 1.245462226867675781e+01
2.501769399999999951e+04 1.283088207244873047e+01
2.501777699999999822e+04 1.284796428680419922e+01
2.501786000000000058e+04 1.267663955688476562e+01
2.501794299999999930e+04 1.236182308197021484e+01
2.501802600000000166e+04 1.199643039703369141e+01
2.501810900000000038e+04 1.184521579742431641e+01
2.501819199999999910e+04 1.166915512084960938e+01
2.501827500000000146e+04 1.148935890197753906e+01
2.501835800000000017e+04 1.130624675750732422e+01
2.501844099999999889e+04 1.104205703735351562e+01
2.501852400000000125e+04 1.143941497802734375e+01
2.501860699999999997e+04 1.245458221435546875e+01
2.501868999999999869e+04 1.279977416992187500e+01
2.501877300000000105e+04 1.283355903625488281e+01
2.501885599999999977e+04 1.267503356933593750e+01
2.501893899999999849e+04 1.235685348510742188e+01
2.501902200000000084e+04 1.200533962249755859e+01
2.501910499999999956e+04 1.186086559295654297e+01
2.501918799999999828e+04 1.167453670501708984e+01
2.501927100000000064e+04 1.148340797424316406e+01
2.501935399999999936e+04 1.116486358642578125e+01
2.501943700000000172e+04 1.097824478149414062e+01
2.501952000000000044e+04 1.142170906066894531e+01
2.501960299999999916e+04 1.243063163757324219e+01
2.501968600000000151e+04 1.280412864685058594e+01
2.501976900000000023e+04 1.283227539062500000e+01
2.501985199999999895e+04 1.267100048065185547e+01
2.501993500000000131e+04 1.236510562896728516e+01
