2.500009800000000178e+04 5.806784611195325851e-03
2.500018100000000049e+04 5.855305120348930359e-03
2.500026399999999921e+04 5.832222755998373032e-03
2.500034700000000157e+04 5.805574357509613037e-03
2.500043000000000029e+04 5.775330588221549988e-03
2.500051299999999901e+04 5.741722416132688522e-03
2.500059600000000137e+04 5.776481237262487411e-03
2.500067900000000009e+04 5.904877558350563049e-03
2.500076199999999881e+04 5.937914829701185226e-03
2.500084500000000116e+04 5.910027306526899338e-03
2.500092799999999988e+04 5.887818057090044022e-03
2.500101099999999860e+04 5.862534977495670319e-03
2.500109400000000096e+04 5.834155716001987457e-03
2.500117699999999968e+04 5.802716128528118134e-03
2.500125999999999840e+04 5.768318660557270050e-03
2.500134300000000076e+04 5.731134675443172455e-03
2.500142599999999948e+04 5.691412836313247681e-03
2.500150899999999820e+04 5.650561768561601639e-03
2.500159200000000055e+04 5.664852447807788849e-03
2.500167499999999927e+04 5.862262099981307983e-03
2.500175800000000163e+04 5.901350639760494232e-03
2.500184100000000035e+04 5.873180460184812546e-03
2.500192399999999907e+04 5.841416772454977036e-03
2.500200700000000143e+04 5.807570647448301315e-03
2.500209000000000015e+04 5.772160366177558899e-03
2.500217299999999886e+04 5.738766863942146301e-03
2.500225600000000122e+04 5.751643795520067215e-03
2.500233899999999994e+04 5.764538422226905823e-03
2.500242199999999866e+04 5.777763668447732925e-03
2.500250500000000102e+04 5.791333504021167755e-03
2.500258799999999974e+04 5.804972257465124130e-03
2.500267099999999846e+04 5.835915915668010712e-03
2.500275400000000081e+04 5.888204555958509445e-03
2.500283699999999953e+04 5.856970325112342834e-03
2.500291999999999825e+04 5.861568264663219452e-03
2.500300300000000061e+04 5.874748341739177704e-03
2.500308599999999933e+04 5.887919571250677109e-03
2.500316900000000169e+04 5.901078693568706512e-03
2.500325200000000041e+04 5.914657376706600189e-03
2.500333499999999913e+04 5.928383674472570419e-03
2.500341800000000148e+04 5.942108575254678726e-03
2.500350100000000020e+04 5.955831147730350494e-03
2.500358399999999892e+04 5.969589576125144958e-03
2.500366700000000128e+04 5.984738003462553024e-03
2.500375000000000000e+04 5.999164655804634094e-03
2.500383299999999872e+04 6.012381520122289658e-03
2.500391600000000108e+04 6.025578361004590988e-03
2.500399899999999980e+04 6.038744468241930008e-03
2.500408199999999852e+04 6.051908712834119797e-03
2.500416500000000087e+04 6.065542809665203094e-03
2.500424799999999959e+04 6.079157348722219467e-03
2.500433099999999831e+04 6.092751864343881607e-03
2.500441400000000067e+04 6.106322631239891052e-03
2.500449699999999939e+04 6.119869183748960495e-03
2.500458000000000175e+04 6.133432034403085709e-03
2.500466300000000047e+04 6.148194894194602966e-03
2.500474599999999919e+04 6.162748206406831741e-03
2.500482900000000154e+04 6.175955757498741150e-03
2.500491200000000026e+04 6.188947241753339767e-03
2.500499499999999898e+04 6.201888900250196457e-03
2.500507800000000134e+04 6.214785855263471603e-03
2.500516100000000006e+04 6.227637175470590591e-03
2.500524399999999878e+04 6.240822374820709229e-03
2.500532700000000114e+04 6.254069507122039795e-03
2.500540999999999985e+04 6.267280783504247665e-03
2.500549299999999857e+04 6.280454341322183609e-03
2.500557600000000093e+04 6.293623242527246475e-03
2.500565899999999965e+04 6.308122072368860245e-03
2.500574199999999837e+04 6.322315894067287445e-03
2.500582500000000073e+04 6.335098762065172195e-03
2.500590799999999945e+04 6.347703281790018082e-03
2.500599100000000180e+04 6.360250059515237808e-03
2.500607400000000052e+04 6.372744683176279068e-03
2.500615699999999924e+04 6.385185755789279938e-03
2.500624000000000160e+04 6.397573743015527725e-03
2.500632300000000032e+04 6.410297006368637085e-03
2.500640599999999904e+04 6.423026788979768753e-03
2.500648900000000140e+04 6.435712333768606186e-03
2.500657200000000012e+04 6.448385305702686310e-03
2.500665499999999884e+04 6.463054567575454712e-03
2.500673800000000119e+04 6.483205128461122513e-03
2.500682099999999991e+04 6.489377003163099289e-03
2.500690399999999863e+04 6.501512136310338974e-03
2.500698700000000099e+04 6.513586733490228653e-03
2.500706999999999971e+04 6.525605451315641403e-03
2.500715299999999843e+04 6.537566427141427994e-03
2.500723600000000079e+04 6.549470592290163040e-03
2.500731899999999951e+04 6.561317481100559235e-03
2.500740199999999822e+04 6.573107559233903885e-03
2.500748500000000058e+04 6.585178896784782410e-03
2.500756799999999930e+04 6.597300525754690170e-03
2.500765100000000166e+04 6.624931003898382187e-03
2.500773400000000038e+04 6.632484961301088333e-03
2.500781699999999910e+04 6.640577688813209534e-03
2.500790000000000146e+04 6.652209907770156860e-03
2.500798300000000017e+04 6.663781125098466873e-03
2.500806599999999889e+04 6.675253156572580338e-03
2.500814900000000125e+04 6.686717737466096878e-03
2.500823199999999997e+04 6.698123645037412643e-03
2.500831499999999869e+04 6.709472276270389557e-03
2.500839800000000105e+04 6.720761302858591080e-03
2.500848099999999977e+04 6.731998641043901443e-03
2.500856399999999849e+04 6.743835750967264175e-03
2.500864700000000084e+04 6.771353073418140411e-03
2.500872999999999956e+04 6.778770126402378082e-03
2.500881299999999828e+04 6.793713197112083435e-03
2.500889600000000064e+04 6.797433830797672272e-03
2.500897899999999936e+04 6.808522157371044159e-03
2.500906200000000172e+04 6.819555070251226425e-03
2.500914500000000044e+04 6.830531638115644455e-03
2.500922799999999916e+04 6.841451395303010941e-03
2.500931100000000151e+04 6.852314341813325882e-03
2.500939400000000023e+04 6.863119080662727356e-03
2.500947699999999895e+04 6.873869337141513824e-03
2.500956000000000131e+04 6.884970236569643021e-03
2.500964300000000003e+04 6.899488624185323715e-03
2.500972599999999875e+04 6.917114835232496262e-03
2.500980900000000111e+04 6.927008274942636490e-03
2.500989199999999983e+04 6.931802257895469666e-03
2.500997499999999854e+04 6.942370906472206116e-03
2.501005800000000090e+04 6.952796131372451782e-03
2.501014099999999962e+04 6.951025221496820450e-03
2.501022399999999834e+04 6.961438339203596115e-03
2.501030700000000070e+04 6.971797905862331390e-03
2.501038999999999942e+04 6.982102058827877045e-03
2.501047300000000178e+04 6.992354057729244232e-03
2.501055600000000049e+04 7.002888247370719910e-03
2.501063899999999921e+04 7.029945496469736099e-03
2.501072200000000157e+04 7.596480660140514374e-03
2.501080500000000029e+04 7.465516682714223862e-03
2.501088799999999901e+04 7.099670823663473129e-03
2.501097100000000137e+04 7.084447890520095825e-03
2.501105400000000009e+04 7.070856634527444839e-03
2.501113699999999881e+04 7.080774288624525070e-03
2.501122000000000116e+04 7.090675178915262222e-03
2.501130299999999988e+04 7.100525777786970139e-03
2.501138599999999860e+04 7.110324222594499588e-03
2.501146900000000096e+04 7.120072841644287109e-03
2.501155199999999968e+04 7.130078971385955811e-03
2.501163499999999840e+04 7.189183030277490616e-03
2.501171800000000076e+04 7.846743799746036530e-03
2.501180099999999948e+04 7.714381441473960876e-03
2.501188399999999820e+04 7.316000293940305710e-03
2.501196700000000055e+04 7.303793448954820633e-03
2.501204999999999927e+04 7.290995214134454727e-03
2.501213300000000163e+04 7.277627475559711456e-03
2.501221600000000035e+04 7.263713516294956207e-03
2.501229899999999907e+04 7.249280810356140137e-03
2.501238200000000143e+04 7.234357297420501709e-03
2.501246500000000015e+04 7.241452578455209732e-03
2.501254799999999886e+04 7.250978145748376846e-03
2.501263100000000122e+04 7.550751790404319763e-03
2.501271399999999994e+04 8.019640110433101654e-03
2.501279699999999866e+04 8.203599601984024048e-03
2.501288000000000102e+04 7.540663238614797592e-03
2.501296299999999974e+04 7.532137446105480194e-03
2.501304599999999846e+04 7.523016538470983505e-03
2.501312900000000081e+04 7.513308431953191757e-03
2.501321199999999953e+04 7.503020111471414566e-03
2.501329499999999825e+04 7.492162287235260010e-03
2.501337800000000061e+04 7.480747066438198090e-03
2.501346099999999933e+04 7.468981202691793442e-03
2.501354400000000169e+04 7.477683480829000473e-03
2.501362700000000041e+04 7.584095466881990433e-03
2.501370999999999913e+04 8.520843461155891418e-03
2.501379300000000148e+04 8.139836601912975311e-03
2.501387600000000020e+04 7.732769940048456192e-03
2.501395899999999892e+04 7.727429736405611038e-03
2.501404200000000128e+04 7.721549831330776215e-03
2.501412500000000000e+04 7.715126965194940567e-03
2.501420799999999872e+04 7.708159741014242172e-03
2.501429100000000108e+04 7.700648624449968338e-03
2.501437399999999980e+04 7.692594081163406372e-03
2.501445699999999852e+04 7.684163283556699753e-03
2.501454000000000087e+04 7.693092338740825653e-03
2.501462299999999959e+04 7.783710956573486328e-03
2.501470599999999831e+04 8.742907084524631500e-03
2.501478900000000067e+04 8.332600817084312439e-03
2.501487199999999939e+04 7.908711209893226624e-03
2.501495500000000175e+04 7.906270213425159454e-03
2.501503800000000047e+04 7.903371937572956085e-03
2.501512099999999919e+04 7.900008931756019592e-03
2.501520400000000154e+04 7.896175608038902283e-03
2.501528700000000026e+04 7.891866378486156464e-03
2.501536999999999898e+04 7.887075655162334442e-03
2.501545300000000134e+04 7.881931029260158539e-03
2.501553600000000006e+04 7.890820503234863281e-03
2.501561899999999878e+04 7.965059019625186920e-03
2.501570200000000114e+04 4.626937806606292725e-01
2.501578499999999985e+04 3.264071047306060791e-02
2.501586799999999857e+04 8.037803694605827332e-03
2.501595100000000093e+04 8.036692626774311066e-03
2.501603399999999965e+04 8.035185746848583221e-03
2.501611699999999837e+04 8.033275604248046875e-03
2.501620000000000073e+04 8.030953817069530487e-03
2.501628299999999945e+04 8.028213866055011749e-03
2.501636600000000180e+04 8.025050163269042969e-03
2.501644900000000052e+04 8.021571673452854156e-03
2.501653199999999924e+04 8.030320517718791962e-03
2.501661500000000160e+04 8.116495795547962189e-03
2.501669800000000032e+04 3.094176650047302246e-01
2.501678099999999904e+04 6.955426931381225586e-02
2.501686400000000140e+04 8.134577423334121704e-03
2.501694700000000012e+04 8.133362047374248505e-03
2.501702999999999884e+04 8.131772279739379883e-03
2.501711300000000119e+04 8.129800669848918915e-03
2.501719599999999991e+04 8.127440698444843292e-03
2.501727899999999863e+04 8.124684914946556091e-03
2.501736200000000099e+04 8.121528662741184235e-03
2.501744499999999971e+04 8.118080906569957733e-03
2.501752799999999843e+04 8.120653219521045685e-03
2.501761100000000079e+04 8.167351596057415009e-03
2.501769399999999951e+04 6.786144375801086426e-01
2.501777699999999822e+04 2.996635250747203827e-02
2.501786000000000058e+04 8.221873082220554352e-03
2.501794299999999930e+04 8.220211602747440338e-03
2.501802600000000166e+04 8.218192495405673981e-03
2.501810900000000038e+04 8.215810172259807587e-03
2.501819199999999910e+04 8.213197812438011169e-03
2.501827500000000146e+04 8.210404776036739349e-03
2.501835800000000017e+04 8.207231760025024414e-03
2.501844099999999889e+04 8.203728124499320984e-03
2.501852400000000125e+04 8.206275291740894318e-03
2.501860699999999997e+04 8.252579718828201294e-03
2.501868999999999869e+04 6.684289574623107910e-01
2.501877300000000105e+04 3.067619353532791138e-02
2.501885599999999977e+04 8.305534720420837402e-03
2.501893899999999849e+04 8.303795941174030304e-03
2.501902200000000084e+04 8.301715366542339325e-03
2.501910499999999956e+04 8.299286477267742157e-03
2.501918799999999828e+04 8.296502754092216492e-03
2.501927100000000064e+04 8.293359540402889252e-03
2.501935399999999936e+04 8.289851248264312744e-03
2.501943700000000172e+04 8.286030963063240051e-03
2.501952000000000044e+04 8.288393728435039520e-03
2.501960299999999916e+04 8.335364051163196564e-03
2.501968600000000151e+04 5.998868942260742188e-01
2.501976900000000023e+04 3.459207713603973389e-02
2.501985199999999895e+04 8.385407738387584686e-03
2.501993500000000131e+04 8.383597247302532196e-03
