2.500009800000000178e+04 0.000000000000000000e+00
2.500018100000000049e+04 0.000000000000000000e+00
2.500026399999999921e+04 0.000000000000000000e+00
2.500034700000000157e+04 4.111811161041259766e+00
2.500043000000000029e+04 6.135685729980468750e+01
2.500051299999999901e+04 1.030277832031250000e+03
2.500059600000000137e+04 2.110668945312500000e+03
2.500067900000000009e+04 1.572041625976562500e+03
2.500076199999999881e+04 7.837496948242187500e+01
2.500084500000000116e+04 0.000000000000000000e+00
2.500092799999999988e+04 0.000000000000000000e+00
2.500101099999999860e+04 0.000000000000000000e+00
2.500109400000000096e+04 0.000000000000000000e+00
2.500117699999999968e+04 0.000000000000000000e+00
2.500125999999999840e+04 0.000000000000000000e+00
2.500134300000000076e+04 0.000000000000000000e+00
2.500142599999999948e+04 5.732760238647460938e+01
2.500150899999999820e+04 8.255322875976562500e+02
2.500159200000000055e+04 2.037254150390625000e+03
2.500167499999999927e+04 1.550761840820312500e+03
2.500175800000000163e+04 8.024179077148437500e+01
2.500184100000000035e+04 0.000000000000000000e+00
2.500192399999999907e+04 0.000000000000000000e+00
2.500200700000000143e+04 0.000000000000000000e+00
2.500209000000000015e+04 0.000000000000000000e+00
2.500217299999999886e+04 0.000000000000000000e+00
2.500225600000000122e+04 0.000000000000000000e+00
2.500233899999999994e+04 0.000000000000000000e+00
2.500242199999999866e+04 5.777209854125976562e+01
2.500250500000000102e+04 8.309617919921875000e+02
2.500258799999999974e+04 2.043313110351562500e+03
2.500267099999999846e+04 1.553994140625000000e+03
2.500275400000000081e+04 8.169598388671875000e+01
2.500283699999999953e+04 0.000000000000000000e+00
2.500291999999999825e+04 0.000000000000000000e+00
2.500300300000000061e+04 0.000000000000000000e+00
2.500308599999999933e+04 0.000000000000000000e+00
2.500316900000000169e+04 0.000000000000000000e+00
2.500325200000000041e+04 0.000000000000000000e+00
2.500333499999999913e+04 0.000000000000000000e+00
2.500341800000000148e+04 6.306098175048828125e+01
2.500350100000000020e+04 8.361732177734375000e+02
2.500358399999999892e+04 2.046676147460937500e+03
2.500366700000000128e+04 1.556918579101562500e+03
2.500375000000000000e+04 8.284697723388671875e+01
2.500383299999999872e+04 0.000000000000000000e+00
2.500391600000000108e+04 0.000000000000000000e+00
2.500399899999999980e+04 0.000000000000000000e+00
2.500408199999999852e+04 0.000000000000000000e+00
2.500416500000000087e+04 0.000000000000000000e+00
2.500424799999999959e+04 0.000000000000000000e+00
2.500433099999999831e+04 0.000000000000000000e+00
2.500441400000000067e+04 6.340741348266601562e+01
2.500449699999999939e+04 8.382009277343750000e+02
2.500458000000000175e+04 2.051610351562500000e+03
2.500466300000000047e+04 1.827462646484375000e+03
2.500474599999999919e+04 4.055248107910156250e+02
2.500482900000000154e+04 1.281390380859375000e+01
2.500491200000000026e+04 0.000000000000000000e+00
2.500499499999999898e+04 0.000000000000000000e+00
2.500507800000000134e+04 0.000000000000000000e+00
2.500516100000000006e+04 0.000000000000000000e+00
2.500524399999999878e+04 0.000000000000000000e+00
2.500532700000000114e+04 0.000000000000000000e+00
2.500540999999999985e+04 5.045407867431640625e+01
2.500549299999999857e+04 6.855251464843750000e+02
2.500557600000000093e+04 1.781895019531250000e+03
2.500565899999999965e+04 1.815382934570312500e+03
2.500574199999999837e+04 4.010960693359375000e+02
2.500582500000000073e+04 1.317690372467041016e+01
2.500590799999999945e+04 0.000000000000000000e+00
2.500599100000000180e+04 0.000000000000000000e+00
2.500607400000000052e+04 0.000000000000000000e+00
2.500615699999999924e+04 0.000000000000000000e+00
2.500624000000000160e+04 0.000000000000000000e+00
2.500632300000000032e+04 0.000000000000000000e+00
2.500640599999999904e+04 5.068978881835937500e+01
2.500648900000000140e+04 6.888845825195312500e+02
2.500657200000000012e+04 1.784155395507812500e+03
2.500665499999999884e+04 1.817253662109375000e+03
2.500673800000000119e+04 4.017433166503906250e+02
2.500682099999999991e+04 1.350469684600830078e+01
2.500690399999999863e+04 0.000000000000000000e+00
2.500698700000000099e+04 0.000000000000000000e+00
2.500706999999999971e+04 0.000000000000000000e+00
2.500715299999999843e+04 0.000000000000000000e+00
2.500723600000000079e+04 0.000000000000000000e+00
2.500731899999999951e+04 0.000000000000000000e+00
2.500740199999999822e+04 5.364701080322265625e+01
2.500748500000000058e+04 6.897673339843750000e+02
2.500756799999999930e+04 1.786359375000000000e+03
2.500765100000000166e+04 1.818849487304687500e+03
2.500773400000000038e+04 4.026148376464843750e+02
2.500781699999999910e+04 1.378643131256103516e+01
2.500790000000000146e+04 0.000000000000000000e+00
2.500798300000000017e+04 0.000000000000000000e+00
2.500806599999999889e+04 0.000000000000000000e+00
2.500814900000000125e+04 0.000000000000000000e+00
2.500823199999999997e+04 0.000000000000000000e+00
2.500831499999999869e+04 0.000000000000000000e+00
2.500839800000000105e+04 5.385115051269531250e+01
2.500848099999999977e+04 6.910346069335937500e+02
2.500856399999999849e+04 1.790430541992187500e+03
2.500864700000000084e+04 2.104243652343750000e+03
2.500872999999999956e+04 7.408694458007812500e+02
2.500881299999999828e+04 3.203057479858398438e+01
2.500889600000000064e+04 0.000000000000000000e+00
2.500897899999999936e+04 0.000000000000000000e+00
2.500906200000000172e+04 0.000000000000000000e+00
2.500914500000000044e+04 0.000000000000000000e+00
2.500922799999999916e+04 0.000000000000000000e+00
2.500931100000000151e+04 0.000000000000000000e+00
2.500939400000000023e+04 3.794834899902343750e+01
2.500947699999999895e+04 5.353476562500000000e+02
2.500956000000000131e+04 1.475178588867187500e+03
2.500964300000000003e+04 1.949474365234375000e+03
2.500972599999999875e+04 7.037202758789062500e+02
2.500980900000000111e+04 3.230337905883789062e+01
2.500989199999999983e+04 0.000000000000000000e+00
2.500997499999999854e+04 0.000000000000000000e+00
2.501005800000000090e+04 0.000000000000000000e+00
2.501014099999999962e+04 0.000000000000000000e+00
2.501022399999999834e+04 0.000000000000000000e+00
2.501030700000000070e+04 0.000000000000000000e+00
2.501038999999999942e+04 3.807508850097656250e+01
2.501047300000000178e+04 5.377155151367187500e+02
2.501055600000000049e+04 1.476050659179687500e+03
2.501063899999999921e+04 1.951174682617187500e+03
2.501072200000000157e+04 7.048234863281250000e+02
2.501080500000000029e+04 3.255286407470703125e+01
2.501088799999999901e+04 0.000000000000000000e+00
2.501097100000000137e+04 0.000000000000000000e+00
2.501105400000000009e+04 0.000000000000000000e+00
2.501113699999999881e+04 0.000000000000000000e+00
2.501122000000000116e+04 0.000000000000000000e+00
2.501130299999999988e+04 0.000000000000000000e+00
2.501138599999999860e+04 3.818916320800781250e+01
2.501146900000000096e+04 5.382695312500000000e+02
2.501155199999999968e+04 1.477392578125000000e+03
2.501163499999999840e+04 1.952992187500000000e+03
2.501171800000000076e+04 7.059715576171875000e+02
2.501180099999999948e+04 3.277474212646484375e+01
2.501188399999999820e+04 0.000000000000000000e+00
2.501196700000000055e+04 0.000000000000000000e+00
2.501204999999999927e+04 0.000000000000000000e+00
2.501213300000000163e+04 0.000000000000000000e+00
2.501221600000000035e+04 0.000000000000000000e+00
2.501229899999999907e+04 0.000000000000000000e+00
2.501238200000000143e+04 3.874463272094726562e+01
2.501246500000000015e+04 5.387946166992187500e+02
2.501254799999999886e+04 1.479794311523437500e+03
2.501263100000000122e+04 1.956465087890625000e+03
2.501271399999999994e+04 1.037637329101562500e+03
2.501279699999999866e+04 5.087554550170898438e+01
2.501288000000000102e+04 0.000000000000000000e+00
2.501296299999999974e+04 0.000000000000000000e+00
2.501304599999999846e+04 0.000000000000000000e+00
2.501312900000000081e+04 0.000000000000000000e+00
2.501321199999999953e+04 0.000000000000000000e+00
2.501329499999999825e+04 0.000000000000000000e+00
2.501337800000000061e+04 2.316976928710937500e+01
2.501346099999999933e+04 3.821834716796875000e+02
2.501354400000000169e+04 1.254876708984375000e+03
2.501362700000000041e+04 1.982836669921875000e+03
2.501370999999999913e+04 1.014778503417968750e+03
2.501379300000000148e+04 5.097247314453125000e+01
2.501387600000000020e+04 0.000000000000000000e+00
2.501395899999999892e+04 0.000000000000000000e+00
2.501404200000000128e+04 0.000000000000000000e+00
2.501412500000000000e+04 0.000000000000000000e+00
2.501420799999999872e+04 0.000000000000000000e+00
2.501429100000000108e+04 0.000000000000000000e+00
2.501437399999999980e+04 2.323266983032226562e+01
2.501445699999999852e+04 3.840202941894531250e+02
2.501454000000000087e+04 1.255721191406250000e+03
2.501462299999999959e+04 1.994602783203125000e+03
2.501470599999999831e+04 1.015646362304687500e+03
2.501478900000000067e+04 5.127093887329101562e+01
2.501487199999999939e+04 0.000000000000000000e+00
2.501495500000000175e+04 0.000000000000000000e+00
2.501503800000000047e+04 0.000000000000000000e+00
2.501512099999999919e+04 0.000000000000000000e+00
2.501520400000000154e+04 0.000000000000000000e+00
2.501528700000000026e+04 0.000000000000000000e+00
2.501536999999999898e+04 2.333835983276367188e+01
2.501545300000000134e+04 3.828689880371093750e+02
2.501553600000000006e+04 1.256536132812500000e+03
2.501561899999999878e+04 1.996840942382812500e+03
2.501570200000000114e+04 1.016502380371093750e+03
2.501578499999999985e+04 5.133620071411132812e+01
2.501586799999999857e+04 0.000000000000000000e+00
2.501595100000000093e+04 0.000000000000000000e+00
2.501603399999999965e+04 0.000000000000000000e+00
2.501611699999999837e+04 0.000000000000000000e+00
2.501620000000000073e+04 0.000000000000000000e+00
2.501628299999999945e+04 0.000000000000000000e+00
2.501636600000000180e+04 2.529136848449707031e+01
2.501644900000000052e+04 3.847340698242187500e+02
2.501653199999999924e+04 1.257339111328125000e+03
2.501661500000000160e+04 2.001661743164062500e+03
2.501669800000000032e+04 1.342864990234375000e+03
2.501678099999999904e+04 6.989563751220703125e+01
2.501686400000000140e+04 0.000000000000000000e+00
2.501694700000000012e+04 0.000000000000000000e+00
2.501702999999999884e+04 0.000000000000000000e+00
2.501711300000000119e+04 0.000000000000000000e+00
2.501719599999999991e+04 0.000000000000000000e+00
2.501727899999999863e+04 0.000000000000000000e+00
2.501736200000000099e+04 2.534936904907226562e+01
2.501744499999999971e+04 2.281352996826171875e+02
2.501752799999999843e+04 1.059695800781250000e+03
2.501761100000000079e+04 2.034742431640625000e+03
2.501769399999999951e+04 1.308553466796875000e+03
2.501777699999999822e+04 6.969236755371093750e+01
2.501786000000000058e+04 0.000000000000000000e+00
2.501794299999999930e+04 0.000000000000000000e+00
2.501802600000000166e+04 0.000000000000000000e+00
2.501810900000000038e+04 0.000000000000000000e+00
2.501819199999999910e+04 0.000000000000000000e+00
2.501827500000000146e+04 0.000000000000000000e+00
2.501835800000000017e+04 7.907101631164550781e+00
2.501844099999999889e+04 2.283547515869140625e+02
2.501852400000000125e+04 1.060394042968750000e+03
2.501860699999999997e+04 2.030860595703125000e+03
2.501868999999999869e+04 1.309550659179687500e+03
2.501877300000000105e+04 6.986566925048828125e+01
2.501885599999999977e+04 0.000000000000000000e+00
2.501893899999999849e+04 0.000000000000000000e+00
2.501902200000000084e+04 0.000000000000000000e+00
2.501910499999999956e+04 0.000000000000000000e+00
2.501918799999999828e+04 0.000000000000000000e+00
2.501927100000000064e+04 0.000000000000000000e+00
2.501935399999999936e+04 7.925124168395996094e+00
2.501943700000000172e+04 2.285657196044921875e+02
2.501952000000000044e+04 1.061085327148437500e+03
2.501960299999999916e+04 2.032559204101562500e+03
2.501968600000000151e+04 1.310761596679687500e+03
2.501976900000000023e+04 7.002726745605468750e+01
2.501985199999999895e+04 0.000000000000000000e+00
2.501993500000000131e+04 0.000000000000000000e+00
